1550.02	3714.83
1550.39	3800.2
1550.76	3829.44
1551.13	3839.99
1551.5	3922.94
1551.87	3960.23
1552.23	4018.11
1552.6	4031.23
1552.97	4135.75
1553.34	4160.82
1553.71	4200.47
1554.07	4213.35
1554.44	4267.07
1554.81	4332.66
1555.18	4355.4
1555.54	4408.1
1555.91	4443.58
1556.28	4461.85
1556.64	4466.64
1557.01	4522.78
1557.38	4539.64
1557.74	4572.4
1558.11	4591.61
1558.48	4590.21
1558.84	4675.53
1559.21	4645.34
1559.58	4717.8
1559.94	4716.08
1560.31	4732.2
1560.67	4729.18
1561.04	4795.07
1561.4	4785.28
1561.77	4781.52
1562.14	4817.79
1562.5	4837.78
1562.87	4858.34
1563.23	4828.22
1563.6	4893.43
1563.96	4856.5
1564.33	4880.31
1564.69	4890.43
1565.05	4852.55
1565.42	4870.9
1565.78	4865
1566.15	4860.65
1566.51	4848.54
1566.87	4883.28
1567.24	4849.47
1567.6	4859.14
1567.97	4850.14
1568.33	4834.9
1568.69	4863.5
1569.06	4849.43
1569.42	4835.27
1569.78	4876.94
1570.14	4830.5
1570.51	4833.22
1570.87	4887.97
1571.23	4860.71
1571.6	4848.63
1571.96	4835.82
1572.32	4865.39
1572.68	4896.09
1573.04	4828.92
1573.41	4847.67
1573.77	4892.22
1574.13	4862.17
1574.49	4864.36
1574.85	4874.25
1575.21	4847.71
1575.58	4891.7
1575.94	4877.69
1576.3	4848.51
1576.66	4899.08
1577.02	4905.4
1577.38	4867.86
1577.74	4863.2
1578.1	4885.23
1578.46	4887.17
1578.82	4875.95
1579.18	4854.41
1579.54	4889.87
1579.9	4912.64
1580.26	4880.99
1580.62	4838.19
1580.98	4866.38
1581.34	4877.35
1581.7	4860.9
1582.06	4865.25
1582.42	4896.86
1582.78	4908.36
1583.14	4862.25
1583.5	4859.23
1583.85	4865.47
1584.21	4911.74
1584.57	4896.23
1584.93	4886.98
1585.29	4848.06
1585.65	4885.26
1586.01	4842.27
1586.36	4891.44
1586.72	4884.38
1587.08	4880.96
1587.44	4890.22
1587.79	4866.18
1588.15	4906.85
1588.51	4913.84
1588.87	4883.15
1589.22	4886.97
1589.58	4899.85
1589.94	4857.74
1590.29	4878.64
1590.65	4881.75
1591.01	4851.46
1591.36	4922.85
1591.72	4874.06
1592.08	4887.17
1592.43	4848.38
1592.79	4901.16
1593.14	4888.59
1593.5	4881.42
1593.86	4876.59
1594.21	4853.26
1594.57	4839.23
1594.92	4817.02
1595.28	4883.71
1595.63	4915.22
1595.99	4904.82
1596.34	4870.12
1596.7	4876.5
1597.05	4867.04
1597.41	4858.32
1597.76	4821.58
1598.12	4831.47
1598.47	4839.27
1598.82	4829.94
1599.18	4782.01
1599.53	4817.37
1599.89	4894.36
1600.24	4822.92
1600.59	4866.21
1600.95	4876.64
1601.3	4867.74
1601.65	4848.08
1602.01	4861.51
1602.36	4877.21
1602.71	4865.02
1603.07	4849.46
1603.42	4859.96
1603.77	4850.45
1604.12	4889.89
1604.48	4870.02
1604.83	4881.05
1605.18	4886.08
1605.53	4934.82
1605.88	4927.53
1606.24	4881.1
1606.59	4898.8
1606.94	4926.88
1607.29	4911.21
1607.64	4959.32
1607.99	4975.82
1608.34	4997.53
1608.7	5010.79
1609.05	4983.88
1609.4	5037.92
1609.75	5042.03
1610.1	5030.05
1610.45	5051.96
1610.8	5053.44
1611.15	5026.05
1611.5	5061
1611.85	5048.21
1612.2	5020.25
1612.55	5074.19
1612.9	5006.53
1613.25	4990.4
1613.6	5054.28
1613.95	4985.92
1614.3	4943.26
1614.65	4949.9
1615	4879.23
1615.34	4920.53
1615.69	4920.24
1616.04	4879.53
1616.39	4883.27
1616.74	4940.36
1617.09	4875.32
1617.44	4868.78
1617.78	4867.04
1618.13	4851.41
1618.48	4854.9
1618.83	4856.83
1619.18	4851.24
1619.52	4827.05
1619.87	4813.18
1620.22	4775.68
1620.57	4826
1620.91	4819.47
1621.26	4760.59
1621.61	4810.31
1621.95	4786.8
1622.3	4775
1622.65	4807.94
1622.99	4735.99
1623.34	4803.55
1623.69	4788.53
1624.03	4819.21
1624.38	4732.08
1624.72	4777.36
1625.07	4774.62
1625.42	4773.47
1625.76	4836.02
1626.11	4780.1
1626.45	4759.14
1626.8	4808.2
1627.14	4739.02
1627.49	4786.17
1627.83	4776.82
1628.18	4768.12
1628.52	4790.81
1628.87	4782.01
1629.21	4740.36
1629.56	4743.32
1629.9	4797.38
1630.25	4766.66
1630.59	4746.81
1630.93	4733.9
1631.28	4773.13
1631.62	4807.59
1631.96	4781.1
1632.31	4819.31
1632.65	4798.75
1632.99	4779.4
1633.34	4857.58
1633.68	4842.63
1634.02	4860.51
1634.37	4857.43
1634.71	4824.36
1635.05	4844
1635.39	4833.75
1635.74	4852.37
1636.08	4846.15
1636.42	4877.09
1636.76	4876.16
1637.11	4890.35
1637.45	4933.26
1637.79	4884.88
1638.13	4916.87
1638.47	4908.78
1638.81	4976.98
1639.15	4959.96
1639.5	4956.33
1639.84	4971
1640.18	4990.18
1640.52	5001.67
1640.86	4910.95
1641.2	4943.16
1641.54	4918.31
1641.88	4937.35
1642.22	4917.48
1642.56	4883.45
1642.9	4879.36
1643.24	4857.91
1643.58	4790.37
1643.92	4856.89
1644.26	4805.19
1644.6	4840.03
1644.94	4795.57
1645.28	4789.13
1645.62	4762.93
1645.96	4722.96
1646.3	4771.08
1646.64	4743.96
1646.97	4730.91
1647.31	4780.58
1647.65	4752.6
1647.99	4751.52
1648.33	4722.89
1648.67	4734.74
1649	4715.3
1649.34	4738.05
1649.68	4733.22
1650.02	4744.21
1650.36	4690.81
1650.69	4673.82
1651.03	4664.17
1651.37	4681.76
1651.7	4703.1
1652.04	4687.11
1652.38	4662.46
1652.72	4705.62
1653.05	4658.81
1653.39	4711.29
1653.73	4706.75
1654.06	4617.49
1654.4	4635.34
1654.73	4659.98
1655.07	4656.76
1655.41	4634.81
1655.74	4654.96
1656.08	4641.57
1656.41	4648.1
1656.75	4622.64
1657.08	4677.77
1657.42	4625.57
1657.75	4630.11
1658.09	4637.06
1658.42	4675.57
1658.76	4645.08
1659.09	4636.6
1659.43	4657.81
1659.76	4616.81
1660.1	4632.91
1660.43	4649.12
1660.77	4655.25
1661.1	4672.82
1661.43	4638.62
1661.77	4678.23
1662.1	4616.11
1662.44	4617.12
1662.77	4631.61
1663.1	4643.98
1663.43	4605.41
1663.77	4666.95
1664.1	4670.34
1664.43	4638.18
1664.77	4654.67
1665.1	4618.98
1665.43	4656
1665.76	4659.98
1666.1	4653.56
1666.43	4616.02
1666.76	4702.98
1667.09	4642.22
1667.43	4638.84
1667.76	4619.54
1668.09	4647.98
1668.42	4630.09
1668.75	4679.22
1669.08	4632.21
1669.41	4675.9
1669.75	4623.35
1670.08	4646.59
1670.41	4625.89
1670.74	4659.85
1671.07	4570.91
1671.4	4636.9
1671.73	4679.89
1672.06	4633.43
1672.39	4653.95
1672.72	4643.73
1673.05	4651.77
1673.38	4661.94
1673.71	4615.52
1674.04	4614.22
1674.37	4637.99
1674.7	4681.59
1675.03	4641.03
1675.36	4617.23
1675.69	4644.78
1676.02	4621.28
1676.34	4633.82
1676.67	4661.02
1677	4584.22
1677.33	4601.61
1677.66	4623.08
1677.99	4606.39
1678.32	4611.03
1678.64	4574.57
1678.97	4607.79
1679.3	4628.92
1679.63	4601.98
1679.96	4586.9
1680.28	4628.49
1680.61	4613.64
1680.94	4587.63
1681.26	4607.57
1681.59	4624.44
1681.92	4654.75
1682.25	4607.24
1682.57	4593.9
1682.9	4664.91
1683.22	4594.58
1683.55	4592.79
1683.88	4603.59
1684.2	4605.6
1684.53	4618.3
1684.86	4637.83
1685.18	4603.94
1685.51	4587.31
1685.83	4611.32
1686.16	4628.37
1686.48	4548.36
1686.81	4629.15
1687.13	4559.18
1687.46	4599.01
1687.78	4606.07
1688.11	4596.47
1688.43	4546.43
1688.76	4630.65
1689.08	4575.22
1689.41	4553.26
1689.73	4606.15
1690.06	4601.88
1690.38	4604.07
1690.7	4630.21
1691.03	4571.33
1691.35	4597.49
1691.67	4628.58
1692	4576.88
1692.32	4599.73
1692.64	4567
1692.97	4527.97
1693.29	4596.15
1693.61	4631.94
1693.94	4565.66
1694.26	4582.69
1694.58	4552.01
1694.9	4579.63
1695.23	4563.29
1695.55	4657.89
1695.87	4573.45
1696.19	4642.65
1696.52	4588.67
1696.84	4559.04
1697.16	4600.23
1697.48	4576.48
1697.8	4605.38
1698.12	4555.95
1698.44	4583.71
1698.77	4556.51
1699.09	4577.82
1699.41	4564.41
1699.73	4628.68
1700.05	4553.92
1700.37	4584.48
1700.69	4581.5
1701.01	4546.69
1701.33	4578.73
1701.65	4566.44
1701.97	4562.89
1702.29	4568.53
1702.61	4548.31
1702.93	4579.97
1703.25	4559.99
1703.57	4599.69
1703.89	4544.39
1704.21	4569.83
1704.53	4591.76
1704.84	4592.19
1705.16	4549.18
1705.48	4587.19
1705.8	4575.85
1706.12	4590.4
1706.44	4544.09
1706.76	4584.05
1707.07	4569.36
1707.39	4606.55
1707.71	4565.1
1708.03	4563.01
1708.35	4569.36
1708.66	4547.89
1708.98	4624.81
1709.3	4561.76
1709.61	4579.94
1709.93	4559.72
1710.25	4591.2
1710.57	4540.28
1710.88	4562.56
1711.2	4559.7
1711.52	4522.18
1711.83	4560.29
1712.15	4551.79
1712.47	4582.91
1712.78	4575.65
1713.1	4565.35
1713.41	4581.95
1713.73	4572.56
1714.05	4612.53
1714.36	4509.34
1714.68	4604.15
1714.99	4577.57
1715.31	4603.47
1715.62	4616.28
1715.94	4622.6
1716.25	4603.01
1716.57	4656.42
1716.88	4582.28
1717.2	4618.16
1717.51	4647.33
1717.82	4616.61
1718.14	4614.38
1718.45	4642.47
1718.77	4680.11
1719.08	4645.7
1719.39	4672.73
1719.71	4681.93
1720.02	4658.74
1720.33	4671.9
1720.65	4683.37
1720.96	4684.44
1721.27	4718.79
1721.59	4727.29
1721.9	4709.23
1722.21	4716.47
1722.52	4690.86
1722.84	4708.67
1723.15	4692.34
1723.46	4756.43
1723.77	4763.75
1724.09	4796.65
1724.4	4785.84
1724.71	4794.05
1725.02	4819.97
1725.33	4801.65
1725.64	4842.79
1725.96	4893.58
1726.27	4851.65
1726.58	4864.73
1726.89	4908.77
1727.2	4914.72
1727.51	4951.83
1727.82	4929.81
1728.13	5039.92
1728.44	4998.63
1728.75	5093.95
1729.06	5124.28
1729.37	5113.58
1729.68	5183.2
1729.99	5199.07
1730.3	5316.01
1730.61	5322.39
1730.92	5434.17
1731.23	5496.4
1731.54	5575.71
1731.85	5743.25
1732.16	5809.38
1732.47	5866.01
1732.78	5885.77
1733.09	6009.78
1733.39	5952.02
1733.7	5861.02
1734.01	5842.87
1734.32	5783.8
1734.63	5744.65
1734.94	5683.99
1735.24	5597.01
1735.55	5591.56
1735.86	5536.05
1736.17	5455.82
1736.47	5460.34
1736.78	5477.29
1737.09	5416.3
1737.4	5404.91
1737.7	5321.82
1738.01	5377.4
1738.32	5398.87
1738.62	5347.04
1738.93	5384.63
1739.24	5340.92
1739.54	5320.64
1739.85	5312.85
1740.16	5326.72
1740.46	5337.06
1740.77	5365.42
1741.07	5410.43
1741.38	5365.47
1741.68	5348.84
1741.99	5309.15
1742.3	5364.08
1742.6	5352.33
1742.91	5350.92
1743.21	5364.03
1743.52	5321.85
1743.82	5265.39
1744.12	5397.09
1744.43	5350.72
1744.73	5278.26
1745.04	5305.39
1745.34	5302.72
1745.65	5305.65
1745.95	5311.41
1746.25	5273.72
1746.56	5285.4
1746.86	5268.13
1747.17	5258.92
1747.47	5260.11
1747.77	5281.49
1748.07	5243.37
1748.38	5240.64
1748.68	5214.37
1748.98	5203.03
1749.29	5181.98
1749.59	5144.46
1749.89	5167.12
1750.19	5141.81
1750.5	5095.97
1750.8	5177.48
1751.1	5142.19
1751.4	5078.06
1751.7	5060.98
1752.01	5116.49
1752.31	5095.31
1752.61	5031.39
1752.91	5022.4
1753.21	5038.77
1753.51	4973.25
1753.81	5035.35
1754.11	5001.8
1754.41	5045.67
1754.71	4935.15
1755.02	5000.18
1755.32	5011.15
1755.62	4938.26
1755.92	4984.66
1756.22	4870.79
1756.52	4947.02
1756.82	4945.88
1757.12	4922.05
1757.42	4930.73
1757.72	4863.61
1758.01	4834.07
1758.31	4850.17
1758.61	4809.95
1758.91	4807.11
1759.21	4779.24
1759.51	4865.93
1759.81	4801.24
1760.11	4826.29
1760.41	4809.54
1760.7	4737.26
1761	4760.53
1761.3	4726.48
1761.6	4722.44
1761.9	4764.3
1762.19	4739.18
1762.49	4701.31
1762.79	4659.44
1763.09	4700.63
1763.38	4652.33
1763.68	4668.29
1763.98	4629.92
1764.28	4680.48
1764.57	4653.38
1764.87	4585.03
1765.17	4609.63
1765.46	4592.05
1765.76	4615.12
1766.05	4593.18
1766.35	4616.28
1766.65	4555.57
1766.94	4594.02
1767.24	4571.65
1767.53	4535.7
1767.83	4576.24
1768.13	4559.55
1768.42	4564.72
1768.72	4518.16
1769.01	4496.63
1769.31	4503.68
1769.6	4488.01
1769.9	4444.23
1770.19	4460.57
1770.49	4442.06
1770.78	4491.47
1771.07	4456.91
1771.37	4412.63
1771.66	4438.29
1771.96	4449.99
1772.25	4405.56
1772.54	4406
1772.84	4425.12
1773.13	4500.29
1773.42	4425.56
1773.72	4389.09
1774.01	4464.69
1774.3	4385.1
1774.6	4369.85
1774.89	4392.68
1775.18	4419.86
1775.48	4379.05
1775.77	4363.09
1776.06	4406.81
1776.35	4375.6
1776.65	4376.64
1776.94	4317.64
1777.23	4429.23
1777.52	4386.94
1777.81	4320.06
1778.1	4295.86
1778.4	4322
1778.69	4365.65
1778.98	4331.02
1779.27	4360.75
1779.56	4389.16
1779.85	4332.08
1780.14	4362.95
1780.43	4344.99
1780.72	4355.53
1781.01	4402.71
1781.3	4332.94
1781.59	4356.17
1781.88	4335.47
1782.17	4344.91
1782.46	4330.65
1782.75	4359.68
1783.04	4316.11
1783.33	4338.92
1783.62	4254.11
1783.91	4304.43
1784.2	4308.8
1784.49	4295.19
1784.78	4283.42
1785.07	4302.19
1785.36	4276.58
1785.65	4262.41
1785.93	4257.15
1786.22	4332.05
1786.51	4289.01
1786.8	4281.86
1787.09	4258.43
1787.37	4273.98
1787.66	4250.97
1787.95	4263.52
1788.24	4322.38
1788.52	4325.91
1788.81	4269.37
1789.1	4286.57
1789.39	4245.42
1789.67	4292.45
1789.96	4258.08
1790.25	4262.59
1790.53	4225.15
1790.82	4191.71
1791.11	4302.73
1791.39	4252.81
1791.68	4277.26
1791.97	4271.4
1792.25	4245.68
1792.54	4198.27
1792.82	4221.33
1793.11	4246.19
1793.39	4240.13
1793.68	4261.2
1793.96	4213.48
1794.25	4238.21
1794.54	4217.6
1794.82	4259.04
1795.1	4184.59
1795.39	4202.37
1795.67	4216.36
1795.96	4231.02
1796.24	4216.26
1796.53	4212.29
1796.81	4225.34
1797.1	4243.72
1797.38	4254.56
1797.66	4278.85
1797.95	4221.93
1798.23	4227.97
1798.51	4215.04
1798.8	4222.55
1799.08	4212.35
1799.36	4232.54
1799.65	4178.86
1799.93	4229.69
1800.21	4165.53
1800.49	4201.73
1800.78	4225.95
1801.06	4205.94
1801.34	4228.65
1801.62	4198.57
1801.91	4180.33
1802.19	4229.29
1802.47	4172.67
1802.75	4141.61
1803.03	4200.83
1803.31	4198.4
1803.6	4207.11
1803.88	4188.37
1804.16	4146
1804.44	4225.41
1804.72	4205.73
1805	4198.46
1805.28	4162.31
1805.56	4161.08
1805.84	4198.07
1806.12	4183.34
1806.4	4163.73
1806.68	4176.67
1806.96	4189.43
1807.24	4151.06
1807.52	4150.45
1807.8	4141.79
1808.08	4206.16
1808.36	4164.37
1808.64	4152.23
1808.92	4158.72
1809.2	4133.78
1809.48	4124.47
1809.76	4145.77
1810.03	4174.18
1810.31	4156.6
1810.59	4170.8
1810.87	4158.23
1811.15	4153.65
1811.43	4140.25
1811.7	4151.56
1811.98	4140.89
1812.26	4166.89
1812.54	4084.2
1812.82	4137.59
1813.09	4183.25
1813.37	4107.88
1813.65	4132.43
1813.92	4150.52
1814.2	4150.64
1814.48	4122.09
1814.75	4153.75
1815.03	4081.58
1815.31	4120.53
1815.58	4170.36
1815.86	4154.1
1816.14	4153.61
1816.41	4136.51
1816.69	4178.52
1816.96	4131.36
1817.24	4156.53
1817.52	4122.19
1817.79	4160.27
1818.07	4130.82
1818.34	4178.65
1818.62	4142.55
1818.89	4148.65
1819.17	4125.38
1819.44	4152.41
1819.72	4107.75
1819.99	4125.47
1820.27	4092.57
1820.54	4102.41
1820.81	4086.84
1821.09	4120.89
1821.36	4131.26
1821.64	4084.08
1821.91	4148.22
1822.18	4065.16
1822.46	4072.16
1822.73	4077.14
1823	4122.96
1823.28	4153.18
1823.55	4081.38
1823.82	4100.66
1824.1	4091.85
1824.37	4107.84
1824.64	4053
1824.91	4082.94
1825.19	4110.19
1825.46	4077.89
1825.73	4093.88
1826	4112.97
1826.27	4040.94
1826.55	4072.53
1826.82	4085.28
1827.09	4074.68
1827.36	4093.13
1827.63	4053.66
1827.9	4112.21
1828.17	4076.13
1828.44	4104.18
1828.72	4087.83
1828.99	4125.18
1829.26	4082.74
1829.53	4060.09
1829.8	4020.21
1830.07	4120.56
1830.34	4078.47
1830.61	4054.58
1830.88	4028.28
1831.15	4025.1
1831.42	4035.05
1831.69	4114.83
1831.96	4064.53
1832.23	4047.23
1832.5	4038.26
1832.76	4071.57
1833.03	4023.17
1833.3	4072.7
1833.57	4045.35
1833.84	4058.14
1834.11	4000.58
1834.38	4024.9
1834.64	4047.31
1834.91	4051.45
1835.18	3996.09
1835.45	4040.61
1835.72	4048.12
1835.98	4082.82
1836.25	4037.49
1836.52	3995.92
1836.79	4017.17
1837.06	4070.3
1837.32	4031.38
1837.59	4011.74
1837.86	4030.64
1838.12	4014.41
1838.39	4010.73
1838.66	4010.53
1838.92	4007.96
1839.19	4052.54
1839.45	3991.73
1839.72	4043.44
1839.99	4026.47
1840.25	4022.47
1840.52	4041.14
1840.78	4020.91
1841.05	4020.97
1841.32	3999.32
1841.58	4022.41
1841.85	3993.45
1842.11	3971.84
1842.38	3972.02
1842.64	4012.59
1842.91	4036.02
1843.17	3987.39
1843.43	3983.63
1843.7	3987.47
1843.96	4020.63
1844.23	3973.76
1844.49	3986.59
1844.75	3995.38
1845.02	3948.97
1845.28	3981.44
1845.55	3986.66
1845.81	3981.74
1846.07	3979.9
1846.34	3948.36
1846.6	4004.23
1846.86	3964.97
1847.13	4018.61
1847.39	3940.86
1847.65	3966.76
1847.91	4015.41
1848.18	3954.21
1848.44	3948.14
1848.7	3934.24
1848.96	3952.04
1849.22	3939.72
1849.49	3965.67
1849.75	3967.42
1850.01	3993.35
1850.27	3923.08
1850.53	3956.33
1850.79	3969.37
1851.05	3962.93
1851.32	3974.8
1851.58	3986.82
1851.84	3964.41
1852.1	3980.79
1852.36	3952.77
1852.62	3914.1
1852.88	3908.29
1853.14	3890.65
1853.4	3991.92
1853.66	3940.88
1853.92	3955.55
1854.18	3953.87
1854.44	3934.09
1854.7	3917.53
1854.96	3906.62
1855.22	3972.49
1855.48	3930.96
1855.73	3924.04
1855.99	3915.34
1856.25	3920.2
1856.51	3971.59
1856.77	3993.48
1857.03	3863.19
1857.29	3954.93
1857.54	3901.5
1857.8	3945.28
1858.06	3895.41
1858.32	3967.45
1858.58	3937.88
1858.83	3944.02
1859.09	3970.37
1859.35	3936.37
1859.61	3925.93
1859.86	3927.34
