1550.02	3287.79
1550.39	3314.02
1550.76	3404.07
1551.13	3396.99
1551.5	3483.85
1551.87	3520.52
1552.23	3541.03
1552.6	3585.11
1552.97	3645.94
1553.34	3683.54
1553.71	3739.38
1554.07	3754.37
1554.44	3782.35
1554.81	3833.27
1555.18	3884.72
1555.54	3868.24
1555.91	3909.31
1556.28	3937.55
1556.64	3982
1557.01	4045.02
1557.38	4037.72
1557.74	4068.08
1558.11	4103.96
1558.48	4095.67
1558.84	4154.52
1559.21	4140.14
1559.58	4233.36
1559.94	4205.3
1560.31	4160.79
1560.67	4260.43
1561.04	4223.66
1561.4	4299.95
1561.77	4297.14
1562.14	4337.46
1562.5	4298.54
1562.87	4338.86
1563.23	4321.94
1563.6	4334.18
1563.96	4328.35
1564.33	4406.5
1564.69	4307.83
1565.05	4337.72
1565.42	4368.8
1565.78	4391.9
1566.15	4380.72
1566.51	4344.27
1566.87	4357.29
1567.24	4314.66
1567.6	4310.02
1567.97	4384.77
1568.33	4348.5
1568.69	4374.61
1569.06	4381.96
1569.42	4345.9
1569.78	4359.7
1570.14	4318.25
1570.51	4361.63
1570.87	4343.58
1571.23	4317.79
1571.6	4324.06
1571.96	4370.48
1572.32	4386.35
1572.68	4319.47
1573.04	4335.53
1573.41	4369.01
1573.77	4388.27
1574.13	4342.35
1574.49	4304.5
1574.85	4335.28
1575.21	4356.13
1575.58	4366.49
1575.94	4350.35
1576.3	4341.91
1576.66	4380.43
1577.02	4410.36
1577.38	4348.48
1577.74	4387.05
1578.1	4389.64
1578.46	4373.45
1578.82	4373.37
1579.18	4395.05
1579.54	4377.12
1579.9	4353.32
1580.26	4354.79
1580.62	4406.6
1580.98	4369.56
1581.34	4383.7
1581.7	4351.17
1582.06	4387
1582.42	4381.11
1582.78	4384.68
1583.14	4381.35
1583.5	4320.52
1583.85	4332.02
1584.21	4378.39
1584.57	4399.88
1584.93	4348.12
1585.29	4372.63
1585.65	4377.02
1586.01	4393.95
1586.36	4396.94
1586.72	4398.01
1587.08	4373.99
1587.44	4345.5
1587.79	4375.63
1588.15	4335.69
1588.51	4374.44
1588.87	4358.28
1589.22	4358.48
1589.58	4358.91
1589.94	4358
1590.29	4340.89
1590.65	4347.5
1591.01	4391.17
1591.36	4344.13
1591.72	4361.81
1592.08	4362.89
1592.43	4327.95
1592.79	4348.54
1593.14	4342.68
1593.5	4358.65
1593.86	4312.72
1594.21	4316.75
1594.57	4323.95
1594.92	4369.04
1595.28	4346.02
1595.63	4327.74
1595.99	4350.03
1596.34	4336.87
1596.7	4326.26
1597.05	4339.42
1597.41	4314.19
1597.76	4330.58
1598.12	4354.9
1598.47	4346.88
1598.82	4309.41
1599.18	4310.72
1599.53	4341.99
1599.89	4334.44
1600.24	4315.05
1600.59	4303.86
1600.95	4305.73
1601.3	4341.93
1601.65	4338.03
1602.01	4332.57
1602.36	4380.71
1602.71	4315.87
1603.07	4356.69
1603.42	4384.13
1603.77	4342.56
1604.12	4354.22
1604.48	4358.49
1604.83	4360.25
1605.18	4393.2
1605.53	4359.64
1605.88	4411.41
1606.24	4364.46
1606.59	4425.18
1606.94	4406.05
1607.29	4425.22
1607.64	4419.72
1607.99	4476.07
1608.34	4467.77
1608.7	4503.61
1609.05	4483.07
1609.4	4509.05
1609.75	4548.83
1610.1	4478.54
1610.45	4502.5
1610.8	4500.72
1611.15	4527.75
1611.5	4588.34
1611.85	4472.3
1612.2	4532.6
1612.55	4554.03
1612.9	4509.32
1613.25	4448.31
1613.6	4435.6
1613.95	4469
1614.3	4451.03
1614.65	4417.32
1615	4453.59
1615.34	4403.32
1615.69	4379.14
1616.04	4392.47
1616.39	4385.55
1616.74	4407.3
1617.09	4376.11
1617.44	4378.93
1617.78	4397.35
1618.13	4368.57
1618.48	4327.44
1618.83	4322.53
1619.18	4264.61
1619.52	4321.31
1619.87	4323.89
1620.22	4309.57
1620.57	4270.09
1620.91	4282.76
1621.26	4308.56
1621.61	4286.8
1621.95	4269.41
1622.3	4287.52
1622.65	4301.82
1622.99	4281.65
1623.34	4289.73
1623.69	4309.51
1624.03	4276.74
1624.38	4273.1
1624.72	4290.44
1625.07	4268.49
1625.42	4273.92
1625.76	4297.74
1626.11	4308.45
1626.45	4237.64
1626.8	4297.84
1627.14	4277.83
1627.49	4273.55
1627.83	4278.6
1628.18	4232.49
1628.52	4314.59
1628.87	4260.65
1629.21	4278.09
1629.56	4292.25
1629.9	4297.85
1630.25	4243.14
1630.59	4296.18
1630.93	4275.85
1631.28	4295.84
1631.62	4278.18
1631.96	4285.72
1632.31	4308.48
1632.65	4313.65
1632.99	4314.64
1633.34	4346.35
1633.68	4317.31
1634.02	4374.19
1634.37	4332.45
1634.71	4381.82
1635.05	4360.41
1635.39	4348.04
1635.74	4404.46
1636.08	4437.06
1636.42	4408.78
1636.76	4459.07
1637.11	4434.77
1637.45	4416.98
1637.79	4446.43
1638.13	4461.51
1638.47	4454.25
1638.81	4511.4
1639.15	4495.65
1639.5	4474.51
1639.84	4485
1640.18	4437.67
1640.52	4455.8
1640.86	4463.31
1641.2	4470.47
1641.54	4470.13
1641.88	4408.57
1642.22	4425.66
1642.56	4427.65
1642.9	4416.43
1643.24	4383.92
1643.58	4375.91
1643.92	4319.58
1644.26	4325.44
1644.6	4315.92
1644.94	4326.09
1645.28	4317.61
1645.62	4303.28
1645.96	4342.3
1646.3	4294.14
1646.64	4303.07
1646.97	4259.74
1647.31	4272.06
1647.65	4281.56
1647.99	4278.54
1648.33	4276.05
1648.67	4286.63
1649	4250
1649.34	4213.58
1649.68	4239.23
1650.02	4228.01
1650.36	4237.05
1650.69	4220.81
1651.03	4197.37
1651.37	4181.12
1651.7	4188.71
1652.04	4188.12
1652.38	4184.43
1652.72	4188.22
1653.05	4187.52
1653.39	4170.9
1653.73	4219.99
1654.06	4186.39
1654.4	4200.96
1654.73	4176.92
1655.07	4133.54
1655.41	4212.8
1655.74	4145.96
1656.08	4152.69
1656.41	4146.04
1656.75	4190.2
1657.08	4196.17
1657.42	4179.62
1657.75	4184.37
1658.09	4153.54
1658.42	4195.73
1658.76	4142.56
1659.09	4181.95
1659.43	4123.66
1659.76	4184.46
1660.1	4138.84
1660.43	4162.47
1660.77	4161.83
1661.1	4139.06
1661.43	4192.75
1661.77	4162.93
1662.1	4157.07
1662.44	4171.54
1662.77	4150
1663.1	4180.93
1663.43	4172.22
1663.77	4190.62
1664.1	4149.34
1664.43	4186.05
1664.77	4137.4
1665.1	4150.1
1665.43	4156.63
1665.76	4119.8
1666.1	4196.64
1666.43	4160.91
1666.76	4159.87
1667.09	4158.4
1667.43	4133.66
1667.76	4174.17
1668.09	4191.44
1668.42	4182.97
1668.75	4141.58
1669.08	4177.83
1669.41	4157.36
1669.75	4174.82
1670.08	4191.72
1670.41	4142.97
1670.74	4161.81
1671.07	4185.89
1671.4	4137.46
1671.73	4136.19
1672.06	4188.75
1672.39	4153.51
1672.72	4192.19
1673.05	4168.83
1673.38	4163.7
1673.71	4093.19
1674.04	4218.99
1674.37	4171.51
1674.7	4154.75
1675.03	4176.9
1675.36	4145.08
1675.69	4213.99
1676.02	4162.67
1676.34	4188.54
1676.67	4159.83
1677	4160.53
1677.33	4151.22
1677.66	4157.46
1677.99	4118.76
1678.32	4126.95
1678.64	4121.68
1678.97	4147.97
1679.3	4136.56
1679.63	4152.21
1679.96	4145.74
1680.28	4197.52
1680.61	4166.17
1680.94	4134.13
1681.26	4177.91
1681.59	4169.88
1681.92	4149.01
1682.25	4159.93
1682.57	4174.62
1682.9	4157.54
1683.22	4147.94
1683.55	4102.75
1683.88	4125.93
1684.2	4134
1684.53	4142.21
1684.86	4115.57
1685.18	4135.76
1685.51	4138.43
1685.83	4132.62
1686.16	4127.23
1686.48	4148.55
1686.81	4117.6
1687.13	4147
1687.46	4086.21
1687.78	4110.67
1688.11	4106.78
1688.43	4092.07
1688.76	4127.41
1689.08	4132.72
1689.41	4125.95
1689.73	4114.48
1690.06	4080.81
1690.38	4136.37
1690.7	4137.84
1691.03	4089.36
1691.35	4171.11
1691.67	4124.85
1692	4140.99
1692.32	4129.5
1692.64	4111.98
1692.97	4086.08
1693.29	4133.84
1693.61	4081.52
1693.94	4106.88
1694.26	4124.88
1694.58	4122.83
1694.9	4162.55
1695.23	4118.26
1695.55	4106.35
1695.87	4074.11
1696.19	4109.95
1696.52	4102.81
1696.84	4154.83
1697.16	4144.36
1697.48	4135.9
1697.8	4141.54
1698.12	4125.75
1698.44	4081.53
1698.77	4057.47
1699.09	4090.49
1699.41	4099.99
1699.73	4085.05
1700.05	4103.45
1700.37	4152.53
1700.69	4118.64
1701.01	4050.87
1701.33	4095.25
1701.65	4108.26
1701.97	4070.71
1702.29	4072.92
1702.61	4072.32
1702.93	4104.69
1703.25	4130.74
1703.57	4122.56
1703.89	4090.2
1704.21	4089.94
1704.53	4139.21
1704.84	4083.67
1705.16	4104.42
1705.48	4130.45
1705.8	4076.84
1706.12	4067.56
1706.44	4068.91
1706.76	4117.98
1707.07	4083.07
1707.39	4125.48
1707.71	4159.78
1708.03	4120.09
1708.35	4083.95
1708.66	4095.46
1708.98	4070.1
1709.3	4106.86
1709.61	4115.07
1709.93	4108.78
1710.25	4065.5
1710.57	4089.49
1710.88	4129.05
1711.2	4126.58
1711.52	4108.52
1711.83	4070.1
1712.15	4106.62
1712.47	4106.96
1712.78	4120.3
1713.1	4088.63
1713.41	4127.61
1713.73	4109.98
1714.05	4111.59
1714.36	4093.41
1714.68	4121.18
1714.99	4118.74
1715.31	4130.44
1715.62	4115.89
1715.94	4113.64
1716.25	4182.34
1716.57	4197.83
1716.88	4146.76
1717.2	4186.97
1717.51	4170.92
1717.82	4170.76
1718.14	4144.67
1718.45	4158.83
1718.77	4174.87
1719.08	4167.29
1719.39	4142.37
1719.71	4236.19
1720.02	4201.77
1720.33	4211.41
1720.65	4203.37
1720.96	4264.93
1721.27	4251.58
1721.59	4277.52
1721.9	4265.31
1722.21	4263.49
1722.52	4224.95
1722.84	4292.41
1723.15	4324.68
1723.46	4282.37
1723.77	4315.65
1724.09	4319.67
1724.4	4307.62
1724.71	4302.25
1725.02	4366.69
1725.33	4356.94
1725.64	4387.76
1725.96	4388.18
1726.27	4427.66
1726.58	4447.1
1726.89	4418.98
1727.2	4489.85
1727.51	4503.82
1727.82	4512.78
1728.13	4563.44
1728.44	4571.67
1728.75	4582.46
1729.06	4616.63
1729.37	4663.48
1729.68	4698.35
1729.99	4761.08
1730.3	4873.41
1730.61	4991.57
1730.92	5043.87
1731.23	5147.95
1731.54	5196.28
1731.85	5258.78
1732.16	5348.8
1732.47	5385.57
1732.78	5474.73
1733.09	5499.06
1733.39	5464.61
1733.7	5493.71
1734.01	5390.37
1734.32	5340.65
1734.63	5246.66
1734.94	5249.47
1735.24	5163.98
1735.55	5121.06
1735.86	5064.16
1736.17	5040.16
1736.47	5089.18
1736.78	5010.61
1737.09	4967.7
1737.4	4933.1
1737.7	4920.51
1738.01	4893.87
1738.32	4907.62
1738.62	4865.04
1738.93	4903.96
1739.24	4916.62
1739.54	4884.7
1739.85	4901.66
1740.16	4905.1
1740.46	4902.75
1740.77	4895.05
1741.07	4908.46
1741.38	4878.5
1741.68	4904.84
1741.99	4868.89
1742.3	4917.95
1742.6	4816.56
1742.91	4888.72
1743.21	4902.35
1743.52	4872.63
1743.82	4861.7
1744.12	4895
1744.43	4862.13
1744.73	4891.22
1745.04	4843.75
1745.34	4822.97
1745.65	4801.94
1745.95	4869.68
1746.25	4897.58
1746.56	4819.88
1746.86	4817.31
1747.17	4833.84
1747.47	4810.19
1747.77	4821.1
1748.07	4762.12
1748.38	4773.04
1748.68	4732.19
1748.98	4743.15
1749.29	4755.36
1749.59	4734.96
1749.89	4736.65
1750.19	4773.48
1750.5	4675.52
1750.8	4714.13
1751.1	4690.82
1751.4	4665.85
1751.7	4620.84
1752.01	4626.97
1752.31	4629.29
1752.61	4569.75
1752.91	4631.23
1753.21	4577.83
1753.51	4595.05
1753.81	4598.93
1754.11	4529.75
1754.41	4528.64
1754.71	4481.19
1755.02	4518.62
1755.32	4500.23
1755.62	4471.31
1755.92	4474.34
1756.22	4489.59
1756.52	4500.28
1756.82	4477.88
1757.12	4475.94
1757.42	4477.36
1757.72	4411.18
1758.01	4406.01
1758.31	4411.99
1758.61	4389.68
1758.91	4378.96
1759.21	4362.53
1759.51	4386.81
1759.81	4387.61
1760.11	4340.93
1760.41	4309.36
1760.7	4325.58
1761	4350.43
1761.3	4322.64
1761.6	4318.39
1761.9	4281.19
1762.19	4289.37
1762.49	4270.09
1762.79	4209.09
1763.09	4278.31
1763.38	4229.79
1763.68	4303.45
1763.98	4205.34
1764.28	4184.35
1764.57	4177.79
1764.87	4173.66
1765.17	4148.35
1765.46	4171.88
1765.76	4170.99
1766.05	4139.93
1766.35	4145.08
1766.65	4122.75
1766.94	4145.62
1767.24	4108.81
1767.53	4126.09
1767.83	4104.09
1768.13	4118.13
1768.42	4061.32
1768.72	4091.29
1769.01	4066.03
1769.31	4059.23
1769.6	4074.36
1769.9	4022.7
1770.19	4009.12
1770.49	4019.63
1770.78	4024.11
1771.07	4047.1
1771.37	4013.24
1771.66	3969.28
1771.96	3962.69
1772.25	3989.15
1772.54	3976.8
1772.84	3999.35
1773.13	4002.49
1773.42	3973.15
1773.72	3917.36
1774.01	3937.67
1774.3	3962.27
1774.6	3926.48
1774.89	4007.34
1775.18	3973.7
1775.48	3944.72
1775.77	3915.39
1776.06	3915.73
1776.35	3890.46
1776.65	3966.61
1776.94	3927.99
1777.23	3940.27
1777.52	3918.85
1777.81	3939.61
1778.1	3904.92
1778.4	3877.11
1778.69	3893.28
1778.98	3963.99
1779.27	3920.48
1779.56	3888.35
1779.85	3858.96
1780.14	3886.07
1780.43	3879.38
1780.72	3839.41
1781.01	3891.69
1781.3	3882.78
1781.59	3865.72
1781.88	3889.64
1782.17	3906.14
1782.46	3877.09
1782.75	3860.32
1783.04	3909.46
1783.33	3863.88
1783.62	3869.5
1783.91	3899.2
1784.2	3865.36
1784.49	3849.4
1784.78	3866.85
1785.07	3825.35
1785.36	3818.47
1785.65	3812.64
1785.93	3849.18
1786.22	3826.99
1786.51	3868.98
1786.8	3809.12
1787.09	3838.54
1787.37	3852.11
1787.66	3808.87
1787.95	3842.76
1788.24	3868.01
1788.52	3867.21
1788.81	3827.07
1789.1	3847.8
1789.39	3864.56
1789.67	3804.4
1789.96	3847.54
1790.25	3848.85
1790.53	3816.19
1790.82	3749.61
1791.11	3806.65
1791.39	3781.74
1791.68	3855.69
1791.97	3812.29
1792.25	3869.15
1792.54	3792.71
1792.82	3782.96
1793.11	3817.91
1793.39	3820.7
1793.68	3819.23
1793.96	3808.12
1794.25	3810.42
1794.54	3791.49
1794.82	3809.42
1795.1	3818.22
1795.39	3800.85
1795.67	3770.46
1795.96	3840.63
1796.24	3787.02
1796.53	3784.87
1796.81	3807.09
1797.1	3780.94
1797.38	3768.76
1797.66	3800.85
1797.95	3798.04
1798.23	3770.46
1798.51	3811.13
1798.8	3843.26
1799.08	3767.38
1799.36	3789.94
1799.65	3810.42
1799.93	3774.97
1800.21	3776.28
1800.49	3753.37
1800.78	3756.92
1801.06	3772.72
1801.34	3808.3
1801.62	3781.79
1801.91	3710.57
1802.19	3736.33
1802.47	3753.5
1802.75	3762.7
1803.03	3735.21
1803.31	3760.6
1803.6	3746.06
1803.88	3773.24
1804.16	3740.04
1804.44	3744.38
1804.72	3767.52
1805	3767.53
1805.28	3784.91
1805.56	3732.25
1805.84	3777.8
1806.12	3759.1
1806.4	3763.67
1806.68	3787.66
1806.96	3745.08
1807.24	3795.55
1807.52	3721.45
1807.8	3769.8
1808.08	3755.08
1808.36	3703.86
1808.64	3729.95
1808.92	3731.96
1809.2	3671.08
1809.48	3688.56
1809.76	3761.14
1810.03	3696.23
1810.31	3724.92
1810.59	3736.38
1810.87	3711.64
1811.15	3730.18
1811.43	3755.06
1811.7	3713.23
1811.98	3749.05
1812.26	3698.54
1812.54	3700.94
1812.82	3731.44
1813.09	3713.71
1813.37	3748.72
1813.65	3656.02
1813.92	3684.6
1814.2	3684.5
1814.48	3691.22
1814.75	3720.15
1815.03	3734.03
1815.31	3692.84
1815.58	3685.29
1815.86	3692.29
1816.14	3710
1816.41	3681.88
1816.69	3672.78
1816.96	3683.96
1817.24	3726.77
1817.52	3668.73
1817.79	3702.23
1818.07	3729.36
1818.34	3673.81
1818.62	3724.89
1818.89	3697.01
1819.17	3711.21
1819.44	3671.06
1819.72	3685.64
1819.99	3701.97
1820.27	3685.58
1820.54	3728.57
1820.81	3650.26
1821.09	3708.45
1821.36	3668.07
1821.64	3672.44
1821.91	3676.02
1822.18	3638.74
1822.46	3706.36
1822.73	3677.75
1823	3651.47
1823.28	3704.75
1823.55	3639.35
1823.82	3662.49
1824.1	3642.73
1824.37	3668.94
1824.64	3606.92
1824.91	3659.18
1825.19	3628.3
1825.46	3685.19
1825.73	3630.74
1826	3717.88
1826.27	3677.89
1826.55	3681.57
1826.82	3616.05
1827.09	3616.23
1827.36	3643.54
1827.63	3661.38
1827.9	3675.09
1828.17	3630.95
1828.44	3624.39
1828.72	3648.57
1828.99	3615.73
1829.26	3648.38
1829.53	3643.16
1829.8	3633.01
1830.07	3656.63
1830.34	3628.52
1830.61	3668.58
1830.88	3654.3
1831.15	3619.56
1831.42	3639
1831.69	3608.42
1831.96	3619.83
1832.23	3603.66
1832.5	3685.89
1832.76	3616.6
1833.03	3659.47
1833.3	3618.77
1833.57	3602.36
1833.84	3637.84
1834.11	3644.83
1834.38	3623.81
1834.64	3661.73
1834.91	3655.84
1835.18	3626.47
1835.45	3569.76
1835.72	3639.27
1835.98	3588.27
1836.25	3596.44
1836.52	3607.15
1836.79	3606.4
1837.06	3615.81
1837.32	3630.05
1837.59	3590.49
1837.86	3619.83
1838.12	3600.21
1838.39	3617.54
1838.66	3599.42
1838.92	3618.48
1839.19	3623.94
1839.45	3562.92
1839.72	3577.39
1839.99	3595.88
1840.25	3642.62
1840.52	3590.98
1840.78	3593.83
1841.05	3527.58
1841.32	3587.3
1841.58	3586.41
1841.85	3564.57
1842.11	3548.1
1842.38	3613.13
1842.64	3590.52
1842.91	3616.45
1843.17	3573.6
1843.43	3583.58
1843.7	3605.78
1843.96	3554.19
1844.23	3579.61
1844.49	3591.56
1844.75	3579.48
1845.02	3584.19
1845.28	3560.38
1845.55	3485.87
1845.81	3542.78
1846.07	3556.74
1846.34	3555.76
1846.6	3554.6
1846.86	3562.01
1847.13	3512.4
1847.39	3546.34
1847.65	3577.49
1847.91	3530.19
1848.18	3560.03
1848.44	3632.96
1848.7	3592.78
1848.96	3602.38
1849.22	3497.24
1849.49	3559.93
1849.75	3563.52
1850.01	3560.36
1850.27	3520.85
1850.53	3578.16
1850.79	3579.6
1851.05	3542.69
1851.32	3564.49
1851.58	3546.65
1851.84	3527.41
1852.1	3576.67
1852.36	3483.77
1852.62	3507.13
1852.88	3565.42
1853.14	3533.55
1853.4	3522.6
1853.66	3567.23
1853.92	3570.1
1854.18	3589.05
1854.44	3543.83
1854.7	3512.65
1854.96	3548.91
1855.22	3569.02
1855.48	3557.19
1855.73	3535.89
1855.99	3520.99
1856.25	3527.81
1856.51	3538.28
1856.77	3532.1
1857.03	3560.92
1857.29	3514.24
1857.54	3512.41
1857.8	3479.01
1858.06	3533.32
1858.32	3482.47
1858.58	3519.63
1858.83	3533.82
1859.09	3471.9
1859.35	3501.85
1859.61	3500.69
1859.86	3506.59
