150.31	1951
151.606	1949
152.902	1966.14
154.198	1955.86
155.492	1950.14
156.787	1942.43
158.081	1955.57
159.376	1945.86
160.669	1936.14
161.962	1941
163.256	1929.86
164.548	1955.86
165.841	1952.43
167.133	1945.57
168.424	1962.71
169.715	1953
171.006	1958.71
172.297	1988.71
173.587	1965.57
174.877	1961.29
176.166	1945.86
177.456	1941
178.745	1944.71
180.033	1962.43
181.321	1947.86
182.609	1933.86
183.897	1963.29
185.184	1935.57
186.471	1959.57
187.757	1957.57
189.044	1951.86
190.33	1965.57
191.615	1986.71
192.9	2000.43
194.185	1965.29
195.469	1981.29
196.753	1951
198.037	1934.14
199.321	1912.71
200.604	1906.71
201.887	1891.29
203.17	1886.43
204.451	1859.29
205.733	1875
207.014	1856.71
208.296	1855.57
209.576	1896.14
210.856	1869.57
212.137	1889.86
213.417	1878.43
214.696	1895.29
215.975	1895
217.253	1893
218.532	1936.71
219.81	1934.14
221.088	1961
222.365	1957.29
223.642	1979.57
224.919	1988.43
226.195	2004.14
227.471	2034.43
228.747	2038.08
230.022	2060.6
231.297	2063.11
232.572	2089.05
233.846	2103.85
235.12	2133.22
236.394	2136.59
237.667	2173.67
238.94	2164.76
240.213	2199.84
241.485	2191.21
242.757	2228.58
244.029	2257.95
245.3	2289.6
246.571	2303.26
247.842	2337.77
249.112	2404.57
250.381	2424.51
251.651	2470.74
252.921	2547.82
254.189	2580.91
255.457	2663.99
256.726	2743.93
257.994	2812.16
259.261	2916.67
260.529	3005.75
261.796	3121.98
263.062	3217.64
264.329	3341.86
265.595	3432.09
266.86	3539.75
268.125	3585.97
269.39	3630.77
270.655	3614.14
271.919	3557.8
273.182	3375.17
274.446	3203.68
275.71	3062.48
276.973	2864.13
278.234	2708.07
279.497	2515.44
280.759	2419.38
282.021	2304.47
283.281	2213.55
284.543	2118.06
285.803	2068.86
287.063	2039.66
288.322	1968.46
289.583	1955.54
290.842	1945.2
292.101	1925.71
293.358	1901.37
294.617	1906.45
295.875	1916.68
297.133	1896.05
298.389	1920.56
299.647	1894.79
300.903	1903.87
302.159	1920.67
303.415	1894.61
304.67	1912.26
305.925	1943.92
307.18	1969.58
308.435	1962.66
309.689	1972.6
310.943	1957.68
312.196	1944.77
313.45	1914.42
314.702	1926.94
315.954	1893.16
317.207	1897.96
318.459	1889.62
319.71	1895.56
320.961	1861.21
322.212	1860.87
323.463	1827.1
324.712	1783.89
325.962	1743.26
327.211	1722.06
328.461	1669.15
329.71	1676.23
330.958	1659.89
332.207	1621.83
333.454	1609.2
334.702	1594.28
335.949	1581.94
337.196	1588.45
338.442	1593.82
339.688	1586.04
340.933	1567.13
342.179	1566.78
343.424	1559.01
344.67	1556.09
345.914	1557.75
347.158	1570.83
348.402	1567.06
349.645	1563.57
350.888	1561.23
352.131	1567.46
353.373	1556.25
354.616	1586.48
355.857	1585.56
357.099	1566.65
358.34	1564.59
359.58	1570.82
360.821	1567.61
362.061	1576.13
363.301	1566.93
364.54	1561.44
365.78	1565.09
367.019	1571.61
368.257	1550.69
369.495	1554.06
370.733	1559.72
371.97	1565.66
373.208	1556.45
374.444	1573.82
375.681	1536.34
376.917	1552.28
378.153	1557.93
379.389	1535.02
380.623	1521.24
381.858	1507.76
383.092	1524.27
384.327	1501.07
385.561	1494.44
386.794	1507.81
388.027	1517.75
389.26	1473.12
390.492	1511.06
391.724	1509.57
392.956	1521.51
394.188	1507.74
395.419	1527.68
396.65	1538.76
397.88	1518.99
399.11	1543.5
400.341	1560.3
401.57	1553.39
402.799	1546.47
404.028	1548.98
405.257	1554.35
406.484	1568.86
407.712	1542.52
408.94	1559.03
410.167	1564.12
411.394	1559.49
412.621	1582.86
413.847	1587.37
415.073	1570.17
416.298	1563.54
417.523	1570.05
418.749	1577.42
419.973	1562.5
421.197	1569.01
422.421	1548.1
423.644	1548.04
424.867	1559.12
426.091	1565.92
427.313	1561.86
428.536	1556.38
429.757	1578.32
430.979	1566.54
432.201	1589.91
433.421	1595.28
434.642	1585.22
435.862	1598.02
437.082	1596.25
438.301	1613.33
439.52	1604.42
440.739	1622.07
441.958	1646.3
443.176	1654.53
444.394	1683.04
445.612	1716.98
446.83	1787.49
448.046	1846.29
449.263	1965.09
450.479	2094.46
451.695	2257.83
452.911	2413.48
454.126	2574.28
455.341	2688.79
456.556	2710.45
457.77	2601.25
458.985	2476.62
460.198	2299.99
461.411	2144.79
462.624	2039.87
463.837	1940.38
465.05	1858.32
466.262	1818.26
467.473	1758.49
468.685	1752.15
469.896	1724.94
471.106	1718.89
472.317	1709.68
473.527	1710.77
474.737	1660.71
475.946	1664.65
477.155	1657.73
478.364	1660.82
479.573	1650.76
480.781	1646.99
481.988	1672.07
483.195	1698.87
484.403	1729.67
485.609	1739.04
486.816	1737.55
488.022	1704.06
489.227	1640.57
490.434	1590.8
491.639	1548.17
492.844	1536.68
494.048	1490.05
495.252	1505.14
496.456	1485.36
497.66	1488.45
498.863	1480.96
500.065	1483.19
501.268	1480.56
502.47	1495.07
503.672	1482.72
504.874	1492.09
506.075	1471.18
507.275	1499.12
508.476	1506.2
509.677	1493.29
510.876	1506.09
512.076	1524.6
513.275	1533.97
514.474	1549.34
515.673	1541.85
516.871	1533.79
518.069	1550.88
519.267	1527.1
520.464	1497.33
521.661	1537.84
522.857	1504.93
524.054	1506.29
525.25	1510.81
526.445	1501.03
527.641	1495.83
528.836	1521.77
530.031	1505.71
531.225	1533.66
532.42	1557.6
533.613	1571.54
534.807	1582.05
536	1574.56
537.192	1621.65
538.384	1617.59
539.576	1630.67
540.768	1644.9
541.96	1673.7
543.151	1708.78
544.342	1761.01
545.532	1769.23
546.723	1827.75
547.912	1910.26
549.102	1977.92
550.291	2077.29
551.479	2178.94
552.668	2318.6
553.856	2455.39
555.045	2635.91
556.232	2701.56
557.419	2782.65
558.606	2721.44
559.793	2644.53
560.979	2559.33
562.165	2382.12
563.35	2264.92
564.536	2142.29
565.721	2029.38
566.906	1959.89
568.09	1883.26
569.274	1823.2
570.457	1801.71
571.64	1746.51
572.824	1779.88
574.007	1752.96
575.189	1788.62
576.37	1801.13
577.552	1880.5
578.734	1974.16
579.915	2078.1
581.096	2171.75
582.276	2274.27
583.456	2253.64
584.636	2221.01
585.816	2148.95
586.995	2068.89
588.173	1997.11
589.352	1933.06
590.53	1881.28
591.708	1822.94
592.886	1747.45
594.063	1745.39
595.239	1715.9
596.416	1678.99
597.592	1651.5
598.768	1655.73
599.944	1623.1
601.119	1633.9
602.294	1623.55
603.469	1580.63
604.643	1596.86
605.817	1561.09
606.99	1576.17
608.163	1523.83
609.336	1548.63
610.509	1534.28
611.682	1526.79
612.853	1530.45
614.026	1511.82
615.197	1501.47
616.368	1515.7
617.539	1493.93
618.709	1509.87
619.879	1480.95
621.049	1486.04
622.218	1501.41
623.388	1495.63
624.557	1503.29
625.725	1503.8
626.893	1487.46
628.061	1502.54
629.229	1501.63
630.396	1476.14
631.563	1469.79
632.729	1468.31
633.895	1438.53
635.062	1449.33
636.227	1462.13
637.392	1473.78
638.557	1481.73
639.722	1482.52
640.886	1477.32
642.05	1472.12
643.214	1480.92
644.377	1460
645.54	1465.09
646.703	1456.46
647.865	1439.83
649.027	1440.05
650.189	1444.28
651.35	1453.65
652.511	1447.02
653.672	1458.39
654.833	1448.9
655.993	1471.41
657.153	1460.78
658.312	1467.3
659.472	1464.95
660.631	1458.61
661.789	1455.12
662.947	1455.92
664.105	1476.72
665.262	1460.09
666.42	1456.03
667.576	1460.82
668.734	1459.91
669.89	1454.71
671.046	1450.08
672.201	1463.16
673.357	1453.96
674.512	1457.61
675.667	1465.56
676.821	1457.5
677.975	1462.01
679.129	1449.38
680.282	1466.75
681.435	1481.26
682.588	1441.49
683.741	1459.71
684.893	1455.94
686.045	1462.17
687.196	1441.82
688.347	1447.19
689.498	1460.28
690.649	1465.08
691.799	1445.87
692.949	1478.96
694.099	1470.9
695.248	1472.27
696.396	1464.21
697.545	1473.29
698.694	1470.38
699.842	1487.46
700.989	1486.55
702.137	1499.63
703.284	1474.71
704.43	1486.37
705.577	1489.74
706.723	1517.68
707.869	1502.19
709.014	1508.42
710.159	1509.22
711.305	1520.87
712.449	1520.81
713.593	1536.47
714.737	1557.84
715.881	1552.92
717.024	1571.72
718.167	1565.66
719.309	1598.46
720.452	1618.69
721.594	1616.34
722.735	1617.71
723.876	1600.51
725.018	1609.59
726.158	1612.39
727.299	1580.62
728.439	1580.28
729.579	1548.5
730.718	1559.59
731.857	1526.1
732.996	1512.04
734.134	1471.98
735.273	1489.35
736.411	1455.01
737.548	1470.09
738.685	1463.46
739.823	1461.11
740.959	1440.77
742.095	1437.28
743.231	1442.37
744.367	1437.45
745.502	1438.25
746.637	1440.76
747.771	1439.27
748.906	1442.36
750.04	1438.01
751.173	1427.95
752.308	1435.32
753.441	1443.27
754.574	1416.92
755.705	1436.29
756.838	1418.8
757.97	1433.6
759.101	1437.26
760.232	1444.63
761.364	1410.85
762.494	1427.65
763.624	1405.88
764.754	1434.96
765.883	1422.33
767.013	1428.56
768.143	1413.36
769.271	1451.87
770.399	1444.1
771.527	1419.75
772.655	1438.26
773.782	1423.63
774.909	1448.72
776.036	1448.94
777.162	1438.03
778.289	1443.4
779.415	1439.62
780.54	1443.85
781.666	1445.51
782.791	1445.16
783.915	1447.67
785.039	1441.62
786.163	1436.7
787.287	1451.21
788.411	1462.87
789.533	1437.95
790.656	1462.18
791.778	1460.12
792.9	1432.92
794.022	1451.14
795.144	1453.37
796.265	1467.88
797.386	1450.68
798.506	1464.62
799.626	1462.28
800.746	1495.36
801.866	1483.88
802.985	1491.82
804.104	1496.9
805.223	1491.7
806.341	1519.64
807.459	1495.3
808.577	1518.38
809.694	1519.46
810.811	1537.12
811.928	1543.92
813.044	1553
814.16	1550.08
815.277	1567.17
816.392	1569.4
817.507	1587.91
818.622	1591.85
819.737	1594.36
820.851	1603.45
821.964	1591.96
823.078	1623.04
824.192	1626.7
825.304	1659.5
826.417	1659.15
827.53	1683.95
828.642	1687.89
829.754	1727.55
830.865	1740.92
831.976	1774.57
833.087	1790.23
834.197	1839.6
835.308	1846.39
836.417	1880.05
837.527	1897.71
838.636	1933.36
839.745	1959.02
840.854	2001.81
841.962	2024.33
843.07	2072.55
844.177	2089.92
845.284	2119.58
846.392	2180.66
847.499	2230.6
848.605	2305.69
849.711	2345.34
850.817	2381.86
851.922	2366.65
853.028	2384.59
854.132	2342.82
855.237	2324.48
856.341	2365.28
857.445	2398.36
858.549	2450.87
859.653	2569.67
860.755	2709.04
861.858	2891.84
862.96	3130.07
864.062	3376.29
865.164	3787.95
866.266	4344.46
867.367	5029.26
868.468	5902.63
869.568	6714.85
870.669	7330.8
871.768	7503.59
872.868	7235.25
873.967	6687.76
875.066	5953.13
876.165	5193.64
877.263	4619.01
878.361	4066.1
879.458	3619.75
880.557	3269.69
881.653	2986.49
882.75	2702.43
883.847	2555.8
884.943	2335.46
886.038	2226.54
887.134	2117.06
888.229	2053.85
889.325	2003.22
890.419	1934.02
891.513	1902.53
892.607	1903.9
893.701	1849.84
894.794	1856.64
895.888	1834.87
896.98	1814.81
898.073	1776.18
899.165	1785.84
900.257	1786.35
901.349	1754.58
902.44	1747.95
903.53	1753.31
904.621	1738.68
905.711	1756.05
906.802	1764
907.891	1768.51
908.981	1785.02
910.07	1801.82
911.158	1780.62
912.247	1828.84
913.335	1829.93
914.423	1839.3
915.51	1842.95
916.597	1896.04
917.684	1890.83
918.771	1927.92
919.857	1940.43
920.943	1991.8
922.029	2054.89
923.114	2110.25
924.199	2177.91
925.284	2298.14
926.368	2414.08
927.453	2512.88
928.537	2572.25
929.62	2612.47
930.703	2670.41
931.786	2627.5
932.868	2524.01
933.95	2439.09
935.032	2323.89
936.114	2192.69
937.196	2098.92
938.277	2014.29
939.357	1952.51
940.438	1917.6
941.518	1875.25
942.598	1834.91
943.678	1777.71
944.756	1734.22
945.835	1725.3
946.914	1698.1
947.992	1675.76
949.07	1678.84
950.148	1656.21
951.225	1635.58
952.302	1620.09
953.379	1588.03
954.456	1572.55
955.531	1587.35
956.608	1566.14
957.683	1552.37
958.758	1548.03
959.833	1517.97
960.908	1525.62
961.982	1528.13
963.056	1512.93
964.13	1500.59
965.203	1496.53
966.276	1493.61
967.349	1488.13
968.421	1502.35
969.493	1499.72
970.565	1491.38
971.636	1464.75
972.708	1479.55
973.779	1494.34
974.849	1486.86
975.92	1481.08
976.99	1489.31
978.06	1488.39
979.129	1494.34
980.198	1485.99
981.267	1503.93
982.336	1514.73
983.404	1511.81
984.471	1518.9
985.539	1507.98
986.606	1533.92
987.673	1537.86
988.739	1532.66
989.806	1527.17
990.872	1522.26
991.938	1543.34
993.003	1573.86
994.069	1579.23
995.133	1567.45
996.198	1601.68
997.262	1598.19
998.326	1642.13
999.39	1672.65
1000.45	1690.87
1001.52	1689.96
1002.58	1728.75
1003.64	1730.12
1004.7	1717.21
1005.77	1696.86
1006.83	1696.23
1007.89	1661.89
1008.95	1656.4
1010.01	1652.63
1011.07	1647.43
1012.13	1627.37
1013.19	1633.02
1014.25	1614.68
1015.31	1626.05
1016.37	1613.42
1017.42	1591.64
1018.48	1603.3
1019.54	1592.67
1020.6	1582.04
1021.65	1599.12
1022.71	1610.49
1023.77	1595.86
1024.82	1614.66
1025.88	1607.17
1026.94	1612.26
1027.99	1635.05
1029.05	1652.14
1030.1	1660.08
1031.16	1670.59
1032.21	1697.39
1033.26	1702.76
1034.32	1725.84
1035.37	1751.21
1036.42	1788.01
1037.48	1811.1
1038.53	1857.04
1039.58	1886.12
1040.63	1964.92
1041.68	2040
1042.74	2113.09
1043.79	2243.03
1044.84	2386.11
1045.89	2577.2
1046.94	2802.57
1047.99	3095.65
1049.04	3319.88
1050.09	3443.53
1051.13	3397.19
1052.18	3211.42
1053.23	2952.21
1054.28	2689.01
1055.33	2419.52
1056.37	2209.18
1057.42	2072.83
1058.47	1950.78
1059.51	1862.15
1060.56	1800.66
1061.6	1790.88
1062.65	1767.68
1063.7	1767.05
1064.74	1763.28
1065.78	1777.79
1066.83	1802.3
1067.87	1826.82
1068.92	1848.76
1069.96	1886.99
1071	1847.5
1072.04	1839.15
1073.09	1791.67
1074.13	1720.18
1075.17	1696.69
1076.21	1656.06
1077.25	1603.72
1078.29	1596.8
1079.34	1573.6
1080.38	1572.97
1081.42	1562.05
1082.45	1553.14
1083.49	1548.22
1084.53	1554.16
1085.57	1539.53
1086.61	1552.9
1087.65	1526.56
1088.69	1533.93
1089.72	1520.72
1090.76	1524.09
1091.8	1537.46
1092.84	1518.83
1093.87	1539.06
1094.91	1544.71
1095.94	1523.23
1096.98	1565.45
1098.01	1574.25
1099.05	1558.48
1100.08	1579.28
1101.12	1585.22
1102.15	1602.02
1103.19	1628.24
1104.22	1632.18
1105.25	1653.27
1106.29	1656.64
1107.32	1666.58
1108.35	1716.23
1109.38	1719.89
1110.41	1771.83
1111.44	1758.34
1112.48	1778
1113.51	1773.94
1114.54	1763.02
1115.57	1782.68
1116.6	1753.48
1117.63	1774.85
1118.65	1797.65
1119.68	1845.3
1120.71	1882.96
1121.74	1931.18
1122.77	1947.7
1123.8	1997.92
1124.82	1998.72
1125.85	1976.95
1126.88	1936.32
1127.9	1916.54
1128.93	1850.2
1129.96	1813.57
1130.98	1741.8
1132.01	1730.31
1133.03	1679.39
1134.06	1645.05
1135.08	1636.99
1136.11	1621.5
1137.13	1587.16
1138.15	1576.24
1139.18	1569.04
1140.2	1553.27
1141.22	1565.21
1142.24	1553.43
1143.27	1560.23
1144.29	1569.03
1145.31	1562.69
1146.33	1509.48
1147.35	1550
1148.37	1535.08
1149.39	1539.59
1150.41	1549.25
1151.43	1545.76
1152.45	1525.99
1153.47	1541.64
1154.49	1521.01
1155.51	1529.81
1156.53	1526.61
1157.54	1523.41
1158.56	1503.35
1159.58	1512.15
1160.59	1516.66
1161.61	1477.17
1162.63	1492.83
1163.64	1484.2
1164.66	1451.28
1165.68	1470.94
1166.69	1456.02
1167.71	1467.96
1168.72	1450.19
1169.73	1442.13
1170.75	1439.79
1171.76	1448.01
1172.78	1418.81
1173.79	1432.75
1174.8	1440.98
1175.81	1424.35
1176.83	1418.29
1177.84	1431.09
1178.85	1424.17
1179.86	1433.54
1180.87	1430.62
1181.88	1433.71
1182.89	1444.79
1183.9	1459.02
1184.91	1448.39
1185.92	1460.04
1186.93	1458.84
1187.94	1469.93
1188.95	1452.44
1189.96	1479.24
1190.97	1477.46
1191.97	1499.12
1192.98	1487.35
1193.99	1495
1195	1515.8
1196	1516.6
1197.01	1533.97
1198.01	1555.91
1199.02	1571.28
1200.03	1575.51
1201.03	1583.73
1202.04	1599.67
1203.04	1615.04
1204.04	1616.13
1205.05	1607.21
1206.05	1620.01
1207.06	1615.38
1208.06	1605.03
1209.06	1610.69
1210.06	1554.35
1211.07	1563.43
1212.07	1557.08
1213.07	1524.45
1214.07	1519.25
1215.07	1495.48
1216.07	1492.28
1217.07	1465.65
1218.07	1480.45
1219.07	1467.53
1220.07	1492.04
1221.07	1486.55
1222.07	1487.35
1223.07	1480.44
1224.07	1517.81
1225.07	1518.61
1226.06	1517.97
1227.06	1544.2
1228.06	1577
1229.06	1576.94
1230.05	1590.31
1231.05	1590.25
1232.04	1615.62
1233.04	1641.28
1234.04	1654.08
1235.03	1636.02
1236.03	1676.24
1237.02	1691.06
1238.01	1700.8
1239.01	1719.48
1240	1745.31
1241	1749.62
1241.99	1759.55
1242.98	1764.63
1243.97	1765.74
1244.97	1751.59
1245.96	1717.71
1246.95	1715.38
1247.94	1685.24
1248.93	1653.96
1249.92	1640.97
1250.91	1621.46
1251.9	1611.15
1252.89	1583.31
1253.88	1597.11
1254.87	1584.83
1255.86	1574.22
1256.85	1565.83
1257.84	1561.27
1258.83	1552.26
1259.81	1560.92
1260.8	1564.24
1261.79	1574.29
1262.78	1585.04
1263.76	1593.64
1264.75	1615.9
1265.73	1641.94
1266.72	1672.3
1267.71	1682.01
1268.69	1705.23
1269.68	1727.14
1270.66	1710.57
1271.65	1716.76
1272.63	1709.11
1273.61	1698.25
1274.6	1692.01
1275.58	1675.28
1276.56	1673.07
1277.55	1699.96
1278.53	1708.83
1279.51	1734.12
1280.49	1760.44
1281.47	1784.07
1282.45	1823.63
1283.43	1881.4
1284.42	1929.87
1285.4	1986.61
1286.38	2047.36
1287.35	2090.52
1288.33	2094.43
1289.06	2089.61
1290.08	2106.37
1291.1	2033.98
1292.12	2010.46
1293.14	1952.07
1294.16	1877.69
1295.17	1819.02
1296.19	1757.78
1297.21	1741.11
1298.23	1685.58
1299.25	1646.06
1300.27	1618.24
1301.28	1603.86
1302.3	1566.62
1303.32	1573.66
1304.33	1553.57
1305.35	1525.18
1306.37	1526.8
1307.38	1508.7
1308.4	1482.03
1309.41	1474.22
1310.43	1446.98
1311.44	1457.45
1312.46	1422.21
1313.47	1435.54
1314.49	1430.87
1315.5	1421.63
1316.51	1400.1
1317.53	1406.01
1318.54	1409.62
1319.55	1373.24
1320.57	1384.28
1321.58	1371.33
1322.59	1355.8
1323.6	1358.85
1324.61	1360.18
1325.63	1342.08
1326.64	1339.98
1327.65	1334.74
1328.66	1345.79
1329.67	1330.55
1330.68	1300.45
1331.69	1312.64
1332.7	1298.54
1333.71	1309.58
1334.72	1320.91
1335.72	1300.53
1336.73	1274.43
1337.74	1298.9
1338.75	1312.52
1339.76	1291.28
1340.76	1277.75
1341.77	1291.66
1342.78	1296.41
1343.79	1277.17
1344.79	1271.36
1345.8	1268.12
1346.8	1264.59
1347.81	1254.5
1348.82	1265.26
1349.82	1272.02
1350.83	1254.2
1351.83	1263.53
1352.84	1260.01
1353.84	1267.05
1354.84	1255.24
1355.85	1278
1356.85	1270.19
1357.85	1274.95
1358.86	1265.13
1359.86	1273.32
1360.86	1288.37
1361.86	1292.27
1362.87	1278.46
1363.87	1296.93
1364.87	1280.55
1365.87	1284.45
1366.87	1296.64
1367.87	1290.82
1368.87	1290.44
1369.87	1282.63
1370.87	1296.53
1371.87	1292.72
1372.87	1290.05
1373.87	1268.52
1374.87	1295.28
1375.87	1314.04
1376.87	1291.08
1377.86	1312.99
1378.86	1292.32
1379.86	1297.36
1380.86	1304.12
1381.85	1304.31
1382.85	1280.21
1383.85	1286.4
1384.84	1283.16
1385.84	1272.2
1386.84	1249.25
1387.83	1285.44
1388.83	1250.77
1389.82	1282.67
1390.82	1262.86
1391.81	1262.47
1392.81	1256.66
1393.8	1276.56
1394.79	1262.18
1395.79	1255.51
1396.78	1277.98
1397.77	1290.46
1398.77	1305.79
1399.76	1320.83
1400.75	1325.59
1401.74	1331.78
1402.74	1346.82
1403.73	1363.3
1404.72	1369.77
1405.71	1333.39
1406.7	1351.86
1407.69	1362.05
1408.68	1341.66
1409.67	1329.28
1410.66	1320.04
1411.65	1293.37
1412.64	1326.99
1413.63	1344.03
1414.62	1344.51
1415.61	1344.98
1416.59	1329.74
1417.58	1332.78
1418.57	1337.83
1419.56	1317.44
1420.55	1343.63
1421.53	1313.53
1422.52	1328.01
1423.51	1327.62
1424.49	1343.53
1425.48	1360.57
1426.46	1371.9
1427.45	1404.09
1428.43	1397.42
1429.42	1427.61
1430.4	1447.79
1431.39	1448.27
1432.37	1459.03
1433.36	1479.5
1434.34	1480.55
1435.32	1504.16
1436.31	1531.78
1437.29	1534.25
1438.27	1531.87
1439.26	1546.06
1440.24	1537.39
1441.22	1516.15
1442.2	1499.48
1443.18	1507.09
1444.16	1491.85
1445.14	1504.9
1446.12	1538.51
1447.11	1576.13
1448.09	1632.03
1449.07	1725.08
1450.05	1853.84
1451.02	1981.74
1452	2051.35
1452.98	2112.68
1453.96	2058.59
1454.94	2001.35
1455.92	1936.39
1456.9	1878.58
1457.87	1789.91
1458.85	1744.1
1459.83	1703.14
1460.81	1656.47
1461.78	1625.8
1462.76	1576.85
1463.73	1538.18
1464.71	1514.94
1465.69	1473.98
1466.66	1443.6
1467.64	1430.36
1468.61	1400.55
1469.59	1369.59
1470.56	1384.06
1471.54	1350.54
1472.51	1334.15
1473.48	1316.91
1474.46	1278.82
1475.43	1279
1476.4	1256.05
1477.37	1240.81
1478.35	1231.85
1479.32	1206.61
1480.29	1196.8
1481.26	1195.27
1482.23	1167.75
1483.21	1153.93
1484.18	1153.55
1485.15	1142.31
1486.12	1143.07
1487.09	1140.11
1488.06	1130.87
1489.03	1139.92
1490	1118.96
1490.97	1127.15
1491.93	1113.91
1492.9	1141.24
1493.87	1114.86
1494.84	1099.9
1495.81	1093.8
1496.77	1099.71
1497.74	1110.18
1498.71	1109.51
1499.68	1084.84
1500.64	1089.6
1501.61	1099.22
1502.58	1108.55
1503.54	1081.02
1504.51	1080.92
1505.47	1061.11
1506.44	1073.3
1507.4	1076.91
1508.37	1071.96
1509.33	1056.15
1510.3	1048.05
1511.26	1084.52
1512.22	1069
1513.19	1054.61
1514.15	1068.23
1515.11	1065.56
1516.08	1063.75
1517.04	1086.22
1518	1072.98
1518.96	1075.45
1519.92	1075.35
1520.88	1068.4
1521.85	1061.16
1522.81	1061.92
1523.77	1040.96
1524.73	1051.15
1525.69	1055.91
1526.65	1047.81
1527.61	1044.57
1528.57	1046.76
1529.53	1030.09
1530.48	1035.42
1531.44	1025.32
1532.4	1032.37
1533.36	1047.41
1534.32	1036.17
1535.28	1020.07
1536.23	1027.69
1537.19	1035.59
1538.15	1024.35
1539.1	1023.68
1540.06	1035.87
1541.02	1042.63
1541.97	1021.67
1542.93	1044.15
1543.88	1020.91
1544.84	1022.24
1545.79	1017.28
1546.75	1016.04
1547.7	1029.09
1548.66	1029.27
1549.61	1030.89
1550.56	1013.93
1551.52	1022.69
1552.47	1031.45
1553.42	1021.64
1554.38	1018.97
1555.33	1030.59
1556.28	1026.78
1557.23	1015.82
1558.18	1040.58
1559.14	1024.2
1560.09	1028.95
1561.04	1030.57
1561.99	1024.76
1562.94	1020.66
1563.89	1025.99
1564.84	1008.47
1565.79	1024.94
1566.74	1023.98
1567.69	1020.46
1568.64	1021.79
1569.59	1022.55
1570.53	1005.02
1571.48	1004.92
1572.43	1001.4
1573.38	991.869
1574.33	998.057
1575.27	992.53
1576.22	999.29
1577.17	987.763
1578.11	974.522
1579.06	993.853
1580	993.469
1580.95	982.8
1581.9	998.987
1582.84	974.604
1583.79	986.22
1584.73	987.265
1585.67	996.024
1586.62	968.212
1587.56	999.257
1588.51	986.016
1589.45	968.204
1590.39	979.534
1591.34	967.437
1592.28	966.767
1593.22	958.384
1594.16	972.286
1595.11	953.331
1596.05	965.232
1596.99	965.135
1597.93	973.322
1598.87	970.081
1599.81	954.555
1600.75	965.028
1601.69	950.93
1602.63	944.547
1603.57	945.877
1604.51	974.637
1605.45	967.967
1606.39	957.584
1607.33	957.486
1608.27	980.531
1609.21	988.432
1610.14	996.906
1611.08	990.522
1612.02	992.139
1612.96	994.041
1613.89	979.943
1614.83	985.559
1615.77	984.318
1616.7	969.363
1617.64	964.122
1618.58	954.024
1619.51	956.212
1620.45	940.686
1621.38	941.731
1622.32	943.347
1623.25	923.82
1624.19	941.437
1625.12	926.767
1626.05	918.098
1626.99	916.857
1627.92	915.045
1628.85	926.947
1629.79	920.563
1630.72	943.894
1631.65	925.51
1632.58	931.984
1633.52	915.314
1634.45	937.502
1635.38	936.547
1636.31	941.592
1637.24	946.351
1638.17	958.539
1639.1	950.727
1640.03	947.771
1640.96	953.102
1641.89	949.576
1642.82	956.049
1643.75	939.38
1644.68	932.425
1645.61	912.898
1646.54	913.086
1647.46	912.702
1648.39	920.89
1649.32	904.221
1650.25	894.98
1651.17	896.31
1652.1	885.641
1653.03	892.4
1653.95	895.159
1654.88	896.204
1655.81	888.678
1656.73	883.437
1657.66	868.482
1658.58	875.241
1659.51	880
1660.43	888.474
1661.36	881.804
1662.28	878.849
1663.21	873.323
1664.13	874.939
1665.05	876.841
1665.98	878.457
1666.9	852.359
1667.82	861.976
1668.74	863.021
1669.67	866.065
1670.59	863.682
1671.51	865.012
1672.43	866.629
1673.35	874.531
1674.27	855.29
1675.19	851.478
1676.12	858.523
1677.04	849.568
1677.96	859.184
1678.88	849.086
1679.79	863.274
1680.71	851.461
1681.63	850.792
1682.55	845.837
1683.47	856.311
1684.39	848.784
1685.31	833.257
1686.23	845.159
1687.14	839.633
1688.06	859.249
1688.98	841.723
1689.89	843.625
1690.81	846.098
1691.73	831.715
1692.64	851.902
1693.56	843.519
1694.48	827.706
1695.39	840.751
1696.31	860.368
1697.22	834.27
1698.14	833.6
1699.05	835.217
1699.96	837.976
1700.88	835.592
1701.79	844.066
1702.7	836.825
1703.62	831.87
1704.53	825.486
1705.44	842.245
1706.36	819.862
1707.27	831.764
1708.18	826.237
1709.09	825.853
1710	822.898
1710.92	839.943
1711.83	816.131
1712.74	850.033
1713.65	827.935
1714.56	835.837
1715.47	832.882
1716.38	849.641
1717.29	834.686
1718.2	852.874
1719.11	857.347
1720.01	860.392
1720.92	862.009
1721.83	867.625
1722.74	875.527
1723.65	871.715
1724.56	892.474
1725.46	891.519
1726.37	907.135
1727.28	918.466
1728.18	934.082
1729.09	966.841
1730	997.601
1730.9	1045.79
1731.81	1084.55
1732.71	1140.74
1733.62	1189.78
1734.52	1180.83
1735.43	1181.58
1736.33	1166.63
1737.24	1146.53
1738.14	1126.72
1739.04	1095.19
1739.95	1106.24
1740.85	1096.43
1741.75	1085.76
1742.66	1092.8
1743.56	1081.85
1744.46	1076.89
1745.36	1059.65
1746.26	1062.41
1747.17	1052.6
1748.07	1049.07
1748.97	1023.54
1749.87	1040.59
1750.77	1007.63
1751.67	1015.54
1752.57	993.723
1753.47	994.768
1754.37	984.099
1755.27	956.572
1756.17	945.331
1757.07	948.376
1757.97	918.278
1758.86	897.037
1759.76	928.368
1760.66	894.27
1761.56	891.029
1762.45	863.788
1763.35	870.262
1764.25	850.164
1765.15	846.352
1766.04	835.111
1766.94	819.299
1767.83	814.344
1768.73	820.817
1769.63	803.291
1770.52	794.621
1771.42	778.523
1772.31	788.425
1773.2	774.327
1774.1	773.372
1774.99	762.131
1775.89	761.176
1776.78	757.364
1777.67	750.409
1778.57	729.168
1779.46	727.642
1780.35	748.115
1781.24	750.303
1782.14	749.348
1783.03	733.25
1783.92	727.152
1784.81	736.482
1785.7	732.67
1786.59	724.858
1787.48	729.331
1788.37	727.805
1789.26	724.85
1790.15	728.752
1791.04	708.654
1791.93	713.985
1792.82	713.029
1793.71	706.932
1794.6	710.834
1795.49	706.45
1796.38	710.066
1797.26	715.111
1798.15	701.299
1799.04	716.344
1799.93	703.96
1800.81	708.148
1801.7	708.621
1802.59	708.238
1803.47	713.568
1804.36	690.899
1805.24	706.801
1806.13	682.417
1807.02	693.177
1807.9	703.936
1808.79	692.981
1809.67	678.883
1810.55	691.642
1811.44	705.258
1812.32	702.017
1813.21	679.919
1814.09	690.964
1814.97	694.009
1815.86	690.768
1816.74	683.528
1817.62	663.43
1818.5	680.475
1819.38	676.091
1820.27	692.279
1821.15	659.895
1822.03	668.654
1822.91	677.413
1823.79	677.601
1824.67	656.646
1825.55	667.691
1826.43	671.021
1827.31	660.923
1828.19	663.683
1829.07	677.585
1829.95	655.772
1830.83	664.246
1831.71	661.005
1832.58	666.622
1833.46	667.666
1834.34	656.14
1835.22	667.756
1836.1	653.944
1836.97	652.417
1837.85	663.462
1838.73	651.65
1839.6	669.552
1840.48	650.883
1841.35	649.642
1842.23	656.973
1843.11	651.16
1843.98	643.634
1844.86	622.107
1845.73	634.295
1846.6	634.197
1847.48	626.385
1848.35	644.001
1849.23	627.617
1850.1	637.519
1850.97	634.564
1851.85	639.895
1852.72	632.654
1853.59	644.271
1854.46	623.315
1855.34	634.36
1856.21	616.834
1857.08	627.879
1857.95	630.067
1858.82	624.826
1859.69	615.013
1860.56	618.344
1861.43	618.818
1862.3	625.862
1863.17	620.907
1864.04	623.095
1864.91	608.14
1865.78	622.042
1866.65	622.801
1867.52	611.846
1868.39	617.177
1869.26	619.365
1870.13	612.695
1870.99	610.597
1871.86	613.356
1872.73	601.83
1873.59	601.16
1874.46	619.348
1875.33	613.536
1876.19	608.295
1877.06	616.197
1877.93	607.528
1878.79	604.287
1879.66	606.189
1880.52	603.52
1881.39	599.707
1882.25	591.895
1883.12	600.369
1883.98	599.699
1884.84	594.744
1885.71	589.789
1886.57	594.548
1887.43	598.45
1888.3	597.21
1889.16	581.112
1890.02	580.442
1890.89	572.63
1891.75	588.532
1892.61	585.005
1893.47	604.908
1894.33	577.952
1895.19	589.569
1896.05	586.328
1896.91	563.373
1897.78	586.989
1898.64	573.463
1899.5	584.508
1900.35	578.981
1901.21	578.312
1902.07	581.642
1902.93	568.116
1903.79	576.589
1904.65	573.92
1905.51	583.536
1906.37	574.867
1907.22	571.055
1908.08	558.671
1908.94	567.43
1909.8	566.189
1910.65	565.234
1911.51	563.708
1912.36	557.324
1913.22	542.369
1914.08	559.414
1914.93	559.602
1915.79	551.218
1916.64	551.977
1917.5	567.593
1918.35	550.638
1919.21	567.683
1920.06	553.871
1920.92	548.059
1921.77	539.675
1922.62	555.577
1923.48	557.193
1924.33	543.381
1925.18	548.14
1926.03	541.471
1926.89	545.659
1927.74	547.275
1928.59	534.606
1929.44	539.936
1930.29	529.838
1931.14	542.026
1932	545.928
1932.85	536.973
1933.7	535.447
1934.55	537.349
1935.4	537.536
1936.25	533.724
1937.1	542.769
1937.94	544.671
1938.79	540.287
1939.64	531.618
1940.49	538.949
1941.34	529.136
1942.19	539.038
1943.04	527.798
1943.88	521.7
1944.73	522.459
1945.58	524.647
1946.42	515.12
1947.27	525.594
1948.12	524.924
1948.96	523.683
1949.81	513.585
1950.65	515.773
1951.5	520.532
1952.34	516.434
1953.19	502.051
1954.03	510.239
1954.88	519.283
1955.72	514.328
1956.57	503.087
1957.41	519.847
1958.25	516.892
1959.1	511.936
1959.94	512.981
1960.78	510.026
1961.63	514.785
1962.47	492.402
1963.31	508.018
1964.15	497.349
1964.99	496.108
1965.84	517.724
1966.68	502.483
1967.52	496.1
1968.36	488.859
1969.2	492.19
1970.04	500.949
1970.88	482.851
1971.72	479.61
1972.56	485.226
1973.4	487.414
1974.24	498.173
1975.08	483.504
1975.91	485.12
1976.75	488.737
1977.59	490.353
1978.43	481.969
1979.27	474.157
1980.1	475.488
1980.94	488.247
1981.78	483.006
1982.62	483.194
1983.45	475.667
1984.29	472.426
1985.12	469.471
1985.96	474.802
1986.79	470.704
1987.63	485.177
1988.46	483.651
1989.3	466.696
1990.13	470.884
1990.97	471.357
1991.8	472.688
1992.64	470.59
1993.47	457.063
1994.3	485.537
1995.14	464.01
1995.97	462.769
1996.8	471.814
1997.64	456.573
1998.47	456.475
1999.3	471.235
2000.13	467.137
2000.96	465.896
2001.79	462.369
2002.63	461.129
2003.46	442.459
2004.29	455.79
2005.12	461.406
2005.95	455.308
2006.78	457.496
2007.61	457.684
2008.44	450.443
2009.27	461.202
2010.09	459.39
2010.92	445.578
2011.75	461.48
2012.58	459.096
2013.41	443.284
2014.24	450.9
2015.06	445.088
2015.89	436.133
2016.72	445.749
2017.54	447.08
2018.37	452.41
2019.2	450.312
2020.02	451.072
2020.85	449.545
2021.68	441.447
2022.5	431.063
2023.33	438.68
2024.15	425.725
2024.98	432.77
2025.8	426.957
2026.62	429.431
2027.45	422.761
2028.27	430.663
2029.1	431.708
2029.92	433.896
2030.74	416.941
2031.56	428.557
2032.39	426.174
2033.21	435.219
2034.03	421.978
2034.85	419.023
2035.68	416.068
2036.5	417.112
2037.32	413.872
2038.14	420.059
2038.96	417.676
2039.78	427.292
2040.6	415.48
2041.42	404.525
2042.24	415.855
2043.06	429.472
2043.88	415.088
2044.7	415.561
2045.52	405.178
2046.34	411.08
2047.16	404.41
2047.97	407.741
2048.79	405.072
2049.61	412.688
2050.43	396.59
2051.24	408.492
2052.06	404.394
2052.88	407.153
2053.69	407.055
2054.51	406.1
2055.33	407.717
2056.14	401.904
2056.96	392.092
2057.77	403.994
2058.59	398.753
2059.4	394.084
2060.22	394.557
2061.03	403.317
2061.85	396.362
2062.66	401.978
2063.48	393.023
2064.29	388.353
2065.1	389.398
2065.92	405.015
2066.73	386.06
2067.54	390.819
2068.35	393.864
2069.17	386.051
2069.98	385.382
2070.79	383.284
2071.6	396.043
2072.41	391.374
2073.22	377.562
2074.03	381.464
2074.84	388.794
2075.65	394.411
2076.46	387.17
2077.27	390.5
2078.08	378.974
2078.89	395.733
2079.7	379.064
2080.51	386.109
2081.32	383.154
2082.13	385.627
2082.94	377.243
2083.74	387.717
2084.55	381.333
2085.36	379.521
2086.17	375.423
2086.97	364.754
2087.78	367.798
2088.59	375.986
2089.39	373.031
2090.2	379.219
2091.01	368.549
2091.81	381.594
2092.62	368.068
2093.42	363.398
2094.23	366.729
2095.03	366.06
2095.84	373.676
2096.64	370.15
2097.45	360.909
2098.25	361.096
2099.05	360.141
2099.86	364.901
