150.31	1944.71
151.606	1954.71
152.902	1951.86
154.198	1942.71
155.492	1924.43
156.787	1917.29
158.081	1900.43
159.376	1885.57
160.669	1916.43
161.962	1906.71
163.256	1910.14
164.548	1923.57
165.841	1908.14
167.133	1940.14
168.424	1926.14
169.715	1925.29
171.006	1908.43
172.297	1940.71
173.587	1933.86
174.877	1934.71
176.166	1931.57
177.456	1925.86
178.745	1907.86
180.033	1931
181.321	1900.43
182.609	1882.71
183.897	1901
185.184	1912.43
186.471	1895.86
187.757	1937.57
189.044	1927
190.33	1948.43
191.615	1953
192.9	1953.57
194.185	1975.86
195.469	1927.86
196.753	1936.71
198.037	1893.86
199.321	1899.86
200.604	1861
201.887	1856.43
203.17	1836.14
204.451	1836.71
205.733	1816.43
207.014	1831.57
208.296	1793.86
209.576	1849.57
210.856	1827.86
212.137	1837.57
213.417	1849.57
214.696	1843.86
215.975	1860.71
217.253	1879.86
218.532	1873.29
219.81	1874.43
221.088	1879.86
222.365	1887.86
223.642	1934.14
224.919	1913.29
226.195	1962.71
227.471	1969
228.747	1986.92
230.022	2005.98
231.297	2033.62
232.572	2020.11
233.846	2049.74
235.12	2051.66
236.394	2080.15
237.667	2089.5
238.94	2101.7
240.213	2117.91
241.485	2144.4
242.757	2143.75
244.029	2190.81
245.3	2196.73
246.571	2214.65
247.842	2271.71
249.112	2306.2
250.381	2349.27
251.651	2374.33
252.921	2435.96
254.189	2509.6
255.457	2571.23
256.726	2647.15
257.994	2724.21
259.261	2828.42
260.529	2900.05
261.796	2988.26
263.062	3123.32
264.329	3226.38
265.595	3323.16
266.86	3425.08
268.125	3511.85
269.39	3517.2
270.655	3520.84
271.919	3493.9
273.182	3383.53
274.446	3215.17
275.71	3039.09
276.973	2852.72
278.234	2686.64
279.497	2527.42
280.759	2381.91
282.021	2273.83
283.281	2158.89
284.543	2113.38
285.803	2051.3
287.063	1994.93
288.322	1932.28
289.583	1916.77
290.842	1870.12
292.101	1856.32
293.358	1859.1
294.617	1860.74
295.875	1867.23
297.133	1831.15
298.389	1836.49
299.647	1854.41
300.903	1847.76
302.159	1883.68
303.415	1863.89
304.67	1867.81
305.925	1848.3
307.18	1881.07
308.435	1898.99
309.689	1914.34
310.943	1907.69
312.196	1876.47
313.45	1852.1
314.702	1856.59
315.954	1859.08
317.207	1827.29
318.459	1820.06
319.71	1830.84
320.961	1817.33
322.212	1795.25
323.463	1750.03
324.712	1736.23
325.962	1695.29
327.211	1676.07
328.461	1609.99
329.71	1615.91
330.958	1600.69
332.207	1586.61
333.454	1551.1
334.702	1555.3
335.949	1544.94
337.196	1533.71
338.442	1530.2
339.688	1524.7
340.933	1524.9
342.179	1511.96
343.424	1515.6
344.67	1519.23
345.914	1501.72
347.158	1503.64
348.402	1495.85
349.645	1495.19
350.888	1513.4
352.131	1478.75
353.373	1518.38
354.616	1508.02
355.857	1510.22
357.099	1503
358.34	1488.35
359.58	1496.84
360.821	1519.61
362.061	1491.53
363.301	1501.74
364.54	1492.8
365.78	1496.72
367.019	1482.64
368.257	1491.7
369.495	1471.62
370.733	1494.11
371.97	1487.46
373.208	1500.24
374.444	1508.16
375.681	1508.08
376.917	1484.28
378.153	1477.34
379.389	1467.83
380.623	1442.04
381.858	1444.82
383.092	1418.74
384.327	1443.8
385.561	1448
386.794	1436.78
388.027	1439.84
389.26	1437.19
390.492	1429.11
391.724	1463.32
392.956	1447.24
394.188	1459.44
395.419	1462.5
396.65	1466.71
397.88	1473.2
399.11	1481.69
400.341	1486.47
401.57	1506.1
402.799	1488.88
404.028	1493.65
405.257	1481
406.484	1524.64
407.712	1489.98
408.94	1478.48
410.167	1475.82
411.394	1514.6
412.621	1507.09
413.847	1506.72
415.073	1518.64
416.298	1517.42
417.523	1515.34
418.749	1515.26
419.973	1496.61
421.197	1480.81
422.421	1481.88
423.644	1480.94
424.867	1481.71
426.091	1475.06
427.313	1462.41
428.536	1500.9
429.757	1497.96
430.979	1517.03
432.201	1519.8
433.421	1501.72
434.642	1485.36
435.862	1531.28
437.082	1529.77
438.301	1514.26
439.52	1517.89
440.739	1525.24
441.958	1568.02
443.176	1582.22
444.394	1582.43
445.612	1640.92
446.83	1690.84
448.046	1727.9
449.263	1824.39
450.479	1935.17
451.695	2074.23
452.911	2281.01
454.126	2444.93
455.341	2542.27
456.556	2593.05
457.77	2524.97
458.985	2442.89
460.198	2269.1
461.411	2095.59
462.624	1996.93
463.837	1889.14
465.05	1801.06
466.262	1765.26
467.473	1711.47
468.685	1694.53
469.896	1657.31
471.106	1656.94
472.317	1632.29
473.527	1607.92
474.737	1603.56
475.946	1589.19
477.155	1577.11
478.364	1567.89
479.573	1563.52
480.781	1568.58
481.988	1591.36
483.195	1570.42
484.403	1613.2
485.609	1646.83
486.816	1643.61
488.022	1619.82
489.227	1573.16
490.434	1518.8
491.639	1497.57
492.844	1453.78
494.048	1440.27
495.252	1407.05
496.456	1411.82
497.66	1416.32
498.863	1399.38
500.065	1419.3
501.268	1421.5
502.47	1427.42
503.672	1433.06
504.874	1412.98
506.075	1396.32
507.275	1415.96
508.476	1408.16
509.677	1422.65
510.876	1431.14
512.076	1438.21
513.275	1429.27
514.474	1469.47
515.673	1465.39
516.871	1463.31
518.069	1455.8
519.267	1431.44
520.464	1434.21
521.661	1443.28
522.857	1433.48
524.054	1430.26
525.25	1432.46
526.445	1425.53
527.641	1441.73
528.836	1460.22
530.031	1438.43
531.225	1464.06
532.42	1461.98
533.613	1473.62
534.807	1474.68
536	1473.17
537.192	1496.8
538.384	1533.29
539.576	1543.21
540.768	1556.28
541.96	1592.19
543.151	1626.11
544.342	1632.32
545.532	1703.38
546.723	1730.44
547.912	1812.94
549.102	1868
550.291	1928.2
551.479	2047.27
552.668	2186.04
553.856	2305.68
555.045	2474.17
556.232	2577.52
557.419	2660.01
558.606	2647.35
559.793	2570.13
560.979	2439.76
562.165	2342.83
563.35	2199.03
564.536	2097.24
565.721	1975.16
566.906	1890.51
568.09	1811.85
569.274	1748.34
570.457	1704.84
571.64	1654.47
572.824	1675.25
574.007	1661.45
575.189	1673.66
576.37	1705.58
577.552	1784.92
578.734	1833.41
579.915	1956.76
581.096	2048.4
582.276	2133.17
583.456	2158.24
584.636	2131.87
585.816	2088.07
586.995	1987.71
588.173	1919.34
589.352	1864.12
590.53	1801.75
591.708	1735.96
592.886	1704.45
594.063	1664.94
595.239	1642
596.416	1606.78
597.592	1587.27
598.768	1555.19
599.944	1549.97
601.119	1539.03
602.294	1507.81
603.469	1499.15
604.643	1488.79
605.817	1493.28
606.99	1497.77
608.163	1477.97
609.336	1453.04
610.509	1449.53
611.682	1457.16
612.853	1442.22
614.026	1451.29
615.197	1435.78
616.368	1411.41
617.539	1419.9
618.709	1404.68
619.879	1410.31
621.049	1405.09
622.218	1405.87
623.388	1389.79
624.557	1397.42
625.725	1406.48
626.893	1402.4
628.061	1412.89
629.229	1398.53
630.396	1385.02
631.563	1404.94
632.729	1376.86
633.895	1386.2
635.062	1374.12
636.227	1353.76
637.392	1366.25
638.557	1379.88
639.722	1386.37
640.886	1388.29
642.05	1395.93
643.214	1382.99
644.377	1373.19
645.54	1382.54
646.703	1368.18
647.865	1376.38
649.027	1358.87
650.189	1369.65
651.35	1366.14
652.511	1371.49
653.672	1368.84
654.833	1369.61
655.993	1382.1
657.153	1383.45
658.312	1367.66
659.472	1393.86
660.631	1364.07
661.789	1371.7
662.947	1374.76
664.105	1377.54
665.262	1374.89
666.42	1382.81
667.576	1376.16
668.734	1354.65
669.89	1369.71
671.046	1363.06
672.201	1369.26
673.357	1368.61
674.512	1367.67
675.667	1375.59
676.821	1391.23
677.975	1362.86
679.129	1368.78
680.282	1382.7
681.435	1363.48
682.588	1354.54
683.741	1385.89
684.893	1363.52
686.045	1379.44
687.196	1383.07
688.347	1370.71
689.498	1375.2
690.649	1359.12
691.799	1377.9
692.949	1377.24
694.099	1371.45
695.248	1377.65
696.396	1366.72
697.545	1380.06
698.694	1401.98
699.842	1382.19
700.989	1412.11
702.137	1396.88
703.284	1396.23
704.43	1425.58
705.577	1426.36
706.723	1404.28
707.869	1417.63
709.014	1418.4
710.159	1410.89
711.305	1438.53
712.449	1453.59
713.593	1454.65
714.737	1445.43
715.881	1451.63
717.024	1490.98
718.167	1503.76
719.309	1503.39
720.452	1503.88
721.594	1545.8
722.735	1547.72
723.876	1531.64
725.018	1514.13
726.158	1521.2
727.299	1501.4
728.439	1486.18
729.579	1473.24
730.718	1437.16
731.857	1438.51
732.996	1401
734.134	1391.49
735.273	1392.84
736.411	1380.76
737.548	1382.68
738.685	1376.6
739.823	1372.8
740.959	1363.86
742.095	1371.5
743.231	1343.99
744.367	1357.05
745.502	1355.26
746.637	1365.18
747.771	1350.81
748.906	1343.87
750.04	1310.93
751.173	1339.14
752.308	1342.2
753.441	1344.69
754.574	1318.9
755.705	1329.96
756.838	1335.59
757.97	1333.51
759.101	1344.58
760.232	1330.21
761.364	1340.13
762.494	1316.91
763.624	1335.68
764.754	1347.32
765.883	1334.66
767.013	1336.87
768.143	1347.36
769.271	1324.14
770.399	1325.77
771.527	1349.12
772.655	1345.9
773.782	1342.1
774.909	1326.02
776.036	1366.23
777.162	1341.86
778.289	1338.64
779.415	1344.27
780.54	1343.05
781.666	1355.54
782.791	1346.31
783.915	1359.38
785.039	1355.3
786.163	1344.36
787.287	1348.56
788.411	1358.2
789.533	1370.97
790.656	1352.61
791.778	1361.67
792.9	1382.16
794.022	1362.65
795.144	1355.14
796.265	1375.92
797.386	1379.55
798.506	1379.76
799.626	1358.25
800.746	1381.6
801.866	1385.52
802.985	1398.87
804.104	1396.79
805.223	1408.71
806.341	1387.2
807.459	1407.69
808.577	1418.75
809.694	1427.81
810.811	1435.16
811.928	1450.22
813.044	1470.43
814.16	1477.49
815.277	1474.27
816.392	1477.33
817.507	1457.53
818.622	1492.03
819.737	1501.37
820.851	1499.29
821.964	1517.21
823.078	1513.99
824.192	1515.62
825.304	1546.4
826.417	1556.6
827.53	1576.81
828.642	1597.87
829.754	1609.79
830.865	1637.43
831.976	1655.35
833.087	1706.41
834.197	1712.61
835.308	1749.68
836.417	1761.59
837.527	1782.09
838.636	1806.29
839.745	1844.78
840.854	1854.7
841.962	1904.05
843.07	1931.4
844.177	1975.6
845.284	2028.67
846.392	2056.01
847.499	2096.22
848.605	2177
849.711	2218.06
850.817	2221.41
851.922	2263.9
853.028	2268.96
854.132	2225.16
855.237	2233.94
856.341	2208.43
857.445	2267.21
858.549	2314.56
859.653	2396.48
860.755	2534.4
861.858	2665.17
862.96	2871.38
864.062	3116.73
865.164	3494.65
866.266	3973.99
867.367	4620.2
868.468	5379.83
869.568	6247.75
870.669	6920.24
871.768	7265.31
872.868	7182.94
873.967	6645.43
875.066	6031.35
876.165	5263.56
877.263	4640.05
878.361	4144.82
879.458	3676.46
880.557	3270.66
881.653	2907.44
882.75	2663.07
883.847	2474.99
884.943	2275.2
886.038	2163.4
887.134	2041.32
888.229	1962.67
889.325	1915.16
890.419	1840.79
891.513	1798.14
892.607	1763.49
893.701	1735.7
894.794	1738.19
895.888	1697.82
896.98	1706.31
898.073	1677.95
899.165	1706.72
900.257	1642.93
901.349	1625.42
902.44	1655.91
903.53	1648.97
904.621	1616.03
905.711	1655.95
906.802	1658.16
907.891	1632.08
908.981	1652
910.07	1657.92
911.158	1672.41
912.247	1692.04
913.335	1679.68
914.423	1720.17
915.51	1734.66
916.597	1737.44
917.684	1765.07
918.771	1791.27
919.857	1812.34
920.943	1831.97
922.029	1906.18
923.114	1967.24
924.199	2033.16
925.284	2136.51
926.368	2224.71
927.453	2322.63
928.537	2418.55
929.62	2479.61
930.703	2538.96
931.786	2518.88
932.868	2454.51
933.95	2343.86
935.032	2212.92
936.114	2103.13
937.196	2009.33
938.277	1940.11
939.357	1856.89
940.438	1817.38
941.518	1753.01
942.598	1692.65
943.678	1670.85
944.756	1621.63
945.835	1593.55
946.914	1585.75
947.992	1544.82
949.07	1556.45
950.148	1525.8
951.225	1529.72
952.302	1493.64
953.379	1485.56
954.456	1480.62
955.531	1462.54
956.608	1453.32
957.683	1428.09
958.758	1442.01
959.833	1419.07
960.908	1423.28
961.982	1400.91
963.056	1388.26
964.13	1393.61
965.203	1362.96
966.276	1363.16
967.349	1367.65
968.421	1373.29
969.493	1368.64
970.565	1344.55
971.636	1358.76
972.708	1349.54
973.779	1354.88
974.849	1350.52
975.92	1359.87
976.99	1352.07
978.06	1369.13
979.129	1347.34
980.198	1386.12
981.267	1366.04
982.336	1373.96
983.404	1372.73
984.471	1382.94
985.539	1394
986.606	1404.78
987.673	1392.12
988.739	1412.04
989.806	1419.68
990.872	1413.6
991.938	1436.95
993.003	1436.01
994.069	1421.64
995.133	1451.56
996.198	1469.77
997.262	1486.83
998.326	1497.89
999.39	1513.81
1000.45	1561.73
1001.52	1558.22
1002.58	1578.43
1003.64	1583.77
1004.7	1581.41
1005.77	1581.04
1006.83	1559.53
1007.89	1512.88
1008.95	1524.8
1010.01	1505.58
1011.07	1499.78
1012.13	1493.99
1013.19	1460.76
1014.25	1498.4
1015.31	1476.32
1016.37	1463.38
1017.42	1461.3
1018.48	1452.93
1019.54	1482.85
1020.6	1441.34
1021.65	1447.26
1022.71	1467.47
1023.77	1463.96
1024.82	1464.45
1025.88	1494.08
1026.94	1455.72
1027.99	1475.35
1029.05	1482.99
1030.1	1490.33
1031.16	1505.68
1032.21	1569.6
1033.26	1564.09
1034.32	1558.3
1035.37	1592.79
1036.42	1624.71
1037.48	1653.77
1038.53	1683.69
1039.58	1726.75
1040.63	1757.53
1041.68	1838.31
1042.74	1936.51
1043.79	2031
1044.84	2190.06
1045.89	2337.7
1046.94	2563.05
1047.99	2848.39
1049.04	3108.31
1050.09	3248.52
1051.13	3270.72
1052.18	3133.22
1053.23	2888.28
1054.28	2614.2
1055.33	2330.4
1056.37	2122.32
1057.42	1955.96
1058.47	1839.59
1059.51	1737.51
1060.56	1672.29
1061.6	1635.35
1062.65	1619.55
1063.7	1593.47
1064.74	1578.82
1065.78	1607.31
1066.83	1646.09
1067.87	1674.87
1068.92	1681.36
1069.96	1698.7
1071	1694.91
1072.04	1668.26
1073.09	1637.61
1074.13	1597.81
1075.17	1559.73
1076.21	1499.65
1077.25	1495.28
1078.29	1452.63
1079.34	1442.27
1080.38	1418.19
1081.42	1423.25
1082.45	1400.02
1083.49	1396.8
1084.53	1382.44
1085.57	1396.64
1086.61	1393.42
1087.65	1365.62
1088.69	1366.97
1089.72	1375.46
1090.76	1366.81
1091.8	1369.59
1092.84	1349.22
1093.87	1377.71
1094.91	1374.49
1095.94	1381.55
1096.98	1407.47
1098.01	1377.68
1099.05	1397.02
1100.08	1401.8
1101.12	1417.15
1102.15	1450.21
1103.19	1448.99
1104.22	1454.34
1105.25	1460.25
1106.29	1464.17
1107.32	1511.81
1108.35	1546.87
1109.38	1548.5
1110.41	1594.14
1111.44	1593.49
1112.48	1586.55
1113.51	1597.33
1114.54	1609.82
1115.57	1607.74
1116.6	1587.66
1117.63	1621
1118.65	1641.21
1119.68	1652.84
1120.71	1675.33
1121.74	1716.97
1122.77	1769.17
1123.8	1806.52
1124.82	1812.44
1125.85	1807.5
1126.88	1788.56
1127.9	1730.48
1128.93	1687.55
1129.96	1647.75
1130.98	1610.24
1132.01	1564.73
1133.03	1517.22
1134.06	1503.43
1135.08	1458.21
1136.11	1452.98
1137.13	1447.76
1138.15	1414.82
1139.18	1434.17
1140.2	1427.8
1141.22	1383.15
1142.24	1395.64
1143.27	1373.85
1144.29	1389.2
1145.31	1379.4
1146.33	1359.32
1147.35	1392.1
1148.37	1381.45
1149.39	1370.51
1150.41	1387.57
1151.43	1371.21
1152.45	1374.55
1153.47	1381.04
1154.49	1370.96
1155.51	1366.03
1156.53	1369.09
1157.54	1368.72
1158.56	1357.5
1159.58	1359.13
1160.59	1343.91
1161.61	1330.11
1162.63	1327.46
1163.64	1313.1
1164.66	1298.44
1165.68	1309.51
1166.69	1307.14
1167.71	1284.49
1168.72	1279.84
1169.73	1286.04
1170.75	1293.96
1171.76	1266.74
1172.78	1263.23
1173.79	1260.29
1174.8	1269.35
1175.81	1266.13
1176.83	1271.76
1177.84	1274.83
1178.85	1255.6
1179.86	1273.52
1180.87	1274.3
1181.88	1262.51
1182.89	1266.14
1183.9	1294.06
1184.91	1275.12
1185.92	1283.04
1186.93	1282.39
1187.94	1306.88
1188.95	1308.23
1189.96	1292.43
1190.97	1318.07
1191.97	1330.84
1192.98	1306.19
1193.99	1319.25
1195	1329.74
1196	1347.66
1197.01	1368.44
1198.01	1390.65
1199.02	1375.14
1200.03	1403.06
1201.03	1431.26
1202.04	1442.61
1203.04	1431.39
1204.04	1464.73
1205.05	1454.65
1206.05	1447.43
1207.06	1456.21
1208.06	1452.41
1209.06	1428.9
1210.06	1401.68
1211.07	1368.46
1212.07	1355.52
1213.07	1357.15
1214.07	1346.5
1215.07	1352.14
1216.07	1326.91
1217.07	1325.97
1218.07	1323.32
1219.07	1306.39
1220.07	1326.3
1221.07	1323.37
1222.07	1317.57
1223.07	1323.21
1224.07	1331.41
1225.07	1320.47
1226.06	1354.96
1227.06	1334.31
1228.06	1352.8
1229.06	1365.58
1230.05	1375.5
1231.05	1418.56
1232.04	1425.05
1233.04	1447.83
1234.04	1482.04
1235.03	1471.67
1236.03	1512.45
1237.02	1511.53
1238.01	1537.66
1239.01	1552.97
1240	1543.52
1241	1572.3
1241.99	1588.7
1242.98	1569.37
1243.97	1584.41
1244.97	1568.61
1245.96	1541.59
1246.95	1534.74
1247.94	1495.54
1248.93	1486.67
1249.92	1467.68
1250.91	1450.61
1251.9	1442.41
1252.89	1432.74
1253.88	1425
1254.87	1419.65
1255.86	1397.01
1256.85	1399.92
1257.84	1391.94
1258.83	1376.56
1259.81	1386.49
1260.8	1396.89
1261.79	1401.28
1262.78	1395.56
1263.76	1421.38
1264.75	1444.56
1265.73	1461.95
1266.72	1499.75
1267.71	1513.67
1268.69	1530.31
1269.68	1549.75
1270.66	1550.32
1271.65	1531.73
1272.63	1531.62
1273.61	1539.44
1274.6	1525.95
1275.58	1521.19
1276.56	1523.39
1277.55	1516.53
1278.53	1530.11
1279.51	1535.87
1280.49	1552.9
1281.47	1584.42
1282.45	1617.71
1283.43	1671.68
1284.42	1730.98
1285.4	1791.33
1286.38	1855.5
1287.35	1892.04
1288.33	1907.75
1289.06	1914.49
1290.08	1915.26
1291.1	1874.88
1292.12	1836.23
1293.14	1767
1294.16	1713.2
1295.17	1653.11
1296.19	1616.45
1297.21	1560.94
1298.23	1529.99
1299.25	1478.48
1300.27	1445.53
1301.28	1422.02
1302.3	1433.08
1303.32	1404.7
1304.33	1381.19
1305.35	1360.53
1306.37	1343.3
1307.38	1330.07
1308.4	1336.27
1309.41	1320.76
1310.43	1292.38
1311.44	1287.15
1312.46	1283.92
1313.47	1285.55
1314.49	1261.47
1315.5	1261.38
1316.51	1230.44
1317.53	1224.06
1318.54	1221.12
1319.55	1219.6
1320.57	1222.66
1321.58	1198
1322.59	1204.77
1323.6	1185.83
1324.61	1177.74
1325.63	1193.66
1326.64	1176.43
1327.65	1170.06
1328.66	1190.54
1329.67	1153.31
1330.68	1173.8
1331.69	1146.28
1332.7	1134.48
1333.71	1146.39
1334.72	1152.02
1335.72	1137.08
1336.73	1139.28
1337.74	1135.76
1338.75	1126.82
1339.76	1151.02
1340.76	1139.22
1341.77	1125.42
1342.78	1123.04
1343.79	1127.53
1344.79	1116.87
1345.8	1098.21
1346.8	1106.7
1347.81	1118.9
1348.82	1106.24
1349.82	1112.44
1350.83	1116.64
1351.83	1101.12
1352.84	1117.61
1353.84	1106.09
1354.84	1113.43
1355.85	1122.2
1356.85	1111.83
1357.85	1122.03
1358.86	1116.23
1359.86	1106.71
1360.86	1121.77
1361.86	1133.68
1362.87	1144.17
1363.87	1151.8
1364.87	1154.28
1365.87	1159.34
1366.87	1131.25
1367.87	1142.02
1368.87	1137.65
1369.87	1126.42
1370.87	1148.33
1371.87	1123.68
1372.87	1132.16
1373.87	1155.5
1374.87	1147.42
1375.87	1147.04
1376.87	1164.1
1377.86	1154.87
1378.86	1161.36
1379.86	1154.41
1380.86	1150.61
1381.85	1146.24
1382.85	1145.3
1383.85	1128.07
1384.84	1138.27
1385.84	1119.61
1386.84	1122.09
1387.83	1130.58
1388.83	1116.78
1389.82	1113.26
1390.82	1124.89
1391.81	1093.95
1392.81	1117.29
1393.8	1113.2
1394.79	1121.97
1395.79	1136.74
1396.78	1148.37
1397.77	1148
1398.77	1169.05
1399.76	1166.11
1400.75	1182.6
1401.74	1187.08
1402.74	1202.71
1403.73	1199.48
1404.72	1217.96
1405.71	1206.45
1406.7	1206.65
1407.69	1194.28
1408.68	1205.05
1409.67	1180.96
1410.66	1176.87
1411.65	1182.22
1412.64	1169.84
1413.63	1170.04
1414.62	1182.24
1415.61	1195.3
1416.59	1188.35
1417.58	1200.27
1418.57	1205.32
1419.56	1183.24
1420.55	1191.15
1421.53	1200.21
1422.52	1192.12
1423.51	1180.32
1424.49	1195.38
1425.48	1202.15
1426.46	1232.06
1427.45	1240.26
1428.43	1265.6
1429.42	1264.37
1430.4	1312.86
1431.39	1324.48
1432.37	1334.4
1433.36	1328.03
1434.34	1349.65
1435.32	1376.14
1436.31	1399.77
1437.29	1393.11
1438.27	1403.59
1439.26	1407.22
1440.24	1401.99
1441.22	1367.91
1442.2	1364.39
1443.18	1360.88
1444.16	1364.5
1445.14	1384.99
1446.12	1400.62
1447.11	1419.96
1448.09	1494.44
1449.07	1580.64
1450.05	1656.27
1451.02	1779.04
1452	1899.81
1452.98	1938.87
1453.96	1946.49
1454.94	1910.12
1455.92	1813.46
1456.9	1746.52
1457.87	1690.43
1458.85	1634.35
1459.83	1582.83
1460.81	1531.89
1461.78	1492.95
1462.76	1459.14
1463.73	1416.77
1464.71	1385.54
1465.69	1367.17
1466.66	1342.8
1467.64	1309.28
1468.61	1297.2
1469.59	1266.54
1470.56	1243.59
1471.54	1244.94
1472.51	1218.85
1473.48	1189.62
1474.46	1169.82
1475.43	1170.31
1476.4	1148.5
1477.37	1137.28
1478.35	1120.05
1479.32	1093.1
1480.29	1083.02
1481.26	1077.21
1482.23	1079.99
1483.21	1051.04
1484.18	1049.81
1485.15	1048.01
1486.12	1040.21
1487.09	1022.7
1488.06	1021.75
1489.03	1022.52
1490	1008.15
1490.97	1018.92
1491.93	1019.98
1492.9	1021.03
1493.87	1014.95
1494.84	1006
1495.81	991.345
1496.77	997.544
1497.74	1009.17
1498.71	997.086
1499.68	984.428
1500.64	984.055
1501.61	977.397
1502.58	988.739
1503.54	996.367
1504.51	977.709
1505.47	966.194
1506.44	976.679
1507.4	967.735
1508.37	967.649
1509.33	964.134
1510.3	966.619
1511.26	975.104
1512.22	977.874
1513.19	977.502
1514.15	977.415
1515.11	961.329
1516.08	981.814
1517.04	976.584
1518	967.926
1518.96	970.126
1519.92	972.896
1520.88	969.095
1521.85	963.866
1522.81	957.78
1523.77	952.836
1524.73	957.606
1525.69	948.948
1526.65	940.862
1527.61	947.918
1528.57	931.546
1529.53	942.317
1530.48	955.659
1531.44	926.144
1532.4	924.057
1533.36	947.113
1534.32	919.598
1535.28	943.797
1536.23	933.425
1537.19	931.625
1538.15	932.966
1539.1	927.451
1540.06	940.222
1541.02	915.278
1541.97	936.049
1542.93	947.105
1543.88	936.162
1544.84	934.932
1545.79	941.131
1546.75	933.902
1547.7	926.101
1548.66	929.729
1549.61	918.5
1550.56	916.127
1551.52	936.041
1552.47	921.383
1553.42	938.153
1554.38	913.781
1555.33	928.266
1556.28	949.608
1557.23	950.664
1558.18	943.149
1559.14	913.349
1560.09	909.833
1561.04	949.175
1561.99	930.803
1562.94	951.288
1563.89	937.487
1564.84	931.687
1565.79	926.171
1566.74	924.942
1567.69	928.855
1568.64	925.055
1569.59	922.397
1570.53	918.596
1571.48	913.938
1572.43	920.423
1573.38	922.908
1574.33	908.535
1575.27	926.449
1576.22	902.362
1577.17	906.276
1578.11	920.189
1579.06	907.531
1580	912.016
1580.95	912.787
1581.9	912.129
1582.84	894.614
1583.79	909.099
1584.73	900.155
1585.67	916.069
1586.62	877.125
1587.56	902.181
1588.51	903.238
1589.45	916.008
1590.39	902.207
1591.34	889.264
1592.28	893.177
1593.22	905.091
1594.16	889.29
1595.11	894.06
1596.05	889.117
1596.99	879.316
1597.93	880.372
1598.87	874.286
1599.81	889.342
1600.75	881.541
1601.69	877.455
1602.63	888.225
1603.57	860.996
1604.51	874.909
1605.45	893.394
1606.39	893.022
1607.33	903.221
1608.27	876.563
1609.21	893.905
1610.14	907.819
1611.08	914.875
1612.02	905.646
1612.96	910.702
1613.89	908.33
1614.83	877.672
1615.77	881.585
1616.7	888.356
1617.64	882.555
1618.58	862.754
1619.51	873.525
1620.45	850.296
1621.38	867.352
1622.32	844.98
1623.25	860.607
1624.19	863.949
1625.12	845.292
1626.05	851.205
1626.99	844.833
1627.92	847.603
1628.85	850.374
1629.79	852.287
1630.72	858.772
1631.65	839.257
1632.58	852.028
1633.52	852.513
1634.45	867.283
1635.38	883.197
1636.31	874.825
1637.24	869.024
1638.17	864.08
1639.1	887.994
1640.03	886.193
1640.96	886.678
1641.89	881.163
1642.82	871.362
1643.75	858.704
1644.68	869.189
1645.61	849.674
1646.54	857.016
1647.46	854.358
1648.39	843.414
1649.32	833.042
1650.25	843.527
1651.17	835.44
1652.1	831.639
1653.03	819.267
1653.95	820.323
1654.88	806.523
1655.81	829.007
1656.73	820.921
1657.66	807.12
1658.58	809.605
1659.51	810.376
1660.43	808.575
1661.36	812.203
1662.28	799.83
1663.21	820.887
1664.13	804.229
1665.05	812.714
1665.98	800.056
1666.9	812.255
1667.82	795.883
1668.74	815.51
1669.67	803.995
1670.59	804.48
1671.51	806.965
1672.43	796.593
1673.35	788.792
1674.27	795.277
1675.19	800.619
1676.12	793.104
1677.04	791.589
1677.96	797.216
1678.88	785.987
1679.79	791.901
1680.71	792.1
1681.63	786.585
1682.55	793.641
1683.47	809.269
1684.39	787.182
1685.31	784.524
1686.23	791.009
1687.14	778.065
1688.06	799.693
1688.98	776.75
1689.89	793.52
1690.81	785.719
1691.73	785.061
1692.64	783.832
1693.56	792.603
1694.48	773.945
1695.39	775.001
1696.31	782.057
1697.22	790.542
1698.14	790.741
1699.05	791.512
1699.96	777.711
1700.88	785.339
1701.79	774.395
1702.7	782.309
1703.62	770.508
1704.53	786.136
1705.44	774.049
1706.36	781.391
1707.27	773.019
1708.18	788.361
1709.09	786.56
1710	789.902
1710.92	774.101
1711.83	786.872
1712.74	785.643
1713.65	780.699
1714.56	776.041
1715.47	780.526
1716.38	801.582
1717.29	789.21
1718.2	791.981
1719.11	802.466
1720.01	797.808
1720.92	799.721
1721.83	796.492
1722.74	816.119
1723.65	817.461
1724.56	821.946
1725.46	831.574
1726.37	824.63
1727.28	849.972
1728.18	878.457
1729.09	901.228
1730	923.999
1730.9	979.341
1731.81	1020.11
1732.71	1087.17
1733.62	1112.51
1734.52	1126.42
1735.43	1122.91
1736.33	1119.39
1737.24	1104.45
1738.14	1062.65
1739.04	1063.42
1739.95	1042.48
1740.85	1040.67
1741.75	1047.16
1742.66	1022.79
1743.56	1022.7
1744.46	1028.33
1745.36	993.099
1746.26	1015.87
1747.17	1011.21
1748.07	998.268
1748.97	997.324
1749.87	983.809
1750.77	974.866
1751.67	953.065
1752.57	941.55
1753.47	942.892
1754.37	914.805
1755.27	911.29
1756.17	905.489
1757.07	895.688
1757.97	889.602
1758.86	872.372
1759.76	854.286
1760.66	851.342
1761.56	834.113
1762.45	820.598
1763.35	825.368
1764.25	792.425
1765.15	810.338
1766.04	776.252
1766.94	782.165
1767.83	782.65
1768.73	777.135
1769.63	765.62
1770.52	766.676
1771.42	734.304
1772.31	741.932
1773.2	727.274
1774.1	726.044
1774.99	723.672
1775.89	724.157
1776.78	712.642
1777.67	718.555
1778.57	697.612
1779.46	684.954
1780.35	706.867
1781.24	700.495
1782.14	699.551
1783.03	701.75
1783.92	684.807
1784.81	694.149
1785.7	690.634
1786.59	685.69
1787.48	697.318
1788.37	681.517
1789.26	682.573
1790.15	683.63
1791.04	688.686
1791.93	676.885
1792.82	688.513
1793.71	677.569
1794.6	680.34
1795.49	680.825
1796.38	667.31
1797.26	673.509
1798.15	669.422
1799.04	668.479
1799.93	667.535
1800.81	664.02
1801.7	663.362
1802.59	665.275
1803.47	675.475
1804.36	665.674
1805.24	655.587
1806.13	662.644
1807.02	646.557
1807.9	644.471
1808.79	659.527
1809.67	632.298
1810.55	666.782
1811.44	658.41
1812.32	648.038
1813.21	647.666
1814.09	652.151
1814.97	662.064
1815.86	647.692
1816.74	647.891
1817.62	640.661
1818.5	638.004
1819.38	642.489
1820.27	646.116
1821.15	637.744
1822.03	638.229
1822.91	631.857
1823.79	642.056
1824.67	639.969
1825.55	625.883
1826.43	633.796
1827.31	629.71
1828.19	643.337
1829.07	634.965
1829.95	624.022
1830.83	643.078
1831.71	635.849
1832.58	635.191
1833.46	632.818
1834.34	623.018
1835.22	622.074
1836.1	627.416
1836.97	625.044
1837.85	612.671
1838.73	614.013
1839.6	603.927
1840.48	612.698
1841.35	606.325
1842.23	620.239
1843.11	603.867
1843.98	594.923
1844.86	615.122
1845.73	601.607
1846.6	605.235
1847.48	602.862
1848.35	607.633
1849.23	606.689
1850.1	605.46
1850.97	609.373
1851.85	611.573
1852.72	602.629
1853.59	602.828
1854.46	598.17
1855.34	597.798
1856.21	585.997
1857.08	583.625
1857.95	600.396
1858.82	596.309
1859.69	585.365
1860.56	590.993
1861.43	602.335
1862.3	593.106
1863.17	599.019
1864.04	591.218
1864.91	583.132
1865.78	591.902
1866.65	590.959
1867.52	587.729
1868.39	583.071
1869.26	580.699
1870.13	584.327
1870.99	587.098
1871.86	595.297
1872.73	587.496
1873.59	575.124
1874.46	573.323
1875.33	581.522
1876.19	573.436
1877.06	578.492
1877.93	575.834
1878.79	582.605
1879.66	573.375
1880.52	573.003
1881.39	570.631
1882.25	566.258
1883.12	563.029
1883.98	566.943
1884.84	562.856
1885.71	567.912
1886.57	564.969
1887.43	562.311
1888.3	559.081
1889.16	555.566
1890.02	547.765
1890.89	561.965
1891.75	555.307
1892.61	569.791
1893.47	547.133
1894.33	555.618
1895.19	544.675
1896.05	551.445
1896.91	546.502
1897.78	545.558
1898.64	548.614
1899.5	563.099
1900.35	554.156
1901.21	556.926
1902.07	545.697
1902.93	539.039
1903.79	552.667
1904.65	546.58
1905.51	543.922
1906.37	543.836
1907.22	551.463
1908.08	526.805
1908.94	542.147
1909.8	532.632
1910.65	535.403
1911.51	533.602
1912.36	526.658
1913.22	541.429
1914.08	534.485
1914.93	539.542
1915.79	544.312
1916.64	539.654
1917.5	527.854
1918.35	532.339
1919.21	531.966
1920.06	519.88
1920.92	519.222
1921.77	514.564
1922.62	519.334
1923.48	514.962
1924.33	523.733
1925.18	520.218
1926.03	518.988
1926.89	529.473
1927.74	518.529
1928.59	513.014
1929.44	512.356
1930.29	515.698
1931.14	517.041
1932	515.24
1932.85	508.296
1933.7	515.638
1934.55	504.694
1935.4	507.751
1936.25	503.95
1937.1	508.149
1937.94	505.777
1938.79	510.548
1939.64	507.032
1940.49	489.232
1941.34	509.431
1942.19	489.916
1943.04	504.401
1943.88	493.457
1944.73	496.227
1945.58	501.855
1946.42	486.912
1947.27	489.396
1948.12	500.738
1948.96	494.652
1949.81	505.994
1950.65	484.765
1951.5	483.25
1952.34	479.734
1953.19	480.791
1954.03	483.276
1954.88	490.046
1955.72	477.103
1956.57	487.302
1957.41	489.215
1958.25	491.7
1959.1	493.042
1959.94	485.527
1960.78	488.012
1961.63	496.497
1962.47	476.41
1963.31	478.609
1964.15	472.237
1964.99	479.865
1965.84	479.493
1966.68	481.406
1967.52	474.177
1968.36	468.09
1969.2	465.718
1970.04	468.203
1970.88	462.974
1971.72	467.458
1972.56	466.515
1973.4	469
1974.24	463.77
1975.08	456.827
1975.91	471.312
1976.75	465.797
1977.59	462.567
1978.43	467.623
1979.27	460.965
1980.1	459.45
1980.94	456.221
1981.78	456.992
1982.62	452.619
1983.45	457.39
1984.29	460.446
1985.12	448.646
1985.96	459.416
1986.79	453.044
1987.63	447.243
1988.46	459.728
1989.3	453.927
1990.13	449.555
1990.97	446.611
1991.8	443.382
1992.64	439.581
1993.47	439.209
1994.3	442.265
1995.14	437.321
1995.97	447.806
1996.8	445.72
1997.64	461.919
1998.47	440.404
1999.3	443.175
2000.13	438.517
2000.96	426.43
2001.79	438.629
2002.63	433.4
2003.46	444.742
2004.29	448.084
2005.12	428.283
2005.95	441.625
2006.78	439.539
2007.61	439.166
2008.44	429.937
2009.27	436.136
2010.09	438.335
2010.92	426.82
2011.75	428.734
2012.58	430.933
2013.41	426.846
2014.24	419.617
2015.06	434.673
2015.89	424.301
2016.72	425.929
2017.54	433.557
2018.37	426.041
2019.2	417.383
2020.02	405.297
2020.85	419.496
2021.68	414.838
2022.5	428.18
2023.33	408.379
2024.15	414.864
2024.98	415.064
2025.8	415.263
2026.62	404.319
2027.45	422.233
2028.27	408.717
2029.1	403.488
2029.92	408.544
2030.74	401.886
2031.56	395.514
2032.39	398.285
2033.21	410.484
2034.03	403.255
2034.85	396.025
2035.68	401.081
2036.5	402.709
2037.32	402.908
2038.14	392.25
2038.96	404.164
2039.78	403.22
2040.6	400.277
2041.42	401.333
2042.24	396.389
2043.06	392.303
2043.88	391.931
2044.7	393.272
2045.52	383.186
2046.34	391.099
2047.16	392.442
2047.97	382.355
2048.79	385.126
2049.61	391.039
2050.43	376.095
2051.24	381.437
2052.06	386.208
2052.88	386.407
2053.69	386.035
2054.51	381.663
2055.33	388.433
2056.14	381.49
2056.96	384.546
2057.77	390.745
2058.59	382.659
2059.4	377.144
2060.22	378.771
2061.03	373.828
2061.85	376.884
2062.66	375.083
2063.48	368.711
2064.29	373.767
2065.1	365.966
2065.92	369.308
2066.73	364.365
2067.54	367.993
2068.35	370.763
2069.17	364.677
2069.98	368.59
2070.79	379.932
2071.6	375.56
2072.41	365.759
2073.22	362.244
2074.03	365.015
2074.84	358.642
2075.65	372.842
2076.46	363.898
2077.27	372.954
2078.08	358.296
2078.89	365.353
2079.7	364.409
2080.51	363.751
2081.32	351.379
2082.13	359.578
2082.94	358.063
2083.74	357.976
2084.55	360.747
2085.36	356.66
2086.17	352.86
2086.97	356.202
2087.78	356.401
2088.59	361.171
2089.39	350.799
2090.2	354.998
2091.01	356.34
2091.81	351.397
2092.62	353.31
2093.42	347.795
2094.23	351.423
2095.03	348.479
2095.84	349.821
2096.64	340.02
2097.45	339.648
2098.25	342.99
2099.05	344.047
2099.86	341.674
