150.31	2457.86
151.606	2442.43
152.902	2438.14
154.198	2428.43
155.492	2437.86
156.787	2446.14
158.081	2399.29
159.376	2405.86
160.669	2395
161.962	2366.71
163.256	2374.14
164.548	2354.71
165.841	2334.43
167.133	2336.14
168.424	2322.43
169.715	2309.57
171.006	2323
172.297	2316.14
173.587	2297
174.877	2279
176.166	2331
177.456	2307.86
178.745	2296.43
180.033	2302.71
181.321	2309.29
182.609	2297.29
183.897	2321.29
185.184	2279.86
186.471	2309
187.757	2316.71
189.044	2339.86
190.33	2327.86
191.615	2307.29
192.9	2309.57
194.185	2302.71
195.469	2316.71
196.753	2313.86
198.037	2276.43
199.321	2255.29
200.604	2251.86
201.887	2249.57
203.17	2242.43
204.451	2224.43
205.733	2233.57
207.014	2237.86
208.296	2238.14
209.576	2229.29
210.856	2219.29
212.137	2227.57
213.417	2233.86
214.696	2235
215.975	2235
217.253	2251.86
218.532	2259.86
219.81	2248.71
221.088	2246.43
222.365	2233.86
223.642	2266.71
224.919	2252.71
226.195	2258.43
227.471	2291.29
228.747	2340.4
230.022	2304.08
231.297	2375.19
232.572	2361.16
233.846	2391.13
235.12	2372.24
236.394	2387.07
237.667	2376.47
238.94	2367.58
240.213	2397.55
241.485	2394.38
242.757	2383.49
244.029	2374.6
245.3	2410.85
246.571	2430.25
247.842	2426.51
249.112	2465.91
250.381	2477.3
251.651	2518.7
252.921	2530.1
254.189	2568.93
255.457	2574.32
256.726	2627.72
257.994	2647.69
259.261	2724.23
260.529	2724.2
261.796	2794.46
263.062	2873.85
264.329	2939.54
265.595	2960.65
266.86	3004.62
268.125	3042.02
269.39	3085.7
270.655	3117.38
271.919	3040.78
273.182	2996.46
274.446	2925
275.71	2844.69
276.973	2732.94
278.234	2628.63
279.497	2530.31
280.759	2442.85
282.021	2415.96
283.281	2375.93
284.543	2312.47
285.803	2278.44
287.063	2237.84
288.322	2229.52
289.583	2204.35
290.842	2188.03
292.101	2183.43
293.358	2202.54
294.617	2190.8
295.875	2187.34
297.133	2190.74
298.389	2208.42
299.647	2216.96
300.903	2214.07
302.159	2212.9
303.415	2202.3
304.67	2217.7
305.925	2201.95
307.18	2231.06
308.435	2255.6
309.689	2220.72
310.943	2247.26
312.196	2208.65
313.45	2221.48
314.702	2217.16
315.954	2216.56
317.207	2214.82
318.459	2195.64
319.71	2207.61
320.961	2192.72
322.212	2192.69
323.463	2197.52
324.712	2168.63
325.962	2121.17
327.211	2120.86
328.461	2112.83
329.71	2048.51
330.958	2058.76
332.207	2039.59
333.454	2047.27
334.702	2032.39
335.949	2042.64
337.196	2041.47
338.442	2047.15
339.688	2034.26
340.933	2052.8
342.179	2060.2
343.424	2036.46
344.67	2069.57
345.914	2059.54
347.158	2055.22
348.402	2063.76
349.645	2066.87
350.888	2098.27
352.131	2116.24
353.373	2130.21
354.616	2134.18
355.857	2132.15
357.099	2115.55
358.34	2103.52
359.58	2096.34
360.821	2120.31
362.061	2102.85
363.301	2106.25
364.54	2075.65
365.78	2075.62
367.019	2072.73
368.257	2089.84
369.495	2073.52
370.733	2075.78
371.97	2098.32
373.208	2112.57
374.444	2131.69
375.681	2119.08
376.917	2097.34
378.153	2072.74
379.389	2075.56
380.623	2058.96
381.858	2033.79
383.092	2042.9
384.327	2049.44
385.561	2065.7
386.794	2060.81
388.027	2097.06
389.26	2066.46
390.492	2045.29
391.724	2050.11
392.956	2079.51
394.188	2066.62
395.419	2073.16
396.65	2042.85
397.88	2052.53
399.11	2075.36
400.341	2099.04
401.57	2085.58
402.799	2088.98
404.028	2093.81
405.257	2112.06
406.484	2125.17
407.712	2139.14
408.94	2158.54
410.167	2172.51
411.394	2181.91
412.621	2201.3
413.847	2173.56
415.073	2156.67
416.298	2141.78
417.523	2126.32
418.749	2112.86
419.973	2089.69
421.197	2059.09
422.421	2066.77
423.644	2023.6
424.867	2062.71
426.091	2040.68
427.313	2054.36
428.536	2042.9
429.757	2075.45
430.979	2063.7
432.201	2084.53
433.421	2073.92
434.642	2053.32
435.862	2048.72
437.082	2057.55
438.301	2060.09
439.52	2062.34
440.739	2039.74
441.958	2067.42
443.176	2078.82
444.394	2072.22
445.612	2102.19
446.83	2126.73
448.046	2178.41
449.263	2192.67
450.479	2280.07
451.695	2323.18
452.911	2440
454.126	2535.4
455.341	2606.51
456.556	2635.34
457.77	2639.31
458.985	2613.85
460.198	2527.53
461.411	2464.07
462.624	2387.47
463.837	2286.3
465.05	2256.27
466.262	2222.81
467.473	2206.78
468.685	2156.46
469.896	2164.72
471.106	2165.83
472.317	2151.51
473.527	2149.77
474.737	2109.16
475.946	2106.28
477.155	2096.25
478.364	2086.21
479.573	2124.47
480.781	2109.58
481.988	2172.12
483.195	2201.81
484.403	2260.06
485.609	2299.46
486.816	2284.86
488.022	2251.97
489.227	2170.51
490.434	2107.91
491.639	2081.02
492.844	2062.13
494.048	2032.1
495.252	2059.21
496.456	2059.18
497.66	2066.01
498.863	2036.26
500.065	2074.52
501.268	2077.92
502.47	2033.31
503.672	2025
504.874	2006.4
506.075	1981.51
507.275	1977.19
508.476	2001.45
509.677	1989.7
510.876	2018.81
512.076	2026.5
513.275	2019.04
514.474	2037.01
515.673	2068.4
516.871	2023.23
518.069	2012.63
519.267	1994.03
520.464	1998.57
521.661	1964.54
522.857	1989.65
524.054	1965.62
525.25	1995.87
526.445	1982.98
527.641	2005.53
528.836	1989.78
530.031	1979.46
531.225	2010.29
532.42	1981.97
533.613	1992.8
534.807	1997.34
536	2016.17
537.192	2017.85
538.384	2024.96
539.576	2044.36
540.768	2034.33
541.96	2048.3
543.151	2061.41
544.342	2090.81
545.532	2128.78
546.723	2130.46
547.912	2156.14
549.102	2203.83
550.291	2269.23
551.479	2296.91
552.668	2379.45
553.856	2444.56
555.045	2524.53
556.232	2573.36
557.419	2615.9
558.606	2588.73
559.793	2564.41
560.979	2534.38
562.165	2436.92
563.35	2378.6
564.536	2300.86
565.721	2247.68
566.906	2223.94
568.09	2173.91
569.274	2162.73
570.457	2142.7
571.64	2133.53
572.824	2134.64
574.007	2145.47
575.189	2146.29
576.37	2175.98
577.552	2231.38
578.734	2260.77
579.915	2337.31
581.096	2370.43
582.276	2439.54
583.456	2436.94
584.636	2437.76
585.816	2377.45
586.995	2315.99
588.173	2293.96
589.352	2227.35
590.53	2187.61
591.708	2173.29
592.886	2136.69
594.063	2128.95
595.239	2125.2
596.416	2102.6
597.592	2110.57
598.768	2102.82
599.944	2067.93
601.119	2049.9
602.294	2069.59
603.469	2057.84
604.643	2059.24
605.817	2032.07
606.99	2020.04
608.163	2021.43
609.336	2021.4
610.509	2011.37
611.682	2019.06
612.853	2001.6
614.026	2014.71
615.197	2007.25
616.368	2005.5
617.539	2008.33
618.709	1962.01
619.879	1979.13
621.049	1956.81
622.218	1969.06
623.388	1973.32
624.557	1990.15
625.725	1981.83
626.893	1988.94
628.061	1989.48
629.229	1980.31
630.396	1974.28
631.563	1956.53
632.729	1966.5
633.895	1958.19
635.062	1946.44
636.227	1921.55
637.392	1972.09
638.557	1990.63
639.722	2009.75
640.886	2044
642.05	2065.11
643.214	2025.08
644.377	2025.91
645.54	1971.88
646.703	1964.13
647.865	1926.1
649.027	1937.21
650.189	1921.75
651.35	1935.44
652.511	1941.41
653.672	1955.95
654.833	1966.2
655.993	1959.31
657.153	1959
658.312	1952.68
659.472	1957.79
660.631	1945.48
661.789	1951.73
662.947	1951.99
664.105	1958.24
665.262	1961.64
666.42	1965.32
667.576	1956.15
668.734	1959.83
669.89	1957.23
671.046	1968.34
672.201	1962.03
673.357	1977.42
674.512	1964.25
675.667	1957.08
676.821	1978.48
677.975	1985.59
679.129	1972.41
680.282	1985.81
681.435	2001.5
682.588	1939.75
683.741	1963.72
684.893	1968.83
686.045	1980.23
687.196	1962.2
688.347	1942.45
689.498	1926.14
690.649	1956.96
691.799	1967.22
692.949	1941.76
694.099	1952.01
695.248	1945.98
696.396	1971.38
697.545	1934.49
698.694	1959.89
699.842	1953.29
700.989	1973.26
702.137	1998.66
703.284	1996.34
704.43	2010.02
705.577	2013.42
706.723	1976.25
707.869	1994.79
709.014	1992.76
710.159	1972.15
711.305	1988.12
712.449	1986.09
713.593	2000.35
714.737	1985.75
715.881	1976.86
717.024	1982.54
718.167	2010.51
719.309	1997.34
720.452	2031.02
721.594	2033.85
722.735	2008.39
723.876	2038.93
725.018	2010.61
726.158	2018.01
727.299	2012.84
728.439	2030.23
729.579	1961.63
730.718	1980.17
731.857	1969
732.996	1966.4
734.134	1933.22
735.273	1939.48
736.411	1932.02
737.548	1909.7
738.685	1907.39
739.823	1926.78
740.959	1909.61
742.095	1889.01
743.231	1880.98
744.367	1893.23
745.502	1899.49
746.637	1881.74
747.771	1892
748.906	1889.97
750.04	1902.79
751.173	1883.62
752.308	1855.02
753.441	1904.99
754.574	1873.81
755.705	1878.35
756.838	1858.04
757.97	1865.72
759.101	1872.26
760.232	1850.8
761.364	1869.34
762.494	1875.31
763.624	1876.14
764.754	1867.82
765.883	1883.5
767.013	1859.76
768.143	1909.73
769.271	1856.84
770.399	1893.38
771.527	1891.35
772.655	1889.61
773.782	1875.86
774.909	1899.26
776.036	1892.08
777.162	1895.48
778.289	1909.17
779.415	1911.42
780.54	1906.53
781.666	1889.93
782.791	1874.19
783.915	1906.44
785.039	1914.12
786.163	1928.95
787.287	1908.35
788.411	1908.89
789.533	1902.29
790.656	1915.97
791.778	1914.23
792.9	1910.77
794.022	1921.88
795.144	1898.42
796.265	1913.25
797.386	1910.64
798.506	1914.9
799.626	1904.87
800.746	1911.98
801.866	1888.52
802.985	1917.63
804.104	1920.46
805.223	1925.57
806.341	1918.97
807.459	1949.51
808.577	1940.34
809.694	1957.45
810.811	1970.56
811.928	1984.81
813.044	1981.36
814.16	1983.04
815.277	2033.87
816.392	2016.41
817.507	1993.52
818.622	1993.77
819.737	1977.74
820.851	1982.28
821.964	1965.97
823.078	1973.94
824.192	1963.05
825.304	1968.16
826.417	2001.27
827.53	1979.24
828.642	1991.21
829.754	2010.32
830.865	2020.01
831.976	2027.12
833.087	2069.37
834.197	2071.91
835.308	2099.6
836.417	2104.42
837.527	2131.82
838.636	2132.08
839.745	2167.19
840.854	2164.02
841.962	2172.27
843.07	2190.24
844.177	2213.35
845.284	2228.75
846.392	2287.86
847.499	2314.4
848.605	2310.94
849.711	2353.48
850.817	2376.31
851.922	2402.28
853.028	2382.25
854.132	2384.22
855.237	2381.04
856.341	2350.44
857.445	2423.27
858.549	2406.38
859.653	2470.06
860.755	2528.32
861.858	2593.14
862.96	2735.97
864.062	2868.51
865.164	3063.62
866.266	3378.16
867.367	3747.28
868.468	4113.25
869.568	4570.64
870.669	4905.76
871.768	5085.44
872.868	5019.12
873.967	4791.09
875.066	4465.06
876.165	4055.89
877.263	3723
878.361	3417.25
879.458	3199.22
880.557	2938.34
881.653	2742.02
882.75	2565.42
883.847	2475.39
884.943	2350.78
886.038	2259.33
887.134	2229.58
888.229	2178.12
889.325	2115.8
890.419	2100.63
891.513	2072.6
892.607	2071.14
893.701	2038.54
894.794	2028.51
895.888	2039.91
896.98	2018.73
898.073	1986.99
899.165	2003.24
900.257	1989.78
901.349	1970.61
902.44	1997.15
903.53	1980.55
904.621	1969.95
905.711	1977.63
906.802	1985.6
907.891	1979.85
908.981	1994.11
910.07	1998.36
911.158	2011.19
912.247	1998.3
913.335	2022.27
914.423	2033.38
915.51	2042.49
916.597	2043.32
917.684	2054.15
918.771	2069.55
919.857	2078.66
920.943	2083.2
922.029	2111.74
923.114	2164.56
924.199	2218.53
925.284	2225.08
926.368	2287.04
927.453	2335.01
928.537	2420.41
929.62	2417.81
930.703	2456.35
931.786	2428.89
932.868	2403.72
933.95	2360.83
935.032	2259.66
936.114	2213.34
937.196	2158.17
938.277	2125.28
939.357	2066.39
940.438	2029.22
941.518	2008.61
942.598	1968.01
943.678	1956.84
944.756	1962.81
945.835	1918.49
946.914	1925.89
947.992	1918.43
949.07	1910.11
950.148	1893.22
951.225	1872.34
952.302	1875.73
953.379	1865.7
954.456	1843.67
955.531	1834.21
956.608	1821.9
957.683	1843.01
958.758	1822.41
959.833	1805.52
960.908	1803.49
961.982	1823.46
963.056	1804.57
964.13	1798.25
965.203	1790.51
966.276	1784.76
967.349	1789.59
968.421	1776.13
969.493	1762.1
970.565	1786.07
971.636	1766.04
972.708	1792.29
973.779	1787.12
974.849	1797.66
975.92	1792.49
976.99	1777.31
978.06	1795.85
979.129	1775.54
980.198	1810.08
981.267	1779.19
982.336	1777.73
983.404	1801.41
984.471	1807.95
985.539	1782.21
986.606	1786.75
987.673	1826.72
988.739	1788.97
989.806	1791.52
990.872	1811.2
991.938	1831.74
993.003	1825.71
994.069	1808.25
995.133	1817.36
996.198	1815.62
997.262	1850.16
998.326	1874.7
999.39	1886.95
1000.45	1885.49
1001.52	1885.75
1002.58	1894.57
1003.64	1901.12
1004.7	1918.51
1005.77	1864.48
1006.83	1902.45
1007.89	1878.99
1008.95	1883.82
1010.01	1869.5
1011.07	1841.76
1012.13	1836.58
1013.19	1844.55
1014.25	1834.81
1015.31	1866.21
1016.37	1833.6
1017.42	1841.86
1018.48	1839.83
1019.54	1838.08
1020.6	1832.62
1021.65	1841.74
1022.71	1844.56
1023.77	1836.82
1024.82	1830.21
1025.88	1838.47
1026.94	1837.58
1027.99	1845.55
1029.05	1844.38
1030.1	1843.49
1031.16	1877.74
1032.21	1862.57
1033.26	1855.11
1034.32	1883.65
1035.37	1903.62
1036.42	1914.45
1037.48	1935.56
1038.53	1949.24
1039.58	1985.78
1040.63	2005.75
1041.68	2009.72
1042.74	2075.69
1043.79	2151.09
1044.84	2184.77
1045.89	2329.6
1046.94	2439.28
1047.99	2588.11
1049.04	2711.51
1050.09	2816.62
1051.13	2780.02
1052.18	2729.99
1053.23	2617.96
1054.28	2432.21
1055.33	2285.32
1056.37	2187.01
1057.42	2073.55
1058.47	2019.23
1059.51	1988.91
1060.56	1936.6
1061.6	1917.14
1062.65	1914.82
1063.7	1894.79
1064.74	1912.47
1065.78	1926.16
1066.83	1928.41
1067.87	1980.95
1068.92	1966.64
1069.96	2002.03
1071	2020
1072.04	2018.83
1073.09	2021.37
1074.13	2016.48
1075.17	1989.31
1076.21	1989.85
1077.25	1990.96
1078.29	2001.22
1079.34	2065.76
1080.38	2092.87
1081.42	2097.98
1082.45	2106.52
1083.49	2038.49
1084.53	1987.32
1085.57	1941.29
1086.61	1890.69
1087.65	1864.65
1088.69	1836.34
1089.72	1798.88
1090.76	1789.13
1091.8	1794.53
1092.84	1778.21
1093.87	1777.04
1094.91	1783.87
1095.94	1777.27
1096.98	1785.52
1098.01	1789.49
1099.05	1758.03
1100.08	1794
1101.12	1811.4
1102.15	1800.51
1103.19	1780.19
1104.22	1815.31
1105.25	1800.7
1106.29	1842.67
1107.32	1830.64
1108.35	1850.9
1109.38	1855.44
1110.41	1885.12
1111.44	1877.66
1112.48	1888.2
1113.51	1883.03
1114.54	1892.71
1115.57	1870.4
1116.6	1867.51
1117.63	1863.76
1118.65	1883.73
1119.68	1905.42
1120.71	1907.1
1121.74	1952.21
1122.77	1982.75
1123.8	1974.43
1124.82	1967.83
1125.85	1998.09
1126.88	1975.2
1127.9	1962.6
1128.93	1924
1129.96	1882.25
1130.98	1880.22
1132.01	1848.19
1133.03	1818.16
1134.06	1811.27
1135.08	1796.95
1136.11	1791.78
1137.13	1793.18
1138.15	1776
1139.18	1791.97
1140.2	1765.66
1141.22	1785.63
1142.24	1783.88
1143.27	1791.85
1144.29	1782.68
1145.31	1766.07
1146.33	1792.62
1147.35	1783.73
1148.37	1788.84
1149.39	1822.52
1150.41	1785.35
1151.43	1814.18
1152.45	1825
1153.47	1810.97
1154.49	1806.37
1155.51	1816.34
1156.53	1804.31
1157.54	1810.28
1158.56	1797.96
1159.58	1797.07
1160.59	1793.04
1161.61	1776.73
1162.63	1807.27
1163.64	1798.95
1164.66	1783.2
1165.68	1780.6
1166.69	1806
1167.71	1765.97
1168.72	1768.22
1169.73	1754.48
1170.75	1761.02
1171.76	1747.56
1172.78	1707.82
1173.79	1736.07
1174.8	1732.33
1175.81	1719.72
1176.83	1701.12
1177.84	1732.23
1178.85	1730.77
1179.86	1732.46
1180.87	1766.14
1181.88	1760.11
1182.89	1754.36
1183.9	1741.76
1184.91	1728.02
1185.92	1740.84
1186.93	1723.96
1187.94	1709.07
1188.95	1733.89
1189.96	1728.15
1190.97	1732.12
1191.97	1713.52
1192.98	1727.77
1193.99	1718.03
1195	1735.71
1196	1766.82
1197.01	1777.65
1198.01	1778.76
1199.02	1779.02
1200.03	1786.13
1201.03	1783.53
1202.04	1791.78
1203.04	1794.89
1204.04	1813.43
1205.05	1803.97
1206.05	1829.37
1207.06	1785.91
1208.06	1825.88
1209.06	1828.71
1210.06	1815.53
1211.07	1820.65
1212.07	1792.33
1213.07	1788.3
1214.07	1801.98
1215.07	1798.81
1216.07	1797.92
1217.07	1824.46
1218.07	1820.72
1219.07	1839.83
1220.07	1871.51
1221.07	1884.62
1222.07	1880.31
1223.07	1910.28
1224.07	1901.96
1225.07	1941.93
1226.06	1971.04
1227.06	1928.15
1228.06	1984.12
1229.06	2005.24
1230.05	2033.49
1231.05	2010.6
1232.04	2006.86
1233.04	2043.97
1234.04	2048.22
1235.03	2071.62
1236.03	2099.88
1237.02	2113.12
1238.01	2140.09
1239.01	2163.43
1240	2214.84
1241	2247.19
1241.99	2235.72
1242.98	2268.83
1243.97	2262.47
1244.97	2258.96
1245.96	2238.99
1246.95	2202.69
1247.94	2202.48
1248.93	2201.88
1249.92	2193.47
1250.91	2194.55
1251.9	2187.7
1252.89	2204.24
1253.88	2219.85
1254.87	2265.25
1255.86	2319.96
1256.85	2354.76
1257.84	2404.07
1258.83	2458.77
1259.81	2506.37
1260.8	2539.95
1261.79	2584.02
1262.78	2598.25
1263.76	2589.16
1264.75	2591.13
1265.73	2551.12
1266.72	2519.54
1267.71	2501.46
1268.69	2476.36
1269.68	2437.38
1270.66	2383.24
1271.65	2342.48
1272.63	2283.86
1273.61	2241.56
1274.6	2188.19
1275.58	2149.55
1276.56	2109.45
1277.55	2074.66
1278.53	2067.65
1279.51	2056
1280.49	2051.68
1281.47	2063.93
1282.45	2069.58
1283.43	2080.51
1284.42	2111.86
1285.4	2131.39
1286.38	2142.48
1287.35	2154.99
1288.33	2179.55
1289.06	2173.97
1290.08	2158.19
1291.1	2105.27
1292.12	2069.49
1293.14	2034.29
1294.16	2038.79
1295.17	1951.02
1296.19	1950.67
1297.21	1906.89
1298.23	1882.82
1299.25	1868.48
1300.27	1857.84
1301.28	1836.35
1302.3	1848.29
1303.32	1789.65
1304.33	1795.87
1305.35	1787.24
1306.37	1809.75
1307.38	1774.82
1308.4	1779.33
1309.41	1798.41
1310.43	1764.92
1311.44	1790.86
1312.46	1803.94
1313.47	1789.59
1314.49	1810.67
1315.5	1806.89
1316.51	1799.11
1317.53	1783.05
1318.54	1813.84
1319.55	1793.21
1320.57	1766
1321.58	1773.08
1322.59	1745.02
1323.6	1759.24
1324.61	1745.75
1325.63	1729.97
1326.64	1721.62
1327.65	1696.13
1328.66	1703.78
1329.67	1706.86
1330.68	1720.51
1331.69	1711.87
1332.7	1690.38
1333.71	1713.17
1334.72	1701.11
1335.72	1683.05
1336.73	1681.27
1337.74	1674.92
1338.75	1655.14
1339.76	1624.22
1340.76	1630.73
1341.77	1606.95
1342.78	1596.32
1343.79	1605.11
1344.79	1590.19
1345.8	1593.27
1346.8	1602.92
1347.81	1589.43
1348.82	1593.37
1349.82	1582.44
1350.83	1594.38
1351.83	1581.46
1352.84	1580.83
1353.84	1614.76
1354.84	1596.98
1355.85	1578.92
1356.85	1572.57
1357.85	1591.94
1358.86	1597.02
1359.86	1600.67
1360.86	1590.6
1361.86	1591.4
1362.87	1599.05
1363.87	1586.41
1364.87	1619.49
1365.87	1622.86
1366.87	1613.94
1367.87	1635.3
1368.87	1617.52
1369.87	1647.46
1370.87	1639.97
1371.87	1644.76
1372.87	1644.98
1373.87	1664.06
1374.87	1653.43
1375.87	1679.37
1376.87	1675.59
1377.86	1696.38
1378.86	1726.32
1379.86	1709.68
1380.86	1716.48
1381.85	1731.84
1382.85	1718.64
1383.85	1754.29
1384.84	1730.22
1385.84	1722.16
1386.84	1712.1
1387.83	1713.75
1388.83	1699.4
1389.82	1684.19
1390.82	1675.56
1391.81	1670.92
1392.81	1663.14
1393.8	1675.94
1394.79	1655.59
1395.79	1675.52
1396.78	1662.6
1397.77	1668.26
1398.77	1674.19
1399.76	1679.27
1400.75	1685.78
1401.74	1696
1402.74	1702.22
1403.73	1719.3
1404.72	1718.38
1405.71	1701.46
1406.7	1695.68
1407.69	1683.91
1408.68	1621.84
1409.67	1632.64
1410.66	1609.14
1411.65	1601.08
1412.64	1594.73
1413.63	1616.38
1414.62	1611.75
1415.61	1601.97
1416.59	1591.33
1417.58	1553.56
1418.57	1598.92
1419.56	1583.14
1420.55	1575.65
1421.53	1543.02
1422.52	1542.1
1423.51	1553.46
1424.49	1563.11
1425.48	1559.91
1426.46	1572.41
1427.45	1573.49
1428.43	1590.86
1429.42	1594.22
1430.4	1605.3
1431.39	1605.24
1432.37	1618.89
1433.36	1613.68
1434.34	1611.34
1435.32	1596.99
1436.31	1628.07
1437.29	1656.57
1438.27	1663.94
1439.26	1645.02
1440.24	1635.53
1441.22	1635.75
1442.2	1626.26
1443.18	1607.91
1444.16	1620.99
1445.14	1614.64
1446.12	1644
1447.11	1631.08
1448.09	1697.88
1449.07	1762.1
1450.05	1803.46
1451.02	1893.11
1452	1945.62
1452.98	1966.13
1453.96	1973.78
1454.94	1942.29
1455.92	1889.65
1456.9	1827.02
1457.87	1787.24
1458.85	1787.18
1459.83	1729.11
1460.81	1717.91
1461.78	1685.27
1462.76	1664.35
1463.73	1646
1464.71	1622.22
1465.69	1597.59
1466.66	1603.81
1467.64	1582.61
1468.61	1568.26
1469.59	1563.62
1470.56	1549.56
1471.54	1548.07
1472.51	1536
1473.48	1527.94
1474.46	1529.3
1475.43	1514.38
1476.4	1502.03
1477.37	1513.69
1478.35	1496.48
1479.32	1449.56
1480.29	1446.35
1481.26	1431.15
1482.23	1435.08
1483.21	1412.16
1484.18	1396.67
1485.15	1403.18
1486.12	1393.97
1487.09	1401.34
1488.06	1392.13
1489.03	1380.35
1490	1392.57
1490.97	1390.23
1491.93	1377.59
1492.9	1370.67
1493.87	1379.18
1494.84	1387.11
1495.81	1385.05
1496.77	1380.13
1497.74	1380.35
1498.71	1382.86
1499.68	1371.08
1500.64	1361.88
1501.61	1362.96
1502.58	1358.03
1503.54	1343.97
1504.51	1340.19
1505.47	1350.7
1506.44	1349.5
1507.4	1336
1508.37	1340.51
1509.33	1332.16
1510.3	1360.38
1511.26	1371.75
1512.22	1369.4
1513.19	1359.05
1514.15	1374.42
1515.11	1372.07
1516.08	1394.57
1517.04	1364.51
1518	1373.88
1518.96	1356.1
1519.92	1374.32
1520.88	1356.83
1521.85	1347.62
1522.81	1323.56
1523.77	1335.78
1524.73	1334.29
1525.69	1327.94
1526.65	1326.45
1527.61	1315.53
1528.57	1309.46
1529.53	1306.54
1530.48	1307.62
1531.44	1302.99
1532.4	1281.21
1533.36	1269.72
1534.32	1289.08
1535.28	1280.45
1536.23	1302.96
1537.19	1279.46
1538.15	1276.26
1539.1	1291.62
1540.06	1285.84
1541.02	1282.92
1541.97	1266.86
1542.93	1273.94
1543.88	1281.31
1544.84	1279.53
1545.79	1282.32
1546.75	1279.11
1547.7	1270.77
1548.66	1268.42
1549.61	1270.92
1550.56	1270.29
1551.52	1289.94
1552.47	1290.73
1553.42	1286.38
1554.38	1274.61
1555.33	1275.69
1556.28	1274.77
1557.23	1258.42
1558.18	1283.78
1559.14	1268.86
1560.09	1279.94
1561.04	1271.02
1561.99	1277.53
1562.94	1277.46
1563.89	1283.69
1564.84	1278.19
1565.79	1248.13
1566.74	1263.21
1567.69	1257.15
1568.64	1259.37
1569.59	1264.16
1570.53	1262.1
1571.48	1257.46
1572.43	1251.4
1573.38	1268.48
1574.33	1250.42
1575.27	1253.21
1576.22	1251.15
1577.17	1260.51
1578.11	1252.16
1579.06	1245.81
1580	1246.89
1580.95	1245.12
1581.9	1236.48
1582.84	1242.99
1583.79	1240.35
1584.73	1248
1585.67	1235.08
1586.62	1254.73
1587.56	1236.67
1588.51	1240.32
1589.45	1220.54
1590.39	1235.34
1591.34	1234.7
1592.28	1218.07
1593.22	1231.72
1594.16	1205.37
1595.11	1234.45
1596.05	1220.67
1596.99	1218.61
1597.93	1214.83
1598.87	1223.34
1599.81	1212.7
1600.75	1229.5
1601.69	1213.72
1602.63	1210.8
1603.57	1226.45
1604.51	1222.1
1605.45	1225.18
1606.39	1233.97
1607.33	1233.34
1608.27	1254.13
1609.21	1266.64
1610.14	1262.58
1611.08	1261.94
1612.02	1277.02
1612.96	1271.24
1613.89	1268.89
1614.83	1243.4
1615.77	1236.48
1616.7	1227.85
1617.64	1219.21
1618.58	1205.15
1619.51	1193.08
1620.45	1195.02
1621.38	1177.53
1622.32	1209.47
1623.25	1162.83
1624.19	1176.77
1625.12	1175.85
1626.05	1170.64
1626.99	1176.86
1627.92	1178.51
1628.85	1178.74
1629.79	1181.81
1630.72	1185.75
1631.65	1165.4
1632.58	1180.77
1633.52	1183.56
1634.45	1205.78
1635.38	1207.72
1636.31	1218.51
1637.24	1238.45
1638.17	1224.67
1639.1	1233.18
1640.03	1237.97
1640.96	1233.91
1641.89	1238.42
1642.82	1203.5
1643.75	1185.72
1644.68	1201.66
1645.61	1167.31
1646.54	1165.82
1647.46	1136.61
1648.39	1142.55
1649.32	1155.91
1650.25	1166.13
1651.17	1137.78
1652.1	1124.58
1653.03	1127.94
1653.95	1145.59
1654.88	1114.96
1655.81	1122.04
1656.73	1114.83
1657.66	1105.91
1658.58	1123.85
1659.51	1117.5
1660.43	1118.58
1661.36	1085.94
1662.28	1101.59
1663.21	1128.96
1664.13	1098.32
1665.05	1082.26
1665.98	1086.77
1666.9	1092.42
1667.82	1098.64
1668.74	1105.72
1669.67	1096.23
1670.59	1090.16
1671.51	1106.1
1672.43	1088.61
1673.35	1086.26
1674.27	1087.91
1675.19	1099.56
1676.12	1086.64
1677.04	1092.86
1677.96	1079.09
1678.88	1092.74
1679.79	1084.67
1680.71	1092.32
1681.63	1058.55
1682.55	1070.48
1683.47	1080.7
1684.39	1076.07
1685.31	1077.44
1686.23	1091.37
1687.14	1081.31
1688.06	1076.67
1688.98	1073.47
1689.89	1085.97
1690.81	1075.63
1691.73	1078.42
1692.64	1040.36
1693.56	1065.72
1694.48	1054.23
1695.39	1079.31
1696.31	1061.24
1697.22	1070.9
1698.14	1057.4
1699.05	1062.77
1699.96	1060.13
1700.88	1048.07
1701.79	1047.15
1702.7	1057.94
1703.62	1044.74
1704.53	1074.67
1705.44	1060.04
1706.36	1061.12
1707.27	1040.77
1708.18	1047.28
1709.09	1068.07
1710	1057.72
1710.92	1059.94
1711.83	1053.02
1712.74	1054.67
1713.65	1057.75
1714.56	1052.55
1715.47	1060.48
1716.38	1059.85
1717.29	1067.21
1718.2	1062.86
1719.11	1077.66
1720.01	1059.88
1720.92	1078.67
1721.83	1071.47
1722.74	1081.12
1723.65	1079.91
1724.56	1070.99
1725.46	1091.21
1726.37	1088.01
1727.28	1081.09
1728.18	1122.45
1729.09	1139.25
1730	1158.9
1730.9	1180.83
1731.81	1217.91
1732.71	1238.13
1733.62	1280.07
1734.52	1288.01
1735.43	1289.94
1736.33	1278.17
1737.24	1236.67
1738.14	1239.75
1739.04	1210.55
1739.95	1213.06
1740.85	1206.71
1741.75	1189.5
1742.66	1206.86
1743.56	1210.8
1744.46	1175.02
1745.36	1172.96
1746.26	1167.47
1747.17	1200.55
1748.07	1174.77
1748.97	1160.13
1749.87	1157.79
1750.77	1169.44
1751.67	1158.23
1752.57	1147.88
1753.47	1122.39
1754.37	1096.33
1755.27	1095.4
1756.17	1125.06
1757.07	1083.85
1757.97	1090.64
1758.86	1074.58
1759.76	1095.66
1760.66	1073.02
1761.56	1063.53
1762.45	1050.04
1763.35	1036.83
1764.25	1041.91
1765.15	1032.71
1766.04	1032.93
1766.94	1029.72
1767.83	1022.8
1768.73	1001.31
1769.63	1003.25
1770.52	996.611
1771.42	990.262
1772.31	994.484
1773.2	979.278
1774.1	974.929
1774.99	963.723
1775.89	969.659
1776.78	963.881
1777.67	951.246
1778.57	973.754
1779.46	963.977
1780.35	951.913
1781.24	964.707
1782.14	949.215
1783.03	938.866
1783.92	943.945
1784.81	947.881
1785.7	959.532
1786.59	930.04
1787.48	943.691
1788.37	936.199
1789.26	942.707
1790.15	937.501
1791.04	933.723
1791.93	944.517
1792.82	942.739
1793.71	942.961
1794.6	929.469
1795.49	937.405
1796.38	918.485
1797.26	938.707
1798.15	932.929
1799.04	918.866
1799.93	919.088
1800.81	921.882
1801.7	930.961
1802.59	917.183
1803.47	910.263
1804.36	903.628
1805.24	905.85
1806.13	907.215
1807.02	907.723
1807.9	910.517
1808.79	911.025
1809.67	903.818
1810.55	928.612
1811.44	910.834
1812.32	894.771
1813.21	904.136
1814.09	918.644
1814.97	895.438
1815.86	908.517
1816.74	901.311
1817.62	892.104
1818.5	902.898
1819.38	890.835
1820.27	886.2
1821.15	884.136
1822.03	893.787
1822.91	901.438
1823.79	889.66
1824.67	886.739
1825.55	884.39
1826.43	868.898
1827.31	874.263
1828.19	893.914
1829.07	879.565
1829.95	866.644
1830.83	881.152
1831.71	865.089
1832.58	858.168
1833.46	886.105
1834.34	855.755
1835.22	875.121
1836.1	874.771
1836.97	849.851
1837.85	871.502
1838.73	849.152
1839.6	873.375
1840.48	861.597
1841.35	851.248
1842.23	850.898
1843.11	864.264
1843.98	851.343
1844.86	847.565
1845.73	851.787
1846.6	825.724
1847.48	845.089
1848.35	836.454
1849.23	842.391
1850.1	831.184
1850.97	848.835
1851.85	855.057
1852.72	839.28
1853.59	808.073
1854.46	838.867
1855.34	850.803
1856.21	836.169
1857.08	835.248
1857.95	832.899
1858.82	834.55
1859.69	842.486
1860.56	824.708
1861.43	824.073
1862.3	817.724
1863.17	829.375
1864.04	827.026
1864.91	822.105
1865.78	818.899
1866.65	838.835
1867.52	816.201
1868.39	820.423
1869.26	818.359
1870.13	826.01
1870.99	813.09
1871.86	816.455
1872.73	816.677
1873.59	814.042
1874.46	806.836
1875.33	809.344
1876.19	806.137
1877.06	808.074
1877.93	802.01
1878.79	811.09
1879.66	826.455
1880.52	807.248
1881.39	796.614
1882.25	792.836
1883.12	800.487
1883.98	792.709
1884.84	792.074
1885.71	801.725
1886.57	791.661
1887.43	798.169
1888.3	802.677
1889.16	796.614
1890.02	800.265
1890.89	783.915
1891.75	797.566
1892.61	792.36
1893.47	776.011
1894.33	779.947
1895.19	789.312
1896.05	787.249
1896.91	802.042
1897.78	789.693
1898.64	772.201
1899.5	777.566
1900.35	779.217
1901.21	790.011
1902.07	774.805
1902.93	776.741
1903.79	782.963
1904.65	766.614
1905.51	768.836
1906.37	779.63
1907.22	763.852
1908.08	761.789
1908.94	778.011
1909.8	764.233
1910.65	771.313
1911.51	747.249
1912.36	755.757
1913.22	769.694
1914.08	749.344
1914.93	757.567
1915.79	762.646
1916.64	768.868
1917.5	765.376
1918.35	766.741
1919.21	752.106
1920.06	746.329
1920.92	758.551
1921.77	745.916
1922.62	764.424
1923.48	759.503
1924.33	737.44
1925.18	729.376
1926.03	750.741
1926.89	764.392
1927.74	735.472
1928.59	733.694
1929.44	746.202
1930.29	726.138
1931.14	723.789
1932	741.44
1932.85	733.948
1933.7	739.885
1934.55	711.535
1935.4	727.186
1936.25	727.408
1937.1	723.631
1937.94	721.853
1938.79	722.075
1939.64	723.726
1940.49	725.948
1941.34	729.313
1942.19	711.25
1943.04	725.186
1943.88	730.266
1944.73	711.917
1945.58	720.424
1946.42	716.932
1947.27	716.869
1948.12	721.091
1948.96	713.313
1949.81	706.679
1950.65	712.329
1951.5	711.409
1952.34	715.345
1953.19	710.139
1954.03	704.075
1954.88	710.583
1955.72	697.377
1956.57	705.885
1957.41	700.393
1958.25	705.472
1959.1	685.409
1959.94	709.345
1960.78	698.425
1961.63	716.647
1962.47	692.298
1963.31	695.091
1964.15	696.457
1964.99	688.107
1965.84	693.187
1966.68	702.838
1967.52	701.631
1968.36	687.568
1969.2	695.79
1970.04	684.869
1970.88	674.234
1971.72	690.457
1972.56	683.25
1973.4	684.901
1974.24	692.266
1975.08	686.489
1975.91	674.996
1976.75	674.647
1977.59	682.87
1978.43	667.949
1979.27	688.743
1980.1	665.536
1980.94	675.187
1981.78	660.266
1982.62	672.203
1983.45	668.14
1984.29	662.933
1985.12	682.013
1985.96	659.663
1986.79	665.314
1987.63	660.393
1988.46	659.473
1989.3	657.409
1990.13	665.06
1990.97	659.568
1991.8	660.076
1992.64	649.727
1993.47	649.092
1994.3	651.314
1995.14	651.251
1995.97	650.33
1996.8	655.981
1997.64	660.203
1998.47	662.997
1999.3	655.219
2000.13	647.727
2000.96	647.949
2001.79	645.315
2002.63	646.394
2003.46	639.188
2004.29	641.124
2005.12	646.489
2005.95	631.283
2006.78	646.934
2007.61	636.299
2008.44	639.664
2009.27	629.6
2010.09	636.965
2010.92	649.759
2011.75	648.267
2012.58	644.775
2013.41	630.712
2014.24	633.505
2015.06	614.585
2015.89	639.378
2016.72	628.172
2017.54	613.823
2018.37	628.331
2019.2	628.839
2020.02	623.061
2020.85	632.997
2021.68	620.648
2022.5	627.728
2023.33	613.093
2024.15	634.172
2024.98	618.68
2025.8	604.902
2026.62	610.553
2027.45	628.49
2028.27	609.569
2029.1	617.22
2029.92	611.156
2030.74	613.093
2031.56	617.029
2032.39	606.966
2033.21	600.331
2034.03	605.696
2034.85	597.918
2035.68	602.712
2036.5	592.363
2037.32	603.442
2038.14	604.807
2038.96	598.172
2039.78	589.252
2040.6	588.331
2041.42	589.982
2042.24	592.204
2043.06	594.141
2043.88	600.649
2044.7	605.728
2045.52	596.522
2046.34	602.744
2047.16	580.681
2047.97	594.046
2048.79	587.125
2049.61	580.776
2050.43	592.998
2051.24	583.506
2052.06	575.157
2052.88	582.236
2053.69	572.744
2054.51	577.538
2055.33	578.331
2056.14	584.268
2056.96	564.205
2057.77	577.855
2058.59	580.363
2059.4	570.586
2060.22	581.094
2061.03	586.459
2061.85	579.824
2062.66	567.76
2063.48	573.125
2064.29	569.919
2065.1	564.427
2065.92	565.221
2066.73	552.871
2067.54	564.237
2068.35	563.316
2069.17	558.681
2069.98	564.046
2070.79	557.697
2071.6	573.062
2072.41	557.57
2073.22	567.221
2074.03	566.3
2074.84	558.522
2075.65	564.173
2076.46	563.824
2077.27	556.903
2078.08	554.554
2078.89	557.062
2079.7	560.427
2080.51	552.65
2081.32	548.586
2082.13	549.38
2082.94	559.03
2083.74	553.253
2084.55	560.332
2085.36	545.411
2086.17	537.348
2086.97	546.713
2087.78	568.078
2088.59	538.015
2089.39	549.38
2090.2	553.031
2091.01	536.11
2091.81	542.047
2092.62	552.269
2093.42	535.634
2094.23	540.428
2095.03	543.221
2095.84	530.015
2096.64	534.809
2097.45	534.174
2098.25	534.11
2099.05	525.761
2099.86	535.698
