150.31	1675.57
151.606	1693.57
152.902	1661.29
154.198	1661.57
155.492	1682.14
156.787	1697.86
158.081	1675.86
159.376	1676.71
160.669	1685.29
161.962	1693.86
163.256	1691.57
164.548	1684.43
165.841	1675.86
167.133	1679.57
168.424	1703.29
169.715	1687.57
171.006	1698.14
172.297	1675
173.587	1693.29
174.877	1688.43
176.166	1676.71
177.456	1687.57
178.745	1697.57
180.033	1671
181.321	1668.43
182.609	1664.14
183.897	1661.29
185.184	1690.14
186.471	1712.71
187.757	1713.86
189.044	1689.57
190.33	1731.29
191.615	1705.86
192.9	1716.71
194.185	1692.43
195.469	1687.29
196.753	1691.86
198.037	1690.71
199.321	1685.86
200.604	1656.43
201.887	1608.43
203.17	1614.71
204.451	1611.57
205.733	1628.43
207.014	1633
208.296	1625
209.576	1620.71
210.856	1638.43
212.137	1655.29
213.417	1628.14
214.696	1630.14
215.975	1654.43
217.253	1648.43
218.532	1656.71
219.81	1647.86
221.088	1685
222.365	1680.71
223.642	1694.71
224.919	1693.86
226.195	1717
227.471	1723.86
228.747	1732.66
230.022	1774.32
231.297	1792.26
232.572	1781.92
233.846	1782.72
235.12	1825.24
236.394	1812.33
237.667	1825.42
238.94	1841.93
240.213	1857.3
241.485	1848.96
242.757	1866.62
244.029	1890
245.3	1903.08
246.571	1915.6
247.842	1954.69
249.112	1979.2
250.381	2004.58
251.651	2033.95
252.921	2057.04
254.189	2120.13
255.457	2163.78
256.726	2203.16
257.994	2280.25
259.261	2361.05
260.529	2424.42
261.796	2494.65
263.062	2583.45
264.329	2626.54
265.595	2695.91
266.86	2763.86
268.125	2817.23
269.39	2835.18
270.655	2847.98
271.919	2784.5
273.182	2677.3
274.446	2555.53
275.71	2441.19
276.973	2338.85
278.234	2171.08
279.497	2097.02
280.759	2018.97
282.021	1937.48
283.281	1864.85
284.543	1817.37
285.803	1765.6
287.063	1730.97
288.322	1697.49
289.583	1670.86
290.842	1659.38
292.101	1663.61
293.358	1659.84
294.617	1640.93
295.875	1652.87
297.133	1648.82
298.389	1658.19
299.647	1665.28
300.903	1642.08
302.159	1654.31
303.415	1652.83
304.67	1670.49
305.925	1687.86
307.18	1699.81
308.435	1699.18
309.689	1690.27
310.943	1690.78
312.196	1669.87
313.45	1672.96
314.702	1654.33
315.954	1657.13
317.207	1656.22
318.459	1668.45
319.71	1654.11
320.961	1667.2
322.212	1622
323.463	1613.94
324.712	1559.89
325.962	1548.41
327.211	1500.92
328.461	1517.15
329.71	1479.1
330.958	1500.76
332.207	1449.84
333.454	1455.5
334.702	1448.88
335.949	1457.68
337.196	1430.19
338.442	1416.42
339.688	1448.94
340.933	1413.46
342.179	1421.4
343.424	1419.06
344.67	1427
345.914	1428.66
347.158	1403.18
348.402	1409.98
349.645	1411.07
350.888	1414.16
352.131	1442.96
353.373	1427.76
354.616	1441.42
355.857	1420.51
357.099	1429.88
358.34	1432.4
359.58	1457.48
360.821	1443.43
362.061	1436.23
363.301	1426.18
364.54	1446.41
365.78	1432.35
367.019	1426.3
368.257	1419.67
369.495	1423.04
370.733	1433.84
371.97	1454.08
373.208	1454.88
374.444	1419.68
375.681	1451.62
376.917	1404.71
378.153	1409.8
379.389	1405.46
380.623	1404.83
381.858	1400.2
383.092	1388.44
384.327	1388.09
385.561	1394.32
386.794	1387.13
388.027	1397.36
389.26	1386.16
390.492	1381.82
391.724	1396.05
392.956	1410.85
394.188	1387.37
395.419	1411.6
396.65	1414.97
397.88	1414.63
399.11	1429.72
400.341	1437.95
401.57	1435.32
402.799	1418.69
404.028	1435.21
405.257	1427.73
406.484	1420.81
407.712	1438.47
408.94	1420.99
410.167	1433.22
411.394	1444.31
412.621	1450.82
413.847	1455.05
415.073	1456.43
416.298	1478.09
417.523	1469.46
418.749	1443.98
419.973	1441.63
421.197	1433.87
422.421	1431.24
423.644	1434.61
424.867	1435.7
426.091	1428.79
427.313	1433.3
428.536	1414.39
429.757	1438.62
430.979	1437.71
432.201	1448.51
433.421	1428.17
434.642	1449.26
435.862	1466.06
437.082	1458
438.301	1475.66
439.52	1485.61
440.739	1473.55
441.958	1489.78
443.176	1484.87
444.394	1508.24
445.612	1559.62
446.83	1588.99
448.046	1625.51
449.263	1682.02
450.479	1769.4
451.695	1889.34
452.911	2015.29
454.126	2113.23
455.341	2216.32
456.556	2199.41
457.77	2158.78
458.985	2069.58
460.198	1963.53
461.411	1856.9
462.624	1756.84
463.837	1698.22
465.05	1654.16
466.262	1605.25
467.473	1595.19
468.685	1571.14
469.896	1567.37
471.106	1562.17
472.317	1533.54
473.527	1527.2
474.737	1514.86
475.946	1509.95
477.155	1489.61
478.364	1509.84
479.573	1516.07
480.781	1508.3
481.988	1521.1
483.195	1537.33
484.403	1572.99
485.609	1561.79
486.816	1558.88
488.022	1544.83
489.227	1516.77
490.434	1485.57
491.639	1419.52
492.844	1411.18
494.048	1404.84
495.252	1409.35
496.456	1387.01
497.66	1395.81
498.863	1380.62
500.065	1395.42
501.268	1390.22
502.47	1381.31
503.672	1379.82
504.874	1373.48
506.075	1394
507.275	1397.37
508.476	1403.89
509.677	1392.98
510.876	1404.63
512.076	1398.29
513.275	1424.24
514.474	1435.61
515.673	1414.13
516.871	1431.5
518.069	1431.45
519.267	1399.68
520.464	1395.05
521.661	1410.71
522.857	1391.51
524.054	1394.6
525.25	1408.83
526.445	1392.2
527.641	1404.15
528.836	1395.52
530.031	1432.04
531.225	1429.69
532.42	1441.35
533.613	1429.87
534.807	1430.67
536	1451.76
537.192	1446.28
538.384	1473.94
539.576	1486.74
540.768	1500.11
541.96	1530.05
543.151	1541.71
544.342	1565.37
545.532	1577.89
546.723	1609.55
547.912	1668.92
549.102	1726.87
550.291	1777.95
551.479	1863.9
552.668	1918.7
553.856	2036.07
555.045	2141.45
556.232	2238.25
557.419	2243.05
558.606	2233.57
559.793	2170.65
560.979	2062.31
562.165	1994.83
563.35	1902.2
564.536	1823.29
565.721	1765.52
566.906	1714.61
568.09	1661.41
569.274	1621.93
570.457	1608.16
571.64	1588.67
572.824	1579.19
574.007	1567.99
575.189	1592.51
576.37	1623.02
577.552	1645.83
578.734	1696.91
579.915	1788.57
581.096	1871.66
582.276	1927.89
583.456	1911.55
584.636	1878.64
585.816	1840.01
586.995	1805.96
588.173	1742.47
589.352	1678.99
590.53	1658.36
591.708	1593.73
592.886	1590.54
594.063	1564.77
595.239	1533
596.416	1542.94
597.592	1515.46
598.768	1493.69
599.944	1495.92
601.119	1502.44
602.294	1484.38
603.469	1481.18
604.643	1457.13
605.817	1450.21
606.99	1433.59
608.163	1441.82
609.336	1417.48
610.509	1438.57
611.682	1427.65
612.853	1422.17
614.026	1423.54
615.197	1414.06
616.368	1408
617.539	1392.8
618.709	1376.75
619.879	1401.84
621.049	1396.64
622.218	1386.58
623.388	1381.96
624.557	1395.05
625.725	1378.13
626.893	1407.51
628.061	1398.02
629.229	1385.68
630.396	1369.05
631.563	1367.57
632.729	1387.8
633.895	1351.46
635.062	1363.98
636.227	1374.21
637.392	1370.44
638.557	1379.52
639.722	1369.18
640.886	1401.41
642.05	1361.64
643.214	1393.3
644.377	1370.96
645.54	1379.48
646.703	1347.42
647.865	1367.37
649.027	1371.03
650.189	1369.83
651.35	1361.49
652.511	1374.86
653.672	1383.66
654.833	1349.61
655.993	1348.41
657.153	1373.5
658.312	1366.01
659.472	1374.53
660.631	1378.19
661.789	1371.85
662.947	1369.51
664.105	1370.88
665.262	1371.97
666.42	1375.34
667.576	1392.43
668.734	1379.8
669.89	1372.32
671.046	1376.26
672.201	1375.64
673.357	1366.44
674.512	1388.96
675.667	1370.9
676.821	1380.56
677.975	1350.22
679.129	1369.59
680.282	1370.96
681.435	1355.48
682.588	1379.43
683.741	1371.37
684.893	1375.32
686.045	1367.83
687.196	1354.63
688.347	1379.15
689.498	1367.38
690.649	1379.32
691.799	1374.13
692.949	1367.21
694.099	1360.3
695.248	1391.39
696.396	1385.91
697.545	1402.71
698.694	1408.94
699.842	1396.31
700.989	1407.4
702.137	1398.2
703.284	1401.29
704.43	1428.38
705.577	1393.46
706.723	1418.84
707.869	1404.78
709.014	1409.3
710.159	1431.24
711.305	1443.19
712.449	1431.42
713.593	1433.93
714.737	1438.45
715.881	1437.54
717.024	1433.77
718.167	1476.86
719.309	1467.09
720.452	1467.32
721.594	1485.55
722.735	1486.92
723.876	1491.44
725.018	1486.81
726.158	1462.75
727.299	1454.99
728.439	1495.79
729.579	1448.87
730.718	1425.68
731.857	1419.62
732.996	1387.28
734.134	1389.51
735.273	1380.03
736.411	1393.69
737.548	1360.77
738.685	1391.58
739.823	1378.66
740.959	1360.61
742.095	1359.98
743.231	1370.78
744.367	1367.3
745.502	1335.53
746.637	1374.9
747.771	1332.85
748.906	1359.36
750.04	1347.31
751.173	1341.82
752.308	1359.2
753.441	1339.14
754.574	1336.8
755.705	1361.32
756.838	1369.83
757.97	1354.64
759.101	1345.72
760.232	1358.81
761.364	1341.04
762.494	1370.99
763.624	1340.65
764.754	1353.73
765.883	1318.54
767.013	1356.48
768.143	1358.71
769.271	1362.37
770.399	1370.03
771.527	1352.26
772.655	1332.2
773.782	1364.43
774.909	1364.38
776.036	1360.32
777.162	1369.13
778.289	1354.5
779.415	1339.59
780.54	1384.96
781.666	1370.62
782.791	1362.28
783.915	1359.08
785.039	1362.17
786.163	1375.26
787.287	1370.34
788.411	1381.14
789.533	1379.38
790.656	1370.18
791.778	1365.26
792.9	1381.5
794.022	1362.87
795.144	1390.53
796.265	1377.62
797.386	1381.56
798.506	1382.08
799.626	1373.74
800.746	1401.11
801.866	1397.05
802.985	1383.28
804.104	1404.66
805.223	1388.89
806.341	1406.55
807.459	1415.63
808.577	1411.29
809.694	1438.1
810.811	1454.33
811.928	1435.13
813.044	1446.79
814.16	1434.45
815.277	1444.1
816.392	1458.91
817.507	1433.42
818.622	1447.37
819.737	1467.6
820.851	1457.83
821.964	1454.92
823.078	1476.86
824.192	1470.52
825.304	1485.89
826.417	1461.55
827.53	1513.5
828.642	1517.73
829.754	1538.24
830.865	1541.9
831.976	1572.7
833.087	1582.65
834.197	1606.59
835.308	1610.82
836.417	1649.05
837.527	1652.43
838.636	1666.66
839.745	1684.6
840.854	1725.69
841.962	1756.21
843.07	1785.29
844.177	1813.53
845.284	1814.33
846.392	1847.41
847.499	1903.65
848.605	1915.59
849.711	1964.96
850.817	1998.91
851.922	1998.28
853.028	2020.51
854.132	1970.17
855.237	1967.54
856.341	1956.06
857.445	2001.15
858.549	2048.24
859.653	2072.18
860.755	2217.55
861.858	2312.64
862.96	2463.16
864.062	2674.53
865.164	2906.48
866.266	3316.99
867.367	3762.94
868.468	4324.02
869.568	4885.4
870.669	5269.63
871.768	5430.14
872.868	5300.66
873.967	4881.18
875.066	4377.69
876.165	3926.21
877.263	3502.73
878.361	3167.81
879.458	2832.04
880.557	2583.42
881.653	2406.79
882.75	2236.16
883.847	2079.54
884.943	1976.62
886.038	1876
887.134	1793.94
888.229	1741.6
889.325	1718.69
890.419	1703.78
891.513	1678.01
892.607	1648.52
893.701	1608.47
894.794	1610.41
895.888	1595.5
896.98	1608.02
898.073	1573.1
899.165	1569.91
900.257	1568.71
901.349	1560.94
902.44	1543.74
903.53	1545.11
904.621	1571.06
905.711	1560.72
906.802	1540.95
907.891	1561.18
908.981	1573.41
910.07	1601.64
911.158	1592.73
912.247	1574.96
913.335	1595.47
914.423	1620.28
915.51	1603.36
916.597	1653.31
917.684	1636.97
918.771	1655.77
919.857	1675.43
920.943	1695.09
922.029	1739.03
923.114	1774.12
924.199	1863.21
925.284	1920.29
926.368	1970.52
927.453	2031.61
928.537	2108.41
929.62	2148.36
930.703	2157.45
931.786	2120.82
932.868	2088.48
933.95	1998.99
935.032	1947.8
936.114	1882.31
937.196	1798.83
938.277	1735.92
939.357	1692.15
940.438	1672.09
941.518	1616.89
942.598	1598.84
943.678	1579.93
944.756	1539.01
945.835	1545.24
946.914	1515.47
947.992	1502.56
949.07	1473.36
950.148	1467.88
951.225	1457.25
952.302	1452.34
953.379	1447.71
954.456	1440.8
955.531	1423.32
956.608	1404.98
957.683	1391.78
958.758	1415.44
959.833	1393.38
960.908	1381.9
961.982	1395.56
963.056	1367.79
964.13	1368.02
965.203	1361.39
966.276	1354.77
967.349	1366.71
968.421	1365.8
969.493	1364.31
970.565	1367.69
971.636	1358.49
972.708	1359.58
973.779	1333.52
974.849	1345.75
975.92	1337.98
976.99	1337.36
978.06	1357.59
979.129	1342.67
980.198	1369.76
981.267	1369.71
982.336	1374.79
983.404	1374.45
984.471	1392.11
985.539	1386.63
986.606	1372.57
987.673	1372.8
988.739	1400.18
989.806	1387.55
990.872	1377.78
991.938	1409.73
993.003	1415.67
994.069	1400.47
995.133	1422.42
996.198	1430.36
997.262	1452.31
998.326	1449.39
999.39	1464.77
1000.45	1492.43
1001.52	1504.09
1002.58	1475.74
1003.64	1498.83
1004.7	1507.06
1005.77	1508.15
1006.83	1512.67
1007.89	1474.9
1008.95	1478.84
1010.01	1459.07
1011.07	1458.73
1012.13	1457.82
1013.19	1429.76
1014.25	1448.85
1015.31	1422.51
1016.37	1437.03
1017.42	1432.11
1018.48	1415.49
1019.54	1420.29
1020.6	1437.09
1021.65	1416.75
1022.71	1429.55
1023.77	1427.21
1024.82	1439.73
1025.88	1445.1
1026.94	1442.76
1027.99	1426.13
1029.05	1458.08
1030.1	1469.17
1031.16	1498.54
1032.21	1489.91
1033.26	1495.57
1034.32	1499.23
1035.37	1512.6
1036.42	1555.98
1037.48	1559.35
1038.53	1587.58
1039.58	1637.53
1040.63	1658.33
1041.68	1713.42
1042.74	1773.36
1043.79	1845.88
1044.84	1916.68
1045.89	2068.62
1046.94	2241.14
1047.99	2420.8
1049.04	2543.89
1050.09	2650.69
1051.13	2652.63
1052.18	2510.58
1053.23	2306.81
1054.28	2166.47
1055.33	1977.27
1056.37	1852.36
1057.42	1726.59
1058.47	1661.67
1059.51	1605.33
1060.56	1564.42
1061.6	1565.22
1062.65	1529.45
1063.7	1519.97
1064.74	1524.77
1065.78	1519.86
1066.83	1533.8
1067.87	1566.89
1068.92	1588.84
1069.96	1605.35
1071	1583.3
1072.04	1574.96
1073.09	1563.76
1074.13	1517.13
1075.17	1498.5
1076.21	1443.59
1077.25	1441.25
1078.29	1451.77
1079.34	1432.85
1080.38	1416.51
1081.42	1414.74
1082.45	1412.4
1083.49	1411.78
1084.53	1407.72
1085.57	1396.24
1086.61	1369.61
1087.65	1391.84
1088.69	1373.79
1089.72	1384.87
1090.76	1384.82
1091.8	1355.33
1092.84	1368.14
1093.87	1372.08
1094.91	1386.88
1095.94	1381.4
1096.98	1371.34
1098.01	1380.43
1099.05	1394.38
1100.08	1419.18
1101.12	1401.69
1102.15	1417.64
1103.19	1416.44
1104.22	1431.53
1105.25	1441.19
1106.29	1450.28
1107.32	1462.22
1108.35	1487.31
1109.38	1490.97
1110.41	1535.2
1111.44	1511.43
1112.48	1533.09
1113.51	1523.32
1114.54	1524.41
1115.57	1517.49
1116.6	1522.01
1117.63	1539.38
1118.65	1550.18
1119.68	1562.7
1120.71	1579.5
1121.74	1628.88
1122.77	1668.25
1123.8	1675.34
1124.82	1670.71
1125.85	1682.08
1126.88	1623.46
1127.9	1610.26
1128.93	1584.2
1129.96	1545.58
1130.98	1512.95
1132.01	1480.32
1133.03	1462.55
1134.06	1425.36
1135.08	1438.73
1136.11	1389.82
1137.13	1423.76
1138.15	1387.13
1139.18	1399.65
1140.2	1388.74
1141.22	1373.54
1142.24	1386.63
1143.27	1386.86
1144.29	1380.23
1145.31	1363.6
1146.33	1364.69
1147.35	1394.92
1148.37	1392.58
1149.39	1393.38
1150.41	1387.33
1151.43	1379.56
1152.45	1384.36
1153.47	1357.16
1154.49	1378.54
1155.51	1365.05
1156.53	1374.71
1157.54	1344.37
1158.56	1363.74
1159.58	1355.97
1160.59	1371.92
1161.61	1354.44
1162.63	1337.24
1163.64	1350.61
1164.66	1330.27
1165.68	1327.93
1166.69	1311.59
1167.71	1307.53
1168.72	1322.05
1169.73	1317.99
1170.75	1312.51
1171.76	1308.17
1172.78	1300.4
1173.79	1306.34
1174.8	1295.72
1175.81	1289.95
1176.83	1291.89
1177.84	1323.27
1178.85	1287.21
1179.86	1308.3
1180.87	1305.1
1181.88	1319.04
1182.89	1316.7
1183.9	1321.51
1184.91	1313.45
1185.92	1329.39
1186.93	1329.34
1187.94	1309.28
1188.95	1335.8
1189.96	1316.32
1190.97	1330.55
1191.97	1331.92
1192.98	1336.44
1193.99	1344.95
1195	1364.04
1196	1354.56
1197.01	1377.36
1198.01	1375.87
1199.02	1395.53
1200.03	1405.76
1201.03	1412.28
1202.04	1404.8
1203.04	1417.03
1204.04	1425.26
1205.05	1438.35
1206.05	1409.72
1207.06	1420.23
1208.06	1426.75
1209.06	1408.12
1210.06	1400.64
1211.07	1378.87
1212.07	1380.53
1213.07	1374.76
1214.07	1347.85
1215.07	1352.65
1216.07	1352.31
1217.07	1354.25
1218.07	1331.34
1219.07	1358.43
1220.07	1338.95
1221.07	1358.89
1222.07	1339.69
1223.07	1363.35
1224.07	1352.72
1225.07	1366.67
1226.06	1355.47
1227.06	1365.42
1228.06	1382.5
1229.06	1388.45
1230.05	1410.68
1231.05	1438.34
1232.04	1445.14
1233.04	1449.08
1234.04	1473.6
1235.03	1461.26
1236.03	1489.78
1237.02	1491.56
1238.01	1503.24
1239.01	1504.78
1240	1523.05
1241	1535.13
1241.99	1541.24
1242.98	1530.28
1243.97	1532.31
1244.97	1532.5
1245.96	1508.96
1246.95	1514.37
1247.94	1483.8
1248.93	1458.8
1249.92	1459.6
1250.91	1439.8
1251.9	1445.54
1252.89	1421.35
1253.88	1420.47
1254.87	1420.54
1255.86	1417.12
1256.85	1418.18
1257.84	1412.31
1258.83	1423.04
1259.81	1416.17
1260.8	1416.79
1261.79	1423.67
1262.78	1427.17
1263.76	1444.31
1264.75	1451.86
1265.73	1461.64
1266.72	1483.37
1267.71	1496.86
1268.69	1497.01
1269.68	1507.06
1270.66	1515.36
1271.65	1487.3
1272.63	1491.54
1273.61	1474.63
1274.6	1467.21
1275.58	1466.92
1276.56	1458.72
1277.55	1464
1278.53	1456.33
1279.51	1473.93
1280.49	1500.88
1281.47	1512.89
1282.45	1527.61
1283.43	1566.72
1284.42	1607.53
1285.4	1649.67
1286.38	1692.76
1287.35	1709.83
1288.33	1709.76
1289.06	1695.3
1290.08	1722.92
1291.1	1671.11
1292.12	1644.73
1293.14	1607.78
1294.16	1568.54
1295.17	1505.59
1296.19	1498.92
1297.21	1460.54
1298.23	1419.31
1299.25	1426.93
1300.27	1399.98
1301.28	1378.74
1302.3	1369.5
1303.32	1353.41
1304.33	1357.31
1305.35	1368.36
1306.37	1320.27
1307.38	1329.6
1308.4	1314.08
1309.41	1302.27
1310.43	1278.18
1311.44	1297.23
1312.46	1284.28
1313.47	1276.75
1314.49	1259.23
1315.5	1268.85
1316.51	1257.9
1317.53	1258.66
1318.54	1255.14
1319.55	1263.05
1320.57	1246.38
1321.58	1240.86
1322.59	1221.34
1323.6	1236.1
1324.61	1212.58
1325.63	1237.05
1326.64	1224.96
1327.65	1219.15
1328.66	1207.06
1329.67	1185.82
1330.68	1181.44
1331.69	1187.35
1332.7	1187.82
1333.71	1191.44
1334.72	1189.63
1335.72	1184.4
1336.73	1176.02
1337.74	1179.64
1338.75	1182.97
1339.76	1188.02
1340.76	1169.36
1341.77	1172.98
1342.78	1158.31
1343.79	1181.65
1344.79	1157.27
1345.8	1166.03
1346.8	1171.08
1347.81	1170.98
1348.82	1166.6
1349.82	1160.8
1350.83	1170.13
1351.83	1156.61
1352.84	1157.94
1353.84	1175.85
1354.84	1135.75
1355.85	1145.09
1356.85	1157.56
1357.85	1167.19
1358.86	1166.81
1359.86	1149
1360.86	1165.76
1361.86	1171.67
1362.87	1159.57
1363.87	1178.62
1364.87	1184.53
1365.87	1197
1366.87	1201.2
1367.87	1173.67
1368.87	1183.58
1369.87	1173.2
1370.87	1175.68
1371.87	1172.73
1372.87	1172.06
1373.87	1169.97
1374.87	1181.01
1375.87	1187.49
1376.87	1186.54
1377.86	1179.02
1378.86	1195.21
1379.86	1193.4
1380.86	1184.16
1381.85	1164.64
1382.85	1179.4
1383.85	1176.74
1384.84	1177.22
1385.84	1167.98
1386.84	1172.17
1387.83	1173.51
1388.83	1167.98
1389.82	1159.89
1390.82	1157.51
1391.81	1169.13
1392.81	1169.03
1393.8	1157.23
1394.79	1166.85
1395.79	1180.18
1396.78	1177.52
1397.77	1161.71
1398.77	1193.61
1399.76	1208.38
1400.75	1196.28
1401.74	1214.47
1402.74	1230.67
1403.73	1208.86
1404.72	1215.62
1405.71	1201.24
1406.7	1228.57
1407.69	1208.48
1408.68	1195.53
1409.67	1193.44
1410.66	1205.06
1411.65	1177.82
1412.64	1187.72
1413.63	1189.34
1414.62	1201.82
1415.61	1220.87
1416.59	1198.21
1417.58	1199.83
1418.57	1199.45
1419.56	1178.78
1420.55	1192.97
1421.53	1182.88
1422.52	1185.07
1423.51	1206.69
1424.49	1206.02
1425.48	1212.22
1426.46	1205.55
1427.45	1252.03
1428.43	1242.22
1429.42	1241.27
1430.4	1265.17
1431.39	1280.51
1432.37	1292.41
1433.36	1306.32
1434.34	1307.37
1435.32	1297.27
1436.31	1332.89
1437.29	1334.51
1438.27	1345.28
1439.26	1341.18
1440.24	1312.52
1441.22	1321.85
1442.2	1319.19
1443.18	1282.81
1444.16	1304.43
1445.14	1315.19
1446.12	1335.38
1447.11	1350.15
1448.09	1398.91
1449.07	1474.81
1450.05	1545.86
1451.02	1636.34
1452	1689.39
1452.98	1669.58
1453.96	1695.2
1454.94	1640.82
1455.92	1597.01
1456.9	1552.35
1457.87	1501.68
1458.85	1476.73
1459.83	1459.49
1460.81	1413.11
1461.78	1402.73
1462.76	1366.35
1463.73	1327.4
1464.71	1320.17
1465.69	1277.79
1466.66	1297.12
1467.64	1252.17
1468.61	1242.08
1469.59	1229.12
1470.56	1233.89
1471.54	1205.22
1472.51	1204.84
1473.48	1185.03
1474.46	1188.08
1475.43	1171.7
1476.4	1150.18
1477.37	1152.37
1478.35	1117.13
1479.32	1113.33
1480.29	1099.52
1481.26	1095.42
1482.23	1095.04
1483.21	1085.81
1484.18	1074.57
1485.15	1053.05
1486.12	1068.95
1487.09	1068.86
1488.06	1058.77
1489.03	1055.81
1490	1046.58
1490.97	1056.2
1491.93	1075.53
1492.9	1033.72
1493.87	1036.2
1494.84	1060.68
1495.81	1045.73
1496.77	1041.92
1497.74	1025.54
1498.71	1033.16
1499.68	1038.49
1500.64	1019.83
1501.61	1034.02
1502.58	1031.92
1503.54	1041.83
1504.51	1030.59
1505.47	1031.36
1506.44	1014.69
1507.4	997.74
1508.37	1019.07
1509.33	1018.98
1510.3	1024.32
1511.26	997.935
1512.22	1021.27
1513.19	1015.75
1514.15	1021.08
1515.11	1027.27
1516.08	1016.04
1517.04	1013.09
1518	1015.56
1518.96	1006.33
1519.92	997.088
1520.88	1000.71
1521.85	1006.04
1522.81	993.663
1523.77	994.712
1524.73	1022.05
1525.69	1008.52
1526.65	1003.57
1527.61	1005.19
1528.57	1002.24
1529.53	985.29
1530.48	1004.34
1531.44	995.388
1532.4	995.294
1533.36	1008.91
1534.32	986.534
1535.28	987.297
1536.23	995.489
1537.19	985.109
1538.15	990.158
1539.1	988.921
1540.06	987.97
1541.02	984.161
1541.97	993.782
1542.93	1004.54
1543.88	980.451
1544.84	986.928
1545.79	984.548
1546.75	989.025
1547.7	989.503
1548.66	983.409
1549.61	992.743
1550.56	975.22
1551.52	991.412
1552.47	970.461
1553.42	984.081
1554.38	1002.56
1555.33	963.321
1556.28	1002.08
1557.23	973.99
1558.18	975.896
1559.14	974.945
1560.09	966.851
1561.04	983.328
1561.99	988.377
1562.94	972.569
1563.89	985.617
1564.84	990.952
1565.79	973.429
1566.74	974.478
1567.69	982.384
1568.64	980.29
1569.59	977.053
1570.53	974.387
1571.48	976.007
1572.43	969.913
1573.38	952.676
1574.33	976.011
1575.27	964.203
1576.22	961.823
1577.17	947.443
1578.11	975.063
1579.06	972.969
1580	967.732
1580.95	953.067
1581.9	973.544
1582.84	962.021
1583.79	944.784
1584.73	948.405
1585.67	952.31
1586.62	951.073
1587.56	938.979
1588.51	958.314
1589.45	945.934
1590.39	949.554
1591.34	932.889
1592.28	941.938
1593.22	946.986
1594.16	932.035
1595.11	929.37
1596.05	934.418
1596.99	941.467
1597.93	918.516
1598.87	936.136
1599.81	936.899
1600.75	921.376
1601.69	920.425
1602.63	926.331
1603.57	932.808
1604.51	940.429
1605.45	932.049
1606.39	925.669
1607.33	936.718
1608.27	924.338
1609.21	932.53
1610.14	941.578
1611.08	964.627
1612.02	955.961
1612.96	935.296
1613.89	957.773
1614.83	946.536
1615.77	918.728
1616.7	939.205
1617.64	937.397
1618.58	932.446
1619.51	905.495
1620.45	920.258
1621.38	927.021
1622.32	900.069
1623.25	912.547
1624.19	910.453
1625.12	910.073
1626.05	897.979
1626.99	889.599
1627.92	884.648
1628.85	896.839
1629.79	893.031
1630.72	904.365
1631.65	898.557
1632.58	891.32
1633.52	892.655
1634.45	887.703
1635.38	893.895
1636.31	900.658
1637.24	910.278
1638.17	914.47
1639.1	900.947
1640.03	917.139
1640.96	911.902
1641.89	912.379
1642.82	919.999
1643.75	901.334
1644.68	907.811
1645.61	917.146
1646.54	897.623
1647.46	888.672
1648.39	882.578
1649.32	871.912
1650.25	878.39
1651.17	898.01
1652.1	853.344
1653.03	877.536
1653.95	865.442
1654.88	859.062
1655.81	875.539
1656.73	865.445
1657.66	861.351
1658.58	871.828
1659.51	857.734
1660.43	851.64
1661.36	849.832
1662.28	857.452
1663.21	855.644
1664.13	868.692
1665.05	861.741
1665.98	846.79
1666.9	857.553
1667.82	846.887
1668.74	854.793
1669.67	838.128
1670.59	838.319
1671.51	847.94
1672.43	837.846
1673.35	846.609
1674.27	843.943
1675.19	844.706
1676.12	852.041
1677.04	848.518
1677.96	830.995
1678.88	824.33
1679.79	841.379
1680.71	823.856
1681.63	824.619
1682.55	827.096
1683.47	848.145
1684.39	841.194
1685.31	820.814
1686.23	817.006
1687.14	845.769
1688.06	830.246
1688.98	807.866
1689.89	816.343
1690.81	830.821
1691.73	829.87
1692.64	828.918
1693.56	831.396
1694.48	825.016
1695.39	826.065
1696.31	829.399
1697.22	810.162
1698.14	820.354
1699.05	829.403
1699.96	818.737
1700.88	822.072
1701.79	816.835
1702.7	814.741
1703.62	817.218
1704.53	817.409
1705.44	821.601
1706.36	826.078
1707.27	813.984
1708.18	814.176
1709.09	824.653
1710	808.845
1710.92	814.179
1711.83	829.514
1712.74	814.848
1713.65	814.469
1714.56	821.232
1715.47	818.852
1716.38	817.043
1717.29	815.235
1718.2	827.712
1719.11	820.475
1720.01	824.096
1720.92	820.002
1721.83	846.765
1722.74	829.242
1723.65	836.291
1724.56	833.911
1725.46	854.674
1726.37	854.58
1727.28	846.486
1728.18	880.106
1729.09	891.44
1730	914.203
1730.9	962.109
1731.81	984.587
1732.71	1013.35
1733.62	1030.11
1734.52	1053.16
1735.43	1049.64
1736.33	1028.69
1737.24	1020.31
1738.14	1001.07
1739.04	997.834
1739.95	988.883
1740.85	972.789
1741.75	979.266
1742.66	971.172
1743.56	964.792
1744.46	958.698
1745.36	967.461
1746.26	959.081
1747.17	953.559
1748.07	949.464
1748.97	939.656
1749.87	928.705
1750.77	918.039
1751.67	909.945
1752.57	912.137
1753.47	913.757
1754.37	897.377
1755.27	881.855
1756.17	863.76
1757.07	876.238
1757.97	862.715
1758.86	855.478
1759.76	837.956
1760.66	831.861
1761.56	832.053
1762.45	822.53
1763.35	827.008
1764.25	803.199
1765.15	799.391
1766.04	805.011
1766.94	795.203
1767.83	785.68
1768.73	762.729
1769.63	772.921
1770.52	768.541
1771.42	770.732
1772.31	754.638
1773.2	758.544
1774.1	757.307
1774.99	748.356
1775.89	747.69
1776.78	734.168
1777.67	752.359
1778.57	736.837
1779.46	725.886
1780.35	746.077
1781.24	735.697
1782.14	734.746
1783.03	735.223
1783.92	737.701
1784.81	727.892
1785.7	717.798
1786.59	726.276
1787.48	722.753
1788.37	718.659
1789.26	697.136
1790.15	704.471
1791.04	704.948
1791.93	717.997
1792.82	709.331
1793.71	713.809
1794.6	710.572
1795.49	704.763
1796.38	703.812
1797.26	710.575
1798.15	718.195
1799.04	713.244
1799.93	700.579
1800.81	685.913
1801.7	698.105
1802.59	708.296
1803.47	705.631
1804.36	703.822
1805.24	699.443
1806.13	701.063
1807.02	701.826
1807.9	715.16
1808.79	690.209
1809.67	698.686
1810.55	692.307
1811.44	695.07
1812.32	687.833
1813.21	684.024
1814.09	686.502
1814.97	688.693
1815.86	678.599
1816.74	696.219
1817.62	685.84
1818.5	680.603
1819.38	680.509
1820.27	671.272
1821.15	670.32
1822.03	674.512
1822.91	668.989
1823.79	662.038
1824.67	674.515
1825.55	674.707
1826.43	671.756
1827.31	662.805
1828.19	672.139
1829.07	672.902
1829.95	664.237
1830.83	659.285
1831.71	674.048
1832.58	653.669
1833.46	655.003
1834.34	662.909
1835.22	667.386
1836.1	666.435
1836.97	658.627
1837.85	641.104
1838.73	657.01
1839.6	654.059
1840.48	651.393
1841.35	633.585
1842.23	654.634
1843.11	639.682
1843.98	638.731
1844.86	653.208
1845.73	651.114
1846.6	636.449
1847.48	637.783
1848.35	633.689
1849.23	637.024
1850.1	646.072
1850.97	629.121
1851.85	647.027
1852.72	635.219
1853.59	631.41
1854.46	624.459
1855.34	623.222
1856.21	619.7
1857.08	616.748
1857.95	633.226
1858.82	628.846
1859.69	614.18
1860.56	627.8
1861.43	639.135
1862.3	637.612
1863.17	611.232
1864.04	616.853
1864.91	616.473
1865.78	622.093
1866.65	619.999
1867.52	613.619
1868.39	608.668
1869.26	620.288
1870.13	614.48
1870.99	612.671
1871.86	617.434
1872.73	603.626
1873.59	601.532
1874.46	596.866
1875.33	604.772
1876.19	606.964
1877.06	609.156
1877.93	591.061
1878.79	606.682
1879.66	607.445
1880.52	603.065
1881.39	602.685
1882.25	592.305
1883.12	604.783
1883.98	605.26
1884.84	592.88
1885.71	584.786
1886.57	597.835
1887.43	603.169
1888.3	596.789
1889.16	606.695
1890.02	582.316
1890.89	585.079
1891.75	594.413
1892.61	586.319
1893.47	585.653
1894.33	581.845
1895.19	585.751
1896.05	583.085
1896.91	581.563
1897.78	587.183
1898.64	579.66
1899.5	589.852
1900.35	592.044
1901.21	579.664
1902.07	576.141
1902.93	571.761
1903.79	574.81
1904.65	576.145
1905.51	569.765
1906.37	568.814
1907.22	569.005
1908.08	568.054
1908.94	559.96
1909.8	583.009
1910.65	568.343
1911.51	563.963
1912.36	565.298
1913.22	566.632
1914.08	567.11
1914.93	571.015
1915.79	561.493
1916.64	568.827
1917.5	563.59
1918.35	569.211
1919.21	554.545
1920.06	542.451
1920.92	557.5
1921.77	563.406
1922.62	551.597
1923.48	562.932
1924.33	552.838
1925.18	559.886
1926.03	550.935
1926.89	550.27
1927.74	556.176
1928.59	538.653
1929.44	549.13
1930.29	536.465
1931.14	533.228
1932	539.705
1932.85	547.897
1933.7	532.088
1934.55	544.28
1935.4	541.614
1936.25	544.377
1937.1	529.712
1937.94	549.618
1938.79	530.667
1939.64	544.001
1940.49	518.193
1941.34	543.527
1942.19	539.433
1943.04	528.768
1943.88	534.674
1944.73	526.579
1945.58	525.628
1946.42	524.105
1947.27	518.011
1948.12	518.203
1948.96	525.823
1949.81	525.729
1950.65	515.921
1951.5	515.827
1952.34	510.304
1953.19	521.638
1954.03	518.973
1954.88	530.879
1955.72	515.356
1956.57	512.976
1957.41	507.739
1958.25	511.931
1959.1	503.837
1959.94	504.886
1960.78	512.22
1961.63	510.983
1962.47	512.889
1963.31	519.081
1964.15	498.987
1964.99	503.464
1965.84	501.37
1966.68	494.419
1967.52	492.325
1968.36	502.231
1969.2	499.851
1970.04	505.185
1970.88	500.805
1971.72	490.426
1972.56	498.617
1973.4	489.666
1974.24	497.572
1975.08	480.621
1975.91	487.955
1976.75	483.29
1977.59	486.624
1978.43	491.387
1979.27	477.579
1980.1	482.627
1980.94	490.533
1981.78	488.154
1982.62	473.774
1983.45	476.537
1984.29	485.3
1985.12	471.492
1985.96	475.397
1986.79	484.161
1987.63	472.066
1988.46	483.115
1989.3	475.592
1990.13	473.498
1990.97	476.833
1991.8	462.453
1992.64	471.216
1993.47	471.693
1994.3	461.599
1995.14	464.077
1995.97	471.411
1996.8	482.746
1997.64	467.223
1998.47	465.129
1999.3	463.606
2000.13	473.512
2000.96	462.561
2001.79	451.038
2002.63	465.23
2003.46	470.85
2004.29	458.756
2005.12	468.376
2005.95	461.996
2006.78	453.902
2007.61	448.665
2008.44	448.857
2009.27	445.906
2010.09	461.24
2010.92	451.432
2011.75	455.623
2012.58	454.958
2013.41	442.007
2014.24	444.77
2015.06	450.104
2015.89	449.724
2016.72	454.202
2017.54	445.251
2018.37	441.156
2019.2	436.777
2020.02	437.825
2020.85	431.16
2021.68	444.209
2022.5	444.972
2023.33	441.449
2024.15	433.641
2024.98	430.975
2025.8	434.881
2026.62	424.501
2027.45	422.121
2028.27	433.742
2029.1	427.076
2029.92	423.839
2030.74	428.316
2031.56	430.794
2032.39	424.128
2033.21	427.177
2034.03	409.654
2034.85	420.989
2035.68	410.609
2036.5	422.515
2037.32	406.135
2038.14	422.898
2038.96	407.09
2039.78	424.139
2040.6	415.187
2041.42	426.808
2042.24	418.999
2043.06	402.905
2043.88	418.24
2044.7	419.574
2045.52	416.909
2046.34	399.672
2047.16	406.435
2047.97	406.912
2048.79	401.961
2049.61	397.581
2050.43	413.773
2051.24	402.536
2052.06	400.156
2052.88	396.347
2053.69	414.539
2054.51	400.445
2055.33	393.494
2056.14	410.828
2056.96	411.591
2057.77	405.497
2058.59	405.974
2059.4	391.88
2060.22	392.643
2061.03	389.978
2061.85	394.741
2062.66	392.075
2063.48	392.267
2064.29	396.173
2065.1	394.936
2065.92	390.842
2066.73	377.891
2067.54	391.511
2068.35	390.845
2069.17	390.466
2069.98	381.8
2070.79	381.706
2071.6	390.469
2072.41	392.089
2073.22	388.567
2074.03	376.472
2074.84	386.664
2075.65	383.999
2076.46	391.333
2077.27	379.525
2078.08	383.145
2078.89	373.336
2079.7	382.099
2080.51	386.863
2081.32	375.626
2082.13	378.674
2082.94	369.152
2083.74	383.058
2084.55	373.535
2085.36	383.155
2086.17	364.49
2086.97	366.967
2087.78	376.873
2088.59	363.35
2089.39	376.113
2090.2	369.448
2091.01	359.068
2091.81	369.26
2092.62	367.451
2093.42	368.5
2094.23	365.263
2095.03	358.883
2095.84	357.932
2096.64	360.695
2097.45	363.458
2098.25	357.078
2099.05	360.698
2099.86	348.319
