150.31	2155.57
151.606	2167.29
152.902	2171.29
154.198	2174.43
155.492	2157
156.787	2189.57
158.081	2173.57
159.376	2177.86
160.669	2175
161.962	2184.71
163.256	2180.43
164.548	2196.14
165.841	2164.14
167.133	2175.29
168.424	2175.86
169.715	2183
171.006	2189.29
172.297	2161
173.587	2163.57
174.877	2172.43
176.166	2184.14
177.456	2185.29
178.745	2178.71
180.033	2142.71
181.321	2151
182.609	2120.43
183.897	2163.86
185.184	2143.57
186.471	2158.71
187.757	2198.14
189.044	2186.71
190.33	2186.71
191.615	2219.86
192.9	2215
194.185	2214.14
195.469	2206.71
196.753	2167.86
198.037	2135
199.321	2159
200.604	2129.86
201.887	2099.57
203.17	2104.71
204.451	2067.29
205.733	2076.71
207.014	2081.86
208.296	2083
209.576	2083.29
210.856	2090.14
212.137	2096.71
213.417	2103.86
214.696	2090.14
215.975	2069.29
217.253	2128.43
218.532	2118.43
219.81	2125.86
221.088	2157.86
222.365	2155.86
223.642	2190.14
224.919	2179.29
226.195	2228.14
227.471	2220.14
228.747	2248.39
230.022	2259.49
231.297	2312.02
232.572	2315.12
233.846	2315.07
235.12	2339.03
236.394	2350.13
237.667	2361.23
238.94	2376.33
240.213	2394.57
241.485	2420.25
242.757	2431.35
244.029	2464.45
245.3	2476.69
246.571	2516.08
247.842	2562.89
249.112	2585.42
250.381	2611.09
251.651	2662.48
252.921	2754.43
254.189	2765.53
255.457	2885.49
256.726	2939.45
257.994	3036.83
259.261	3164.22
260.529	3234.75
261.796	3308.71
263.062	3428.09
264.329	3514.91
265.595	3676.01
266.86	3745.97
268.125	3861.92
269.39	3887.59
270.655	3935.55
271.919	3847.79
273.182	3725.75
274.446	3539.14
275.71	3373.1
276.973	3189.34
278.234	2981.01
279.497	2799.83
280.759	2678.93
282.021	2544.31
283.281	2434.27
284.543	2361.37
285.803	2308.76
287.063	2228.14
288.322	2200.38
289.583	2150.34
290.842	2130.87
292.101	2091.97
293.358	2093.64
294.617	2087.6
295.875	2102.41
297.133	2084.37
298.389	2090.61
299.647	2102.57
300.903	2090.82
302.159	2125.34
303.415	2085.02
304.67	2101.26
305.925	2112.07
307.18	2126.6
308.435	2161.99
309.689	2147.09
310.943	2170.48
312.196	2089.57
313.45	2116.68
314.702	2111.78
315.954	2116.02
317.207	2070.83
318.459	2079.36
319.71	2068.46
320.961	2083.56
322.212	2046.09
323.463	2008.33
324.712	1956.58
325.962	1931.68
327.211	1921.06
328.461	1878.16
329.71	1841.26
330.958	1827.51
332.207	1818.61
333.454	1780.57
334.702	1768.81
335.949	1747.34
337.196	1746.15
338.442	1739.54
339.688	1753.78
340.933	1732.31
342.179	1731.41
343.424	1734.8
344.67	1734.75
345.914	1724.42
347.158	1712.1
348.402	1717.2
349.645	1716.01
350.888	1707.11
352.131	1728.21
353.373	1727.31
354.616	1725.27
355.857	1740.08
357.099	1725.76
358.34	1704.28
359.58	1734.24
360.821	1712.77
362.061	1713.01
363.301	1728.11
364.54	1720.07
365.78	1714.31
367.019	1706.56
368.257	1716.23
369.495	1722.76
370.733	1730.14
371.97	1734.39
373.208	1708.06
374.444	1730.02
375.681	1735.69
376.917	1706.22
378.153	1713.89
379.389	1677.28
380.623	1673.8
381.858	1679.19
383.092	1658.58
384.327	1655.68
385.561	1643.35
386.794	1628.45
388.027	1638.12
389.26	1657.79
390.492	1642.61
391.724	1630.28
392.956	1667.38
394.188	1667.05
395.419	1661.58
396.65	1654.11
397.88	1685.78
399.11	1686.88
400.341	1718.55
401.57	1706.22
402.799	1701.89
404.028	1698.71
405.257	1701.24
406.484	1712.34
407.712	1683.44
408.94	1696.82
410.167	1694.5
411.394	1720.45
412.621	1689.55
413.847	1712.65
415.073	1733.47
416.298	1715.43
417.523	1728.53
418.749	1731.06
419.973	1727.3
421.197	1710.97
422.421	1700.36
423.644	1691.46
424.867	1707.98
426.091	1698.51
427.313	1701.04
428.536	1704.43
429.757	1722.1
430.979	1715.77
432.201	1700.59
433.421	1711.12
434.642	1734.79
435.862	1705.03
437.082	1732.42
438.301	1744.95
439.52	1715.47
440.739	1751.43
441.958	1791.1
443.176	1801.06
444.394	1816.45
445.612	1836.69
446.83	1883.79
448.046	1948.89
449.263	2029.13
450.479	2172.23
451.695	2326.19
452.911	2499.29
454.126	2706.96
455.341	2831.49
456.556	2897.45
457.77	2809.41
458.985	2687.36
460.198	2499.61
461.411	2342.14
462.624	2220.95
463.837	2088.05
465.05	2045.44
466.262	1981.97
467.473	1924.78
468.685	1916.45
469.896	1885.55
471.106	1847.8
472.317	1843.47
473.527	1807.42
474.737	1805.1
475.946	1769.05
477.155	1771.3
478.364	1783.83
479.573	1761.5
480.781	1787.74
481.988	1805.13
483.195	1815.08
484.403	1845.61
485.609	1881.57
486.816	1860.96
488.022	1834.91
489.227	1769.73
490.434	1729.97
491.639	1685.36
492.844	1645.31
494.048	1627.56
495.252	1602.09
496.456	1592.04
497.66	1602.29
498.863	1583.96
500.065	1612.2
501.268	1608.16
502.47	1577.83
503.672	1599.79
504.874	1590.03
506.075	1597.13
507.275	1600.23
508.476	1596.76
509.677	1596.43
510.876	1602.1
512.076	1618.92
513.275	1628.88
514.474	1643.69
515.673	1642.79
516.871	1648.46
518.069	1646.99
519.267	1625.52
520.464	1627.48
521.661	1631.72
522.857	1621.39
524.054	1596.21
525.25	1634.74
526.445	1618.41
527.641	1610.94
528.836	1614.04
530.031	1625.99
531.225	1624.81
532.42	1652.48
533.613	1661.87
534.807	1659.54
536	1670.92
537.192	1674.02
538.384	1705.7
539.576	1717.37
540.768	1737.61
541.96	1771.57
543.151	1803.24
544.342	1824.91
545.532	1876.01
546.723	1937.4
547.912	2000.78
549.102	2044.74
550.291	2164.13
551.479	2289.23
552.668	2386.9
553.856	2535.71
555.045	2699.67
556.232	2799.63
557.419	2877.01
558.606	2870.69
559.793	2814.93
560.979	2681.74
562.165	2560.84
563.35	2408.23
564.536	2293.04
565.721	2211.29
566.906	2100.39
568.09	2012.06
569.274	1947.45
570.457	1909.12
571.64	1861.65
572.824	1859.6
574.007	1849.85
575.189	1838.66
576.37	1902.62
577.552	1950
578.734	2045.96
579.915	2129.63
581.096	2277.31
582.276	2342.69
583.456	2375.22
584.636	2368.32
585.816	2266.56
586.995	2175.09
588.173	2101.91
589.352	2048.44
590.53	1988.11
591.708	1920.64
592.886	1865.45
594.063	1825.98
595.239	1813.37
596.416	1780.75
597.592	1759.57
598.768	1735.52
599.944	1711.2
601.119	1727.72
602.294	1682.54
603.469	1665.07
604.643	1679.6
605.817	1649.84
606.99	1670.65
608.163	1639.18
609.336	1619.71
610.509	1627.96
611.682	1632.48
612.853	1611.58
614.026	1625.26
615.197	1580.64
616.368	1593.17
617.539	1568.84
618.709	1593.09
619.879	1572.47
621.049	1587.29
622.218	1566.39
623.388	1568.06
624.557	1570.87
625.725	1572.26
626.893	1540.22
628.061	1563.32
629.229	1554.99
630.396	1554.95
631.563	1556.62
632.729	1544.57
633.895	1530.82
635.062	1516.77
636.227	1509.3
637.392	1523.26
638.557	1527.79
639.722	1540.6
640.886	1562.56
642.05	1567.38
643.214	1527.91
644.377	1540.72
645.54	1521.25
646.703	1517.78
647.865	1498.88
649.027	1514.55
650.189	1515.94
651.35	1519.32
652.511	1534.71
653.672	1517.24
654.833	1517.77
655.993	1521.44
657.153	1501.39
658.312	1545.07
659.472	1536.74
660.631	1530.12
661.789	1524.94
662.947	1520.61
664.105	1521.71
665.262	1517.95
666.42	1514.48
667.576	1516.44
668.734	1537.25
669.89	1502.64
671.046	1515.45
672.201	1527.41
673.357	1504.8
674.512	1527.33
675.667	1512.71
676.821	1535.53
677.975	1499.48
679.129	1499.16
680.282	1493.4
681.435	1515.64
682.588	1501.6
683.741	1532.7
684.893	1511.51
686.045	1531.76
687.196	1531.43
688.347	1506.82
689.498	1495.34
690.649	1527.59
691.799	1504.69
692.949	1504.07
694.099	1531.17
695.248	1517.7
696.396	1519.66
697.545	1537.62
698.694	1559.86
699.842	1534.96
700.989	1518.63
702.137	1536.02
703.284	1555.98
704.43	1542.79
705.577	1535.61
706.723	1543.28
707.869	1579.23
709.014	1578.05
710.159	1584.86
711.305	1574.54
712.449	1573.06
713.593	1605.02
714.737	1620.69
715.881	1624.65
717.024	1614.32
718.167	1621.14
719.309	1641.38
720.452	1658.48
721.594	1682.15
722.735	1684.68
723.876	1695.78
725.018	1682.88
726.158	1652.27
727.299	1647.08
728.439	1643.9
729.579	1595
730.718	1592.67
731.857	1572.05
732.996	1567.15
734.134	1545.11
735.273	1544.78
736.411	1518.74
737.548	1500.13
738.685	1541.51
739.823	1495.76
740.959	1505.71
742.095	1505.96
743.231	1487.91
744.367	1483.01
745.502	1492.97
746.637	1493.79
747.771	1482.6
748.906	1483.99
750.04	1482.52
751.173	1455.04
752.308	1482.43
753.441	1452.96
754.574	1474.35
755.705	1466.59
756.838	1474.83
757.97	1462.22
759.101	1457.32
760.232	1480.42
761.364	1485.52
762.494	1451.19
763.624	1473.72
764.754	1476.82
765.883	1468.78
767.013	1475.59
768.143	1474.69
769.271	1472.36
770.399	1472.89
771.527	1485.14
772.655	1479.09
773.782	1469.05
774.909	1472.72
776.036	1493.25
777.162	1473.21
778.289	1500.59
779.415	1479.69
780.54	1486.22
781.666	1465.04
782.791	1486.42
783.915	1465.52
785.039	1485.77
786.163	1512.58
787.287	1483.4
788.411	1495.92
789.533	1494.74
790.656	1471.55
791.778	1492.65
792.9	1498.33
794.022	1514.28
795.144	1512.81
796.265	1490.77
797.386	1516.44
798.506	1496.68
799.626	1510.93
800.746	1518.89
801.866	1530.56
802.985	1535.66
804.104	1531.61
805.223	1519.86
806.341	1539.81
807.459	1549.2
808.577	1541.73
809.694	1562.54
810.811	1565.36
811.928	1565.89
813.044	1607.84
814.16	1607.23
815.277	1600.33
816.392	1605.43
817.507	1628.53
818.622	1635.92
819.737	1615.3
820.851	1641.55
821.964	1630.08
823.078	1641.46
824.192	1680.28
825.304	1692.23
826.417	1688.48
827.53	1705.86
828.642	1732.68
829.754	1750.63
830.865	1783.73
831.976	1818.55
833.087	1828.22
834.197	1852.18
835.308	1892.99
836.417	1923.81
837.527	1934.05
838.636	1953.72
839.745	2023.97
840.854	2044.49
841.962	2064.74
843.07	2098.98
844.177	2143.8
845.284	2168.32
846.392	2215.71
847.499	2259.1
848.605	2318.77
849.711	2383.01
850.817	2443.25
851.922	2456.35
853.028	2455.74
854.132	2423.98
855.237	2389.66
856.341	2389.61
857.445	2447.28
858.549	2498.1
859.653	2586.34
860.755	2708.01
861.858	2853.69
862.96	3069.64
864.062	3355.6
865.164	3728.13
866.266	4200.66
867.367	4870.33
868.468	5764.86
869.568	6649.67
870.669	7371.92
871.768	7757.02
872.868	7652.69
873.967	7115.5
875.066	6339.17
876.165	5564.56
877.263	4927.37
878.361	4384.19
879.458	3879.29
880.557	3441.25
881.653	3156.92
882.75	2873.45
883.847	2645.69
884.943	2470.51
886.038	2330.46
887.134	2192.42
888.229	2113.23
889.325	2043.19
890.419	1966.01
891.513	1945.39
892.607	1929.35
893.701	1874.74
894.794	1876.98
895.888	1853.79
896.98	1843.18
898.073	1829.71
899.165	1821.38
900.257	1818.77
901.349	1793.87
902.44	1777.25
903.53	1777.5
904.621	1792.6
905.711	1765.41
906.802	1794.8
907.891	1794.75
908.981	1789
910.07	1828.67
911.158	1822.91
912.247	1844.3
913.335	1880.54
914.423	1867.36
915.51	1886.74
916.597	1910.98
917.684	1934.08
918.771	1929.76
919.857	1990
920.943	2029.1
922.029	2057.91
923.114	2125.87
924.199	2197.54
925.284	2302.64
926.368	2394.89
927.453	2506.27
928.537	2601.66
929.62	2682.47
930.703	2726.72
931.786	2703.53
932.868	2608.06
933.95	2523.16
935.032	2408.26
936.114	2256.79
937.196	2179.6
938.277	2112.99
939.357	2012.66
940.438	1956.9
941.518	1899.72
942.598	1867.68
943.678	1807.92
944.756	1787.31
945.835	1740.69
946.914	1730.65
947.992	1693.18
949.07	1677.42
950.148	1665.66
951.225	1669.34
952.302	1636.15
953.379	1610.39
954.456	1615.21
955.531	1578.31
956.608	1564.55
957.683	1572.79
958.758	1554.18
959.833	1554.71
960.908	1564.38
961.982	1532.62
963.056	1539.72
964.13	1523.11
965.203	1527.64
966.276	1538.17
967.349	1497.55
968.421	1501.23
969.493	1504.33
970.565	1496.57
971.636	1491.67
972.708	1492.48
973.779	1488.44
974.849	1487.83
975.92	1508.07
976.99	1484.6
978.06	1499.7
979.129	1499.94
980.198	1514.47
981.267	1515.86
982.336	1504.96
983.404	1514.34
984.471	1517.16
985.539	1535.12
986.606	1532.79
987.673	1547.03
988.739	1524.13
989.806	1556.09
990.872	1569.76
991.938	1574
993.003	1561.1
994.069	1573.63
995.133	1577.88
996.198	1607.55
997.262	1613.22
998.326	1642.03
999.39	1649.7
1000.45	1688.81
1001.52	1739.33
1002.58	1719.86
1003.64	1728.11
1004.7	1737.49
1005.77	1707.74
1006.83	1717.41
1007.89	1705.08
1008.95	1691.89
1010.01	1679.85
1011.07	1658.66
1012.13	1647.19
1013.19	1640.29
1014.25	1643.68
1015.31	1639.35
1016.37	1623.88
1017.42	1595.84
1018.48	1613.8
1019.54	1607.75
1020.6	1613.14
1021.65	1609.95
1022.71	1608.77
1023.77	1611.3
1024.82	1615.25
1025.88	1592.64
1026.94	1646.88
1027.99	1644.27
1029.05	1652.23
1030.1	1653.33
1031.16	1653.86
1032.21	1694.1
1033.26	1700.34
1034.32	1738.3
1035.37	1741.69
1036.42	1765.93
1037.48	1819.03
1038.53	1870.13
1039.58	1911.23
1040.63	1934.9
1041.68	2010
1042.74	2082.53
1043.79	2207.06
1044.84	2343.87
1045.89	2516.12
1046.94	2763.5
1047.99	3033.17
1049.04	3307.99
1050.09	3471.38
1051.13	3516.48
1052.18	3387.29
1053.23	3095.25
1054.28	2808.63
1055.33	2541.16
1056.37	2290.26
1057.42	2111.36
1058.47	2002.75
1059.51	1901.85
1060.56	1845.23
1061.6	1795.76
1062.65	1742.86
1063.7	1761.39
1064.74	1761.64
1065.78	1764.16
1066.83	1798.41
1067.87	1826.94
1068.92	1871.75
1069.96	1888.85
1071	1865.38
1072.04	1841.91
1073.09	1811.3
1074.13	1751.25
1075.17	1708.35
1076.21	1667.74
1077.25	1655.12
1078.29	1591.65
1079.34	1591.9
1080.38	1586.71
1081.42	1579.24
1082.45	1574.05
1083.49	1528.58
1084.53	1550.54
1085.57	1543.64
1086.61	1538.74
1087.65	1510.13
1088.69	1528.66
1089.72	1522.04
1090.76	1535.43
1091.8	1537.96
1092.84	1516.49
1093.87	1489.3
1094.91	1513.26
1095.94	1532.93
1096.98	1548.32
1098.01	1555.42
1099.05	1551.09
1100.08	1574.19
1101.12	1573.57
1102.15	1591.82
1103.19	1605.77
1104.22	1604.59
1105.25	1633.69
1106.29	1653.08
1107.32	1675.89
1108.35	1705.56
1109.38	1728.95
1110.41	1728.62
1111.44	1772.58
1112.48	1770.53
1113.51	1752.78
1114.54	1788.45
1115.57	1771.26
1116.6	1750.65
1117.63	1802.04
1118.65	1811.99
1119.68	1824.52
1120.71	1881.34
1121.74	1895.58
1122.77	1970.68
1123.8	1992.35
1124.82	1996.02
1125.85	2007.12
1126.88	1961.94
1127.9	1925.61
1128.93	1875.85
1129.96	1826.38
1130.98	1765.77
1132.01	1738.87
1133.03	1691.97
1134.06	1653.64
1135.08	1625.88
1136.11	1613.55
1137.13	1601.8
1138.15	1583.18
1139.18	1563.14
1140.2	1553.67
1141.22	1581.34
1142.24	1543.3
1143.27	1571.26
1144.29	1536.36
1145.31	1546.6
1146.33	1537.99
1147.35	1540.8
1148.37	1539.9
1149.39	1523.86
1150.41	1541.53
1151.43	1553.49
1152.45	1533.44
1153.47	1544.83
1154.49	1545.07
1155.51	1504.46
1156.53	1533.85
1157.54	1533.23
1158.56	1515.47
1159.58	1514
1160.59	1508.53
1161.61	1489.92
1162.63	1500.73
1163.64	1482.98
1164.66	1470.36
1165.68	1464.32
1166.69	1421.42
1167.71	1443.09
1168.72	1440.48
1169.73	1432.43
1170.75	1458.68
1171.76	1447.78
1172.78	1434.31
1173.79	1445.41
1174.8	1419.08
1175.81	1416.75
1176.83	1430.99
1177.84	1440.95
1178.85	1429.77
1179.86	1416.87
1180.87	1426.54
1181.88	1445.07
1182.89	1411.88
1183.9	1442.41
1184.91	1462.37
1185.92	1464.61
1186.93	1458.28
1187.94	1443.1
1188.95	1476.77
1189.96	1456.73
1190.97	1484.11
1191.97	1480.07
1192.98	1462.31
1193.99	1491.98
1195	1501.94
1196	1508.47
1197.01	1523.57
1198.01	1541.24
1199.02	1570.06
1200.03	1575.44
1201.03	1580.54
1202.04	1600.79
1203.04	1611.6
1204.04	1620.7
1205.05	1610.09
1206.05	1621.76
1207.06	1610.57
1208.06	1646.24
1209.06	1570.77
1210.06	1572.73
1211.07	1554.4
1212.07	1550.93
1213.07	1531.46
1214.07	1531.42
1215.07	1494.8
1216.07	1523.33
1217.07	1495
1218.07	1460.1
1219.07	1496.35
1220.07	1495.73
1221.07	1485.12
1222.07	1498.79
1223.07	1498.18
1224.07	1496.99
1225.07	1526.66
1226.06	1534.91
1227.06	1520.86
1228.06	1537.39
1229.06	1553.92
1230.05	1576.74
1231.05	1582.98
1232.04	1596.65
1233.04	1648.04
1234.04	1667.71
1235.03	1674.81
1236.03	1695.91
1237.02	1709.16
1238.01	1706.07
1239.01	1736.2
1240	1725.5
1241	1746.44
1241.99	1774.12
1242.98	1771.18
1243.97	1783.61
1244.97	1747.55
1245.96	1746.03
1246.95	1723.64
1247.94	1701.59
1248.93	1691.41
1249.92	1659.79
1250.91	1623.09
1251.9	1633.56
1252.89	1600.95
1253.88	1590.71
1254.87	1571.82
1255.86	1581.75
1256.85	1563
1257.84	1572.77
1258.83	1566.36
1259.81	1559.39
1260.8	1557.69
1261.79	1552.93
1262.78	1559.74
1263.76	1576.59
1264.75	1601.72
1265.73	1621.14
1266.72	1642.8
1267.71	1671.85
1268.69	1710.31
1269.68	1704.86
1270.66	1722.01
1271.65	1708.35
1272.63	1691.73
1273.61	1700.05
1274.6	1679.34
1275.58	1682.36
1276.56	1674.06
1277.55	1669.7
1278.53	1676.18
1279.51	1690.73
1280.49	1726.89
1281.47	1761.12
1282.45	1810.76
1283.43	1861.41
1284.42	1904.93
1285.4	1956.83
1286.38	2016.17
1287.35	2063.63
1288.33	2094.5
1289.06	2095.55
1290.08	2091.43
1291.1	2036.17
1292.12	1995.48
1293.14	1929.65
1294.16	1874.95
1295.17	1813.12
1296.19	1745.29
1297.21	1731.17
1298.23	1670.19
1299.25	1664.64
1300.27	1624.52
1301.28	1604.4
1302.3	1580.57
1303.32	1533.88
1304.33	1530.05
1305.35	1527.93
1306.37	1508.38
1307.38	1479.97
1308.4	1495.85
1309.41	1456.59
1310.43	1457.33
1311.44	1432.07
1312.46	1416.8
1313.47	1430.97
1314.49	1381.14
1315.5	1387.87
1316.51	1382.04
1317.53	1384.21
1318.54	1368.95
1319.55	1349.68
1320.57	1346.99
1321.58	1357.16
1322.59	1354.18
1323.6	1356.06
1324.61	1343.09
1325.63	1344.11
1326.64	1330.56
1327.65	1320.16
1328.66	1316.61
1329.67	1305.35
1330.68	1289.8
1331.69	1283.39
1332.7	1291.56
1333.71	1293.72
1334.72	1285.03
1335.72	1288.34
1336.73	1279.37
1337.74	1291.53
1338.75	1283.7
1339.76	1282.72
1340.76	1256.89
1341.77	1255.91
1342.78	1277.22
1343.79	1272.24
1344.79	1274.13
1345.8	1259.43
1346.8	1244.17
1347.81	1261.2
1348.82	1262.22
1349.82	1266.1
1350.83	1251.98
1351.83	1242.72
1352.84	1240.03
1353.84	1244.19
1354.84	1256.36
1355.85	1248.53
1356.85	1259.83
1357.85	1251.43
1358.86	1276.17
1359.86	1264.33
1360.86	1254.21
1361.86	1272.09
1362.87	1275.69
1363.87	1291.28
1364.87	1275.45
1365.87	1289.05
1366.87	1290.35
1367.87	1300.52
1368.87	1276.69
1369.87	1296
1370.87	1287.31
1371.87	1289.19
1372.87	1290.78
1373.87	1295.52
1374.87	1284.54
1375.87	1287.28
1376.87	1286.59
1377.86	1287.33
1378.86	1296.92
1379.86	1279.09
1380.86	1294.68
1381.85	1304.56
1382.85	1284.16
1383.85	1264.04
1384.84	1269.35
1385.84	1272.09
1386.84	1263.97
1387.83	1244.42
1388.83	1243.73
1389.82	1226.18
1390.82	1269.77
1391.81	1263.65
1392.81	1247.25
1393.8	1273.42
1394.79	1262.15
1395.79	1262.61
1396.78	1293.91
1397.77	1288.08
1398.77	1296.25
1399.76	1315.27
1400.75	1337.15
1401.74	1338.75
1402.74	1344.91
1403.73	1371.65
1404.72	1370.96
1405.71	1349.98
1406.7	1354.72
1407.69	1354.89
1408.68	1336.2
1409.67	1345.22
1410.66	1334.81
1411.65	1345.84
1412.64	1331.72
1413.63	1329.6
1414.62	1331.76
1415.61	1344.22
1416.59	1327.24
1417.58	1330.55
1418.57	1322.72
1419.56	1331.74
1420.55	1336.48
1421.53	1324.64
1422.52	1338.81
1423.51	1351.83
1424.49	1343.71
1425.48	1373.88
1426.46	1374.9
1427.45	1389.93
1428.43	1408.66
1429.42	1427.4
1430.4	1443.85
1431.39	1441.16
1432.37	1470.19
1433.36	1494.92
1434.34	1490.23
1435.32	1518.68
1436.31	1536.28
1437.29	1522.73
1438.27	1550.61
1439.26	1548.49
1440.24	1558.09
1441.22	1509.4
1442.2	1533.85
1443.18	1495.44
1444.16	1489.32
1445.14	1523.78
1446.12	1518.23
1447.11	1587.54
1448.09	1623.13
1449.07	1731.01
1450.05	1840.61
1451.02	1957.92
1452	2075.51
1452.98	2125.68
1453.96	2116.42
1454.94	2024.87
1455.92	1979.6
1456.9	1915.77
1457.87	1841.65
1458.85	1797.53
1459.83	1733.98
1460.81	1679.58
1461.78	1642.89
1462.76	1601.05
1463.73	1549.51
1464.71	1542.82
1465.69	1518.98
1466.66	1474.86
1467.64	1470.17
1468.61	1426.62
1469.59	1421.08
1470.56	1386.96
1471.54	1380.55
1472.51	1335.86
1473.48	1314.6
1474.46	1299.62
1475.43	1298.36
1476.4	1277.67
1477.37	1245.26
1478.35	1241.71
1479.32	1222.74
1480.29	1198.05
1481.26	1204.21
1482.23	1186.67
1483.21	1184.83
1484.18	1174.14
1485.15	1154.31
1486.12	1169.05
1487.09	1143.21
1488.06	1157.09
1489.03	1157.26
1490	1135.14
1490.97	1141.3
1491.93	1119.19
1492.9	1130.78
1493.87	1136.95
1494.84	1127.11
1495.81	1125.28
1496.77	1140.3
1497.74	1122.18
1498.71	1115.49
1499.68	1134.23
1500.64	1096.68
1501.61	1115.99
1502.58	1096.44
1503.54	1089.18
1504.51	1100.49
1505.47	1095.51
1506.44	1100.54
1507.4	1067.85
1508.37	1072.58
1509.33	1084.46
1510.3	1079.49
1511.26	1083.65
1512.22	1082.96
1513.19	1077.42
1514.15	1088.72
1515.11	1090.6
1516.08	1097.06
1517.04	1086.37
1518	1101.67
1518.96	1072.7
1519.92	1087.15
1520.88	1071.32
1521.85	1080.63
1522.81	1074.51
1523.77	1058.96
1524.73	1080.27
1525.69	1079.58
1526.65	1059.74
1527.61	1063.91
1528.57	1046.93
1529.53	1055.67
1530.48	1064.69
1531.44	1036.57
1532.4	1044.17
1533.36	1050.62
1534.32	1040.22
1535.28	1038.95
1536.23	1036.83
1537.19	1043.86
1538.15	1058.02
1539.1	1044.48
1540.06	1052.64
1541.02	1061.95
1541.97	1052.12
1542.93	1043.43
1543.88	1047.88
1544.84	1051.76
1545.79	1048.78
1546.75	1053.23
1547.7	1038.54
1548.66	1033.28
1549.61	1065.16
1550.56	1038.47
1551.52	1040.64
1552.47	1041.95
1553.42	1050.97
1554.38	1044.85
1555.33	1037.02
1556.28	1064.04
1557.23	1029.35
1558.18	1044.94
1559.14	1027.68
1560.09	1030.42
1561.04	1036.3
1561.99	1046.75
1562.94	1044.63
1563.89	1047.37
1564.84	1057.25
1565.79	1033.99
1566.74	1030.73
1567.69	1056.61
1568.64	1026.2
1569.59	1041.51
1570.53	1014.53
1571.48	1015.56
1572.43	1022.87
1573.38	1012.75
1574.33	1018.63
1575.27	1028.22
1576.22	1014.39
1577.17	1009.41
1578.11	1022.44
1579.06	1022.03
1580	1030.77
1580.95	994.649
1581.9	1025.1
1582.84	1010.12
1583.79	1008.29
1584.73	988.457
1585.67	1006.34
1586.62	1005.08
1587.56	1008.38
1588.51	999.979
1589.45	1003.29
1590.39	989.454
1591.34	987.906
1592.28	988.644
1593.22	1004.24
1594.16	1006.69
1595.11	993.714
1596.05	987.309
1596.99	974.904
1597.93	981.356
1598.87	991.522
1599.81	985.689
1600.75	974.141
1601.69	991.735
1602.63	978.473
1603.57	972.068
1604.51	1005.09
1605.45	994.972
1606.39	988.852
1607.33	991.876
1608.27	1005.19
1609.21	1009.64
1610.14	1006.37
1611.08	1018.54
1612.02	1033.28
1612.96	1021.73
1613.89	1009.04
1614.83	997.777
1615.77	987.658
1616.7	967.539
1617.64	985.419
1618.58	964.443
1619.51	951.18
1620.45	959.632
1621.38	968.941
1622.32	963.393
1623.25	950.131
1624.19	949.44
1625.12	953.035
1626.05	950.63
1626.99	929.082
1627.92	956.962
1628.85	956.557
1629.79	957.581
1630.72	928.318
1631.65	956.199
1632.58	938.651
1633.52	947.96
1634.45	970.412
1635.38	954.293
1636.31	953.316
1637.24	964.625
1638.17	955.077
1639.1	968.101
1640.03	976.553
1640.96	979.576
1641.89	983.171
1642.82	975.337
1643.75	965.789
1644.68	957.955
1645.61	949.55
1646.54	937.145
1647.46	936.454
1648.39	934.906
1649.32	916.501
1650.25	929.524
1651.17	914.834
1652.1	910.143
1653.03	919.737
1653.95	915.332
1654.88	916.356
1655.81	913.951
1656.73	916.688
1657.66	895.712
1658.58	909.307
1659.51	887.187
1660.43	897.925
1661.36	902.377
1662.28	892.543
1663.21	890.709
1664.13	880.876
1665.05	901.613
1665.98	900.351
1666.9	888.232
1667.82	889.826
1668.74	888.85
1669.67	885.016
1670.59	878.897
1671.51	880.492
1672.43	875.515
1673.35	886.824
1674.27	888.133
1675.19	871.442
1676.12	875.894
1677.04	865.203
1677.96	869.084
1678.88	862.965
1679.79	870.559
1680.71	860.726
1681.63	851.178
1682.55	873.915
1683.47	860.653
1684.39	863.962
1685.31	865.557
1686.23	876.295
1687.14	859.89
1688.06	864.913
1688.98	875.651
1689.89	860.103
1690.81	865.412
1691.73	867.007
1692.64	855.459
1693.56	869.339
1694.48	867.22
1695.39	872.243
1696.31	863.552
1697.22	862.861
1698.14	850.17
1699.05	858.623
1699.96	850.217
1700.88	860.098
1701.79	853.121
1702.7	858.43
1703.62	849.168
1704.53	859.049
1705.44	854.929
1706.36	852.81
1707.27	854.69
1708.18	856
1709.09	853.023
1710	852.904
1710.92	864.498
1711.83	849.807
1712.74	847.688
1713.65	859.283
1714.56	858.306
1715.47	862.758
1716.38	865.21
1717.29	865.948
1718.2	866.971
1719.11	857.995
1720.01	857.875
1720.92	870.327
1721.83	887.637
1722.74	890.374
1723.65	889.683
1724.56	902.992
1725.46	913.159
1726.37	914.754
1727.28	943.491
1728.18	955.086
1729.09	982.681
1730	1013.42
1730.9	1051.3
1731.81	1107.47
1732.71	1173.92
1733.62	1200.37
1734.52	1240.54
1735.43	1212.7
1736.33	1201.15
1737.24	1180.46
1738.14	1135.2
1739.04	1136.22
1739.95	1136.39
1740.85	1100.56
1741.75	1116.44
1742.66	1102.32
1743.56	1107.91
1744.46	1082.94
1745.36	1087.1
1746.26	1091.55
1747.17	1080.01
1748.07	1070.17
1748.97	1062.34
1749.87	1057.93
1750.77	1024.67
1751.67	1040.84
1752.57	1028.43
1753.47	1019.46
1754.37	1002.19
1755.27	986.074
1756.17	980.241
1757.07	977.835
1757.97	959.43
1758.86	935.882
1759.76	925.191
1760.66	918.215
1761.56	906.095
1762.45	909.69
1763.35	876.142
1764.25	855.737
1765.15	860.475
1766.04	842.07
1766.94	847.95
1767.83	838.688
1768.73	815.711
1769.63	823.306
1770.52	820.615
1771.42	802.496
1772.31	793.805
1773.2	793.114
1774.1	792.709
1774.99	771.447
1775.89	769.613
1776.78	768.351
1777.67	770.231
1778.57	769.255
1779.46	759.421
1780.35	759.873
1781.24	746.61
1782.14	755.92
1783.03	757.8
1783.92	745.109
1784.81	741.561
1785.7	752.299
1786.59	737.894
1787.48	740.06
1788.37	742.512
1789.26	733.821
1790.15	725.13
1791.04	725.297
1791.93	743.177
1792.82	734.772
1793.71	731.51
1794.6	731.676
1795.49	741.842
1796.38	735.437
1797.26	723.889
1798.15	741.77
1799.04	725.365
1799.93	732.102
1800.81	736.268
1801.7	712.435
1802.59	711.744
1803.47	699.339
1804.36	713.791
1805.24	697.671
1806.13	722.695
1807.02	714.575
1807.9	715.313
1808.79	714.622
1809.67	715.645
1810.55	702.097
1811.44	717.407
1812.32	709.287
1813.21	704.31
1814.09	714.191
1814.97	713.786
1815.86	686.238
1816.74	689.833
1817.62	681.713
1818.5	695.594
1819.38	690.332
1820.27	683.641
1821.15	688.093
1822.03	690.545
1822.91	703.568
1823.79	678.306
1824.67	681.901
1825.55	679.781
1826.43	681.662
1827.31	678.971
1828.19	670.566
1829.07	683.303
1829.95	672.327
1830.83	682.207
1831.71	666.659
1832.58	664.254
1833.46	679.278
1834.34	665.158
1835.22	661.039
1836.1	667.776
1836.97	662.228
1837.85	662.68
1838.73	653.704
1839.6	646.156
1840.48	664.322
1841.35	645.917
1842.23	655.798
1843.11	645.964
1843.98	648.13
1844.86	661.439
1845.73	651.891
1846.6	651.486
1847.48	654.795
1848.35	644.39
1849.23	634.556
1850.1	655.58
1850.97	654.603
1851.85	638.769
1852.72	638.936
1853.59	638.245
1854.46	630.697
1855.34	618.577
1856.21	625.886
1857.08	645.767
1857.95	639.076
1858.82	619.528
1859.69	629.123
1860.56	626.718
1861.43	637.456
1862.3	629.622
1863.17	641.502
1864.04	630.811
1864.91	616.121
1865.78	631.144
1866.65	626.167
1867.52	623.477
1868.39	629.643
1869.26	621.523
1870.13	623.69
1870.99	622.713
1871.86	627.165
1872.73	623.331
1873.59	617.212
1874.46	615.378
1875.33	618.402
1876.19	612.282
1877.06	616.163
1877.93	613.758
1878.79	611.924
1879.66	606.09
1880.52	596.256
1881.39	599.851
1882.25	594.018
1883.12	599.898
1883.98	610.064
1884.84	603.373
1885.71	600.682
1886.57	611.992
1887.43	584.158
1888.3	599.181
1889.16	599.919
1890.02	582.657
1890.89	587.966
1891.75	599.846
1892.61	589.156
1893.47	585.036
1894.33	589.488
1895.19	596.226
1896.05	577.821
1896.91	583.987
1897.78	587.01
1898.64	579.177
1899.5	581.057
1900.35	589.795
1901.21	580.533
1902.07	565.556
1902.93	580.865
1903.79	573.603
1904.65	572.626
1905.51	570.793
1906.37	574.102
1907.22	566.268
1908.08	575.577
1908.94	582.315
1909.8	564.767
1910.65	559.79
1911.51	552.814
1912.36	569.266
1913.22	572.289
1914.08	578.455
1914.93	545.479
1915.79	557.645
1916.64	557.526
1917.5	564.549
1918.35	558.429
1919.21	567.453
1920.06	559.048
1920.92	553.214
1921.77	552.238
1922.62	562.975
1923.48	567.141
1924.33	552.736
1925.18	537.188
1926.03	561.069
1926.89	547.521
1927.74	535.687
1928.59	539.568
1929.44	538.877
1930.29	544.472
1931.14	529.495
1932	541.661
1932.85	539.828
1933.7	539.708
1934.55	536.731
1935.4	530.041
1936.25	537.35
1937.1	520.087
1937.94	531.111
1938.79	530.134
1939.64	529.158
1940.49	523.038
1941.34	516.347
1942.19	525.085
1943.04	532.109
1943.88	513.132
1944.73	511.87
1945.58	503.464
1946.42	514.202
1947.27	506.083
1948.12	504.82
1948.96	504.415
1949.81	511.153
1950.65	521.034
1951.5	516.628
1952.34	501.938
1953.19	511.247
1954.03	507.699
1954.88	508.722
1955.72	504.317
1956.57	507.34
1957.41	496.649
1958.25	513.387
1959.1	499.839
1959.94	517.148
1960.78	487.6
1961.63	490.909
1962.47	496.218
1963.31	493.242
1964.15	500.551
1964.99	499.574
1965.84	493.741
1966.68	492.478
1967.52	495.216
1968.36	487.954
1969.2	486.977
1970.04	493.144
1970.88	486.453
1971.72	479.762
1972.56	484.785
1973.4	497.523
1974.24	474.546
1975.08	479.57
1975.91	482.593
1976.75	473.331
1977.59	474.354
1978.43	476.806
1979.27	478.687
1980.1	478.567
1980.94	478.734
1981.78	470.9
1982.62	471.352
1983.45	473.232
1984.29	466.256
1985.12	466.993
1985.96	482.588
1986.79	469.326
1987.63	466.921
1988.46	468.801
1989.3	462.111
1990.13	456.277
1990.97	445.3
1991.8	463.467
1992.64	463.633
1993.47	461.799
1994.3	453.394
1995.14	454.132
1995.97	452.584
1996.8	459.036
1997.64	465.488
1998.47	453.654
1999.3	452.677
2000.13	445.701
2000.96	450.438
2001.79	452.033
2002.63	445.342
2003.46	444.366
2004.29	447.961
2005.12	452.413
2005.95	447.722
2006.78	445.602
2007.61	432.911
2008.44	445.935
2009.27	439.244
2010.09	441.982
2010.92	442.434
2011.75	449.171
2012.58	441.623
2013.41	440.647
2014.24	437.956
2015.06	432.408
2015.89	434.86
2016.72	432.74
2017.54	436.907
2018.37	435.073
2019.2	435.525
2020.02	429.977
2020.85	426.143
2021.68	422.31
2022.5	412.761
2023.33	419.213
2024.15	411.951
2024.98	416.117
2025.8	423.712
2026.62	422.45
2027.45	413.473
2028.27	409.925
2029.1	416.092
2029.92	403.972
2030.74	418.138
2031.56	419.733
2032.39	419.614
2033.21	417.494
2034.03	408.232
2034.85	404.684
2035.68	413.708
2036.5	405.874
2037.32	404.612
2038.14	395.635
2038.96	400.944
2039.78	399.396
2040.6	400.419
2041.42	390.871
2042.24	400.181
2043.06	405.204
2043.88	410.799
2044.7	399.822
2045.52	404.846
2046.34	400.441
2047.16	398.893
2047.97	397.63
2048.79	392.654
2049.61	397.391
2050.43	392.415
2051.24	394.581
2052.06	380.176
2052.88	381.771
2053.69	387.937
2054.51	383.532
2055.33	387.412
2056.14	385.579
2056.96	388.602
2057.77	385.626
2058.59	386.935
2059.4	385.101
2060.22	384.41
2061.03	390.862
2061.85	379.028
2062.66	388.052
2063.48	381.932
2064.29	381.241
2065.1	381.408
2065.92	375.288
2066.73	377.454
2067.54	385.906
2068.35	366.073
2069.17	377.096
2069.98	374.405
2070.79	388.572
2071.6	375.023
2072.41	374.618
2073.22	388.213
2074.03	364.665
2074.84	375.689
2075.65	370.998
2076.46	373.735
2077.27	383.045
2078.08	376.068
2078.89	366.806
2079.7	370.401
2080.51	363.138
2081.32	364.447
2082.13	365.471
2082.94	361.637
2083.74	364.946
2084.55	360.541
2085.36	364.136
2086.17	368.588
2086.97	361.897
2087.78	344.92
2088.59	369.658
2089.39	354.682
2090.2	359.991
2091.01	358.157
2091.81	366.037
2092.62	347.061
2093.42	344.656
2094.23	353.679
2095.03	352.131
2095.84	343.155
2096.64	351.607
2097.45	351.487
2098.25	350.796
2099.05	352.391
2099.86	341.986
