150.31	21787.9
151.606	21947.9
152.902	22058.7
154.198	22151.3
155.492	22091.9
156.787	22051.6
158.081	22021
159.376	21984.1
160.669	22059.9
161.962	21912.7
163.256	21900.1
164.548	21887.6
165.841	21862.7
167.133	21702.7
168.424	21805.3
169.715	21776.4
171.006	21724.4
172.297	21679.9
173.587	21742.4
174.877	21697
176.166	21796.4
177.456	21781.6
178.745	21819
180.033	21772.1
181.321	21703.6
182.609	21688.7
183.897	21753.9
185.184	21773.9
186.471	21742.1
187.757	21718.1
189.044	21716.7
190.33	21722.4
191.615	21693.9
192.9	21615
194.185	21728.4
195.469	21628.1
196.753	21509.3
198.037	21498.4
199.321	21616.7
200.604	21527.3
201.887	21495.6
203.17	21543.6
204.451	21535
205.733	21695.9
207.014	21625.9
208.296	21713
209.576	21557
210.856	21758.1
212.137	21688.4
213.417	21808.4
214.696	21821
215.975	21703.6
217.253	21777.6
218.532	21857
219.81	21845.9
221.088	21916.7
222.365	21802.1
223.642	21909
224.919	21928.1
226.195	22098.4
227.471	22294.7
228.747	22392.9
230.022	22630.4
231.297	22823.7
232.572	22869.9
233.846	22903.7
235.12	22827.3
236.394	22524.3
237.667	22316.8
238.94	22243.8
240.213	22206.5
241.485	22168.3
242.757	22100.5
244.029	22208.1
245.3	22168.2
246.571	22210.1
247.842	22294.5
249.112	22375.5
250.381	22424.5
251.651	22427.2
252.921	22442.2
254.189	22381.2
255.457	22444.2
256.726	22453.5
257.994	22394
259.261	22376.7
260.529	22338
261.796	22449.3
263.062	22462.8
264.329	22498.1
265.595	22517.1
266.86	22472.7
268.125	22564.9
269.39	22465.6
270.655	22455.4
271.919	22526.2
273.182	22341.7
274.446	22280.2
275.71	22104
276.973	22009.3
278.234	21952.3
279.497	21932.8
280.759	21772
282.021	21704.8
283.281	21733.2
284.543	21679.1
285.803	21592.9
287.063	21743.1
288.322	21646.9
289.583	21678.5
290.842	21693.2
292.101	21665.9
293.358	21686.7
294.617	21669.7
295.875	21688.1
297.133	21737.4
298.389	21809.8
299.647	21819.1
300.903	21902.4
302.159	21875.7
303.415	21851.8
304.67	21950
305.925	21979.8
307.18	22010.6
308.435	21975.9
309.689	21922.3
310.943	21966.1
312.196	21892.9
313.45	21856.7
314.702	21962.9
315.954	21966.7
317.207	21905.2
318.459	21993.3
319.71	21964.9
320.961	21979
322.212	22163.8
323.463	22141.9
324.712	22152.9
325.962	22006.5
327.211	21941.2
328.461	21830.8
329.71	21707.2
330.958	21629.9
332.207	21502.1
333.454	21601.1
334.702	21651.5
335.949	21632.2
337.196	21687.8
338.442	21680.8
339.688	21749.8
340.933	21781.7
342.179	21743
343.424	21778.5
344.67	21855.8
345.914	21900.6
347.158	21946.7
348.402	22080.8
349.645	22052.7
350.888	22257.7
352.131	22367.3
353.373	22436
354.616	22452.7
355.857	22479.4
357.099	22402.7
358.34	22391.5
359.58	22289
360.821	22280.3
362.061	22290.8
363.301	22356.6
364.54	22168.8
365.78	22231.8
367.019	22346.5
368.257	22477.5
369.495	22588.8
370.733	22817.5
371.97	23023.9
373.208	23048.9
374.444	22940.2
375.681	22695.2
376.917	22572.2
378.153	22314.1
379.389	22152.5
380.623	22149.3
381.858	22107.1
383.092	22107.8
384.327	22098
385.561	22130.1
386.794	22186.8
388.027	22254.1
389.26	22267.1
390.492	22142.4
391.724	22193.1
392.956	22261
394.188	22218.6
395.419	22138.4
396.65	22348
397.88	22335
399.11	22461.7
400.341	22544.8
401.57	22547.2
402.799	22597.9
404.028	22693.5
405.257	22781.1
406.484	23037.8
407.712	23407.1
408.94	23482.1
410.167	23581.9
411.394	23571.2
412.621	23382.8
413.847	23219.5
415.073	22927.9
416.298	22821
417.523	22628.5
418.749	22654.4
419.973	22480.8
421.197	22518.1
422.421	22414.8
423.644	22462.4
424.867	22444.3
426.091	22439.8
427.313	22554.3
428.536	22475.3
429.757	22564
430.979	22496.1
432.201	22460.6
433.421	22461.6
434.642	22443.7
435.862	22364.2
437.082	22378
438.301	22288.7
439.52	22180
440.739	22171.9
441.958	22210.9
443.176	22142.8
444.394	22258.1
445.612	22233.6
446.83	22220.9
448.046	22223.9
449.263	22471.8
450.479	22471.6
451.695	22640.4
452.911	22738.2
454.126	22917.2
455.341	23183.7
456.556	23306.1
457.77	23350.5
458.985	23320.7
460.198	23236.5
461.411	23111.8
462.624	22999.4
463.837	22979
465.05	22756.6
466.262	22780.7
467.473	22733.7
468.685	22708.1
469.896	22764.3
471.106	22790.4
472.317	22734.6
473.527	22753
474.737	22690
475.946	22701
477.155	22776.6
478.364	22855.6
479.573	23087.2
480.781	23443
481.988	24070
483.195	24807.1
484.403	25027.5
485.609	24803.1
486.816	24279.8
488.022	23647.9
489.227	23116.1
490.434	22837.1
491.639	22641.5
492.844	22574.2
494.048	22505.2
495.252	22563.4
496.456	22639.8
497.66	22752.8
498.863	22635.5
500.065	22577.4
501.268	22496.7
502.47	22432.8
503.672	22310.7
504.874	22238
506.075	22196.4
507.275	22198.9
508.476	22274.1
509.677	22571.4
510.876	22739
512.076	22756.6
513.275	22781.6
514.474	22715.2
515.673	22603.6
516.871	22473.5
518.069	22343.3
519.267	22331.8
520.464	22271.6
521.661	22315.8
522.857	22302.2
524.054	22295.8
525.25	22317.9
526.445	22332.4
527.641	22384.8
528.836	22321.5
530.031	22254.8
531.225	22372.9
532.42	22359.4
533.613	22337.2
534.807	22318.5
536	22339.2
537.192	22381.4
538.384	22381.5
539.576	22312.8
540.768	22203.5
541.96	22302.8
543.151	22277
544.342	22310.8
545.532	22330.4
546.723	22307.1
547.912	22361.9
549.102	22377.2
550.291	22493
551.479	22413.2
552.668	22441.3
553.856	22587.5
555.045	22619.9
556.232	22672.6
557.419	22650.8
558.606	22664.9
559.793	22696.2
560.979	22711.8
562.165	22579.1
563.35	22490.1
564.536	22545.6
565.721	22620.9
566.906	22635.9
568.09	22693.2
569.274	22542.8
570.457	22527.8
571.64	22579.4
572.824	22707.8
574.007	22573.1
575.189	22666.1
576.37	22665.7
577.552	22772.1
578.734	22836.3
579.915	23001.3
581.096	22954.6
582.276	22970.7
583.456	23013.1
584.636	22923.9
585.816	22887.4
586.995	22937.3
588.173	22881.7
589.352	22899.6
590.53	22780.9
591.708	22736.5
592.886	22721.7
594.063	22701.6
595.239	22883.2
596.416	22716.8
597.592	22791.5
598.768	22818.8
599.944	22742.3
601.119	22719.1
602.294	22732.9
603.469	22646.8
604.643	22711.2
605.817	22655.1
606.99	22682.1
608.163	22646.5
609.336	22545.8
610.509	22628.2
611.682	22569.5
612.853	22560.8
614.026	22578.4
615.197	22536.8
616.368	22502.1
617.539	22508.8
618.709	22521.8
619.879	22580.3
621.049	22475.6
622.218	22429.1
623.388	22538.4
624.557	22454.9
625.725	22533.6
626.893	22607.2
628.061	22559.6
629.229	22572.6
630.396	22470.5
631.563	22386
632.729	22281.6
633.895	22272.6
635.062	22287.3
636.227	22368.9
637.392	22374.2
638.557	22580.3
639.722	22821.1
640.886	22958.9
642.05	22985.9
643.214	22914.1
644.377	22701.4
645.54	22437.8
646.703	22365.9
647.865	22360.1
649.027	22345.7
650.189	22336.1
651.35	22287.4
652.511	22272.4
653.672	22321.4
654.833	22342.1
655.993	22316.6
657.153	22325
658.312	22445.7
659.472	22439
660.631	22470.6
661.789	22566.1
662.947	22526
664.105	22604.4
665.262	22594.3
666.42	22522.4
667.576	22397.7
668.734	22462.5
669.89	22366
671.046	22458.8
672.201	22380.9
673.357	22485
674.512	22461.5
675.667	22489.1
676.821	22582.1
677.975	22547.6
679.129	22464.6
680.282	22507.4
681.435	22469.8
682.588	22459.1
683.741	22372.1
684.893	22462.5
686.045	22430.1
687.196	22401.7
688.347	22409.5
689.498	22453.1
690.649	22461.5
691.799	22427.4
692.949	22502.1
694.099	22539.1
695.248	22564.7
696.396	22561.4
697.545	22573.6
698.694	22525.7
699.842	22704.2
700.989	22803.7
702.137	22724.2
703.284	22740
704.43	22728.2
705.577	22703.2
706.723	22655.3
707.869	22679.8
709.014	22773.9
710.159	22729.5
711.305	22768.2
712.449	22706.9
713.593	22717.9
714.737	22592.3
715.881	22589.9
717.024	22558.1
718.167	22647.4
719.309	22592.4
720.452	22629.9
721.594	22618.4
722.735	22591.9
723.876	22536.4
725.018	22480.8
726.158	22403.8
727.299	22444.3
728.439	22437.5
729.579	22350.8
730.718	22398.1
731.857	22434.6
732.996	22324.4
734.134	22214.3
735.273	22185.6
736.411	22155.7
737.548	22210.4
738.685	22166
739.823	22226.7
740.959	22009.7
742.095	22065.3
743.231	22058
744.367	22058.2
745.502	22011.8
746.637	21981
747.771	22055.8
748.906	21962.5
750.04	21957.2
751.173	21967.6
752.308	21971.8
753.441	21878.5
754.574	21850.4
755.705	21830.5
756.838	21922.7
757.97	21965.1
759.101	21914.9
760.232	22002.5
761.364	21998.1
762.494	22016
763.624	21972.7
764.754	22021.4
765.883	22066.4
767.013	22042
768.143	22103.8
769.271	22067.4
770.399	22201.6
771.527	22153.7
772.655	22161
773.782	22179.4
774.909	22203
776.036	22179.4
777.162	22283.3
778.289	22236.6
779.415	22277
780.54	22368.3
781.666	22206.8
782.791	22260
783.915	22168.2
785.039	22356.3
786.163	22168.8
787.287	22215.8
788.411	22259.1
789.533	22288.1
790.656	22304.5
791.778	22368.4
792.9	22255.1
794.022	22210.1
795.144	22140.2
796.265	22279.8
797.386	22170
798.506	22078.7
799.626	22120
800.746	22109.8
801.866	22061.7
802.985	22096.1
804.104	21948
805.223	22060.7
806.341	22006.3
807.459	22004.7
808.577	22135.1
809.694	22167.6
810.811	22131.7
811.928	22229.6
813.044	22257.4
814.16	22310.4
815.277	22306.9
816.392	22209
817.507	22111.5
818.622	21993.6
819.737	21953.8
820.851	21816.8
821.964	21782.1
823.078	21781.3
824.192	21761.2
825.304	21664.2
826.417	21732.9
827.53	21656.5
828.642	21639.5
829.754	21689.1
830.865	21764.7
831.976	21691.7
833.087	21660.1
834.197	21724.8
835.308	21861
836.417	21795.4
837.527	21897.3
838.636	21868
839.745	21967.3
840.854	21960.8
841.962	21955
843.07	22054.6
844.177	22053
845.284	22143.4
846.392	22224.1
847.499	22266.3
848.605	22412.2
849.711	22422.6
850.817	22319.6
851.922	22364
853.028	22301.3
854.132	22258.9
855.237	22198.2
856.341	22240.3
857.445	22188.8
858.549	22323.2
859.653	22340.2
860.755	22370.1
861.858	22301.4
862.96	22520.1
864.062	22518.2
865.164	22738.7
866.266	22986.2
867.367	23205.5
868.468	23536.5
869.568	23877
870.669	24044
871.768	24081.3
872.868	24184.5
873.967	24158.7
875.066	24029.7
876.165	23766.4
877.263	23470
878.361	23059
879.458	22782.6
880.557	22387.9
881.653	22203.7
882.75	21990.7
883.847	21814.3
884.943	21688.4
886.038	21664.6
887.134	21504.2
888.229	21538.9
889.325	21296.5
890.419	21239.8
891.513	21312.2
892.607	21243.2
893.701	21293.3
894.794	21155.2
895.888	21240.5
896.98	21189.2
898.073	21069.6
899.165	21061.8
900.257	21027.7
901.349	21167.2
902.44	21140.2
903.53	21112.1
904.621	21078.2
905.711	21021.8
906.802	21016
907.891	21108.4
908.981	21013.4
910.07	21027
911.158	21089.7
912.247	21007
913.335	21074.8
914.423	21057.3
915.51	21064.3
916.597	21091
917.684	20962.6
918.771	21060.7
919.857	21042
920.943	21105.9
922.029	21040
923.114	21135.3
924.199	21066.6
925.284	21146.5
926.368	21176.9
927.453	21180.2
928.537	21260.9
929.62	21304.5
930.703	21260.9
931.786	21275.3
932.868	21256.9
933.95	21145.9
935.032	21137.2
936.114	20953.4
937.196	20997.8
938.277	21006.2
939.357	20904.4
940.438	20812.5
941.518	20910.1
942.598	20900.5
943.678	20835
944.756	20742
945.835	20682.1
946.914	20688.8
947.992	20594.7
949.07	20672.6
950.148	20565.6
951.225	20661.1
952.302	20532.7
953.379	20484.3
954.456	20459.9
955.531	20494.3
956.608	20455
957.683	20407.7
958.758	20419.6
959.833	20445.5
960.908	20330.8
961.982	20345.5
963.056	20382.8
964.13	20347.8
965.203	20343.9
966.276	20412.9
967.349	20299.9
968.421	20285.8
969.493	20317.4
970.565	20288.1
971.636	20376.8
972.708	20320.7
973.779	20437.4
974.849	20445.2
975.92	20339.4
976.99	20331.3
978.06	20345.1
979.129	20387
980.198	20402.8
981.267	20377.3
982.336	20352.8
983.404	20399
984.471	20360
985.539	20291.9
986.606	20360.9
987.673	20403.9
988.739	20362.9
989.806	20374.4
990.872	20358.6
991.938	20456.5
993.003	20412.3
994.069	20405
995.133	20396
996.198	20315
997.262	20500
998.326	20502.5
999.39	20517.5
1000.45	20447.1
1001.52	20453.8
1002.58	20483.4
1003.64	20400.9
1004.7	20509.4
1005.77	20423.8
1006.83	20473.4
1007.89	20393.2
1008.95	20331.4
1010.01	20415.8
1011.07	20355.1
1012.13	20453.3
1013.19	20272.8
1014.25	20329.8
1015.31	20425.4
1016.37	20378.4
1017.42	20332.6
1018.48	20204.7
1019.54	20251.4
1020.6	20129.9
1021.65	20161.4
1022.71	20135.6
1023.77	20072.3
1024.82	20026.4
1025.88	20111.7
1026.94	20037.6
1027.99	20102
1029.05	20050.5
1030.1	20142.6
1031.16	20052.8
1032.21	20038.6
1033.26	20025.9
1034.32	19958.3
1035.37	19876.8
1036.42	19953.5
1037.48	19963.1
1038.53	19922.6
1039.58	19970.2
1040.63	19934.1
1041.68	19965.1
1042.74	19948.7
1043.79	20061.4
1044.84	20041
1045.89	20122.5
1046.94	20211
1047.99	20376.3
1049.04	20545.6
1050.09	20476.8
1051.13	20434.4
1052.18	20367.7
1053.23	20266.4
1054.28	20214.9
1055.33	20097.9
1056.37	20042.3
1057.42	20022.4
1058.47	19978.9
1059.51	19902.7
1060.56	19925.2
1061.6	19976.2
1062.65	20021.5
1063.7	19946.5
1064.74	20029.8
1065.78	20109.3
1066.83	20290.3
1067.87	20443.9
1068.92	20619.5
1069.96	20814.5
1071	20986.6
1072.04	21242.8
1073.09	21266.7
1074.13	21167.9
1075.17	21127.5
1076.21	21071.9
1077.25	21052.7
1078.29	21124.8
1079.34	21282.7
1080.38	21315.1
1081.42	21343.8
1082.45	21063.1
1083.49	20743
1084.53	20604
1085.57	20335.8
1086.61	20141.7
1087.65	20095.6
1088.69	19816.3
1089.72	19889.3
1090.76	19805.7
1091.8	19797.6
1092.84	19688.6
1093.87	19642.2
1094.91	19741.7
1095.94	19597.9
1096.98	19650.9
1098.01	19648.8
1099.05	19567.8
1100.08	19530.5
1101.12	19572.9
1102.15	19488.2
1103.19	19438.9
1104.22	19419.6
1105.25	19383.8
1106.29	19380.2
1107.32	19384.9
1108.35	19351.1
1109.38	19454.7
1110.41	19344.2
1111.44	19243
1112.48	19317.1
1113.51	19295.3
1114.54	19242.3
1115.57	19225
1116.6	19149.7
1117.63	19140.1
1118.65	19112
1119.68	19178.4
1120.71	19120.9
1121.74	19120.4
1122.77	19102.6
1123.8	19183.6
1124.82	19085.2
1125.85	19145
1126.88	19024.3
1127.9	19060.7
1128.93	19005.2
1129.96	19043.9
1130.98	19023.5
1132.01	19066.5
1133.03	18991.2
1134.06	19096.2
1135.08	19056.3
1136.11	19029.3
1137.13	19119.5
1138.15	19130.5
1139.18	19213.5
1140.2	19156.8
1141.22	19160.4
1142.24	19304.5
1143.27	19380.9
1144.29	19319.4
1145.31	19389.2
1146.33	19459.4
1147.35	19417.3
1148.37	19447.4
1149.39	19456.7
1150.41	19521.4
1151.43	19510.4
1152.45	19483.4
1153.47	19488.4
1154.49	19533.4
1155.51	19382.7
1156.53	19468.9
1157.54	19469.9
1158.56	19404.9
1159.58	19503.6
1160.59	19503.5
1161.61	19603.6
1162.63	19537.7
1163.64	19641.6
1164.66	19637.2
1165.68	19604.2
1166.69	19514.1
1167.71	19449.1
1168.72	19363.5
1169.73	19379.1
1170.75	19368.6
1171.76	19281.4
1172.78	19244.4
1173.79	19237.1
1174.8	19149.8
1175.81	19217.1
1176.83	19329.5
1177.84	19486.8
1178.85	19660.7
1179.86	19674.3
1180.87	19585
1181.88	19485.4
1182.89	19329.8
1183.9	19198.6
1184.91	19102.1
1185.92	19011.4
1186.93	18993
1187.94	18961.1
1188.95	18925.9
1189.96	18831.7
1190.97	18855.6
1191.97	18900.9
1192.98	18811
1193.99	18838
1195	18788.7
1196	18833.8
1197.01	18800.5
1198.01	18904.9
1199.02	18810.5
1200.03	18829.8
1201.03	18829.1
1202.04	18865.8
1203.04	18905.6
1204.04	18882.9
1205.05	18862.8
1206.05	18939.5
1207.06	18893.4
1208.06	18986.9
1209.06	18993.4
1210.06	18982.1
1211.07	18958.8
1212.07	19068.4
1213.07	19094.3
1214.07	19188.4
1215.07	19268.8
1216.07	19379.8
1217.07	19436
1218.07	19578.7
1219.07	19670.9
1220.07	19854.4
1221.07	19982.3
1222.07	20111.3
1223.07	20216.9
1224.07	20381.9
1225.07	20468.6
1226.06	20496.7
1227.06	20738.6
1228.06	20721.3
1229.06	20764.3
1230.05	20818.5
1231.05	20760.9
1232.04	20783.3
1233.04	20781.8
1234.04	20742.8
1235.03	20828.4
1236.03	21148.2
1237.02	21315.2
1238.01	21597.1
1239.01	21689
1240	21950.1
1241	22090.3
1241.99	22074.7
1242.98	21961.8
1243.97	21851.9
1244.97	21656.3
1245.96	21448.9
1246.95	21330.8
1247.94	21225
1248.93	21107.1
1249.92	21138.6
1250.91	21137.3
1251.9	21130.2
1252.89	21286.8
1253.88	21358.7
1254.87	21431.6
1255.86	21596.9
1256.85	21811.3
1257.84	21970.5
1258.83	22114.7
1259.81	22143.9
1260.8	22167.9
1261.79	22127.5
1262.78	21958.8
1263.76	21809.8
1264.75	21583.1
1265.73	21312.2
1266.72	21080.2
1267.71	20896.2
1268.69	20653.3
1269.68	20429.3
1270.66	20154.4
1271.65	19959.6
1272.63	19709.8
1273.61	19585.9
1274.6	19353.8
1275.58	19166.4
1276.56	19065.2
1277.55	18921.2
1278.53	18838.8
1279.51	18745.3
1280.49	18656.6
1281.47	18623.5
1282.45	18585.4
1283.43	18567.2
1284.42	18560
1285.4	18543
1286.38	18546.8
1287.35	18535.8
1288.33	18442.8
1289.06	18371.6
1290.08	18374
1291.1	18246.7
1292.12	18134.9
1293.14	18063.6
1294.16	17934.3
1295.17	17865.1
1296.19	17812.7
1297.21	17596.8
1298.23	17684.7
1299.25	17626.8
1300.27	17573.3
1301.28	17634.6
1302.3	17545
1303.32	17483.8
1304.33	17579.1
1305.35	17527.2
1306.37	17632.2
1307.38	17618.1
1308.4	17696
1309.41	17812.4
1310.43	17850.6
1311.44	17978.2
1312.46	18005.7
1313.47	18015.6
1314.49	18001.5
1315.5	18050.5
1316.51	18041.5
1317.53	18015.7
1318.54	18110.7
1319.55	18122.3
1320.57	18097.9
1321.58	18021.7
1322.59	17907.6
1323.6	17921.2
1324.61	17725.3
1325.63	17793.5
1326.64	17662.8
1327.65	17609
1328.66	17543.4
1329.67	17567
1330.68	17434
1331.69	17516.7
1332.7	17441.2
1333.71	17444.8
1334.72	17465.2
1335.72	17395.9
1336.73	17376.1
1337.74	17280.5
1338.75	17146.1
1339.76	17085.4
1340.76	16990.7
1341.77	16991.2
1342.78	16953.6
1343.79	16859.5
1344.79	16887.1
1345.8	16799.8
1346.8	16851.4
1347.81	16774.1
1348.82	16754.3
1349.82	16727
1350.83	16679.1
1351.83	16641.6
1352.84	16612.6
1353.84	16591.3
1354.84	16675.5
1355.85	16612.5
1356.85	16626.4
1357.85	16664
1358.86	16533
1359.86	16504.6
1360.86	16496.1
1361.86	16559.7
1362.87	16499
1363.87	16570
1364.87	16571.6
1365.87	16663.8
1366.87	16623.4
1367.87	16607.5
1368.87	16738
1369.87	16649
1370.87	16757.1
1371.87	16766.7
1372.87	16818.9
1373.87	16870.5
1374.87	16900.3
1375.87	16901.1
1376.87	16937.5
1377.86	16955.7
1378.86	16995.5
1379.86	17020.6
1380.86	16993.9
1381.85	17010.9
1382.85	16952.7
1383.85	16928.3
1384.84	16919.1
1385.84	16781.5
1386.84	16765.9
1387.83	16814.7
1388.83	16687.4
1389.82	16665.6
1390.82	16642
1391.81	16642.7
1392.81	16605.7
1393.8	16692.8
1394.79	16708.6
1395.79	16686.8
1396.78	16853.8
1397.77	16760.5
1398.77	16928.4
1399.76	17056
1400.75	17146.4
1401.74	17260.9
1402.74	17320.2
1403.73	17314.9
1404.72	17246.8
1405.71	17060.9
1406.7	16834.8
1407.69	16654.7
1408.68	16454
1409.67	16272.7
1410.66	16215.4
1411.65	16094.7
1412.64	16040.9
1413.63	16010.2
1414.62	15954.3
1415.61	16012.2
1416.59	15846.7
1417.58	15822
1418.57	15787.5
1419.56	15711.4
1420.55	15636.4
1421.53	15528.3
1422.52	15492.5
1423.51	15436
1424.49	15407.1
1425.48	15354.1
1426.46	15297.1
1427.45	15265.5
1428.43	15250.5
1429.42	15194.4
1430.4	15221.4
1431.39	15154.7
1432.37	15200.3
1433.36	15132.8
1434.34	15100.9
1435.32	15169.9
1436.31	15111.8
1437.29	15083.1
1438.27	15057.5
1439.26	15066.3
1440.24	15021.6
1441.22	14990.9
1442.2	15006.2
1443.18	15042
1444.16	14978.5
1445.14	14945.8
1446.12	14974.5
1447.11	15044.4
1448.09	15060.3
1449.07	15100.4
1450.05	15129.7
1451.02	15130.7
1452	15173.5
1452.98	15156.2
1453.96	15221.8
1454.94	15056.5
1455.92	15043.5
1456.9	15030
1457.87	15025.8
1458.85	14999.1
1459.83	14939.3
1460.81	14998.9
1461.78	14892.5
1462.76	14887.2
1463.73	14837.3
1464.71	14799.2
1465.69	14791.7
1466.66	14752.4
1467.64	14763.4
1468.61	14711.3
1469.59	14752
1470.56	14781
1471.54	14747.5
1472.51	14845.9
1473.48	14896.6
1474.46	14830.8
1475.43	14828.7
1476.4	14775.4
1477.37	14651.8
1478.35	14675.7
1479.32	14635.9
1480.29	14584.9
1481.26	14501
1482.23	14427.2
1483.21	14377.3
1484.18	14396.9
1485.15	14375.9
1486.12	14392.4
1487.09	14370
1488.06	14361
1489.03	14252.3
1490	14335.3
1490.97	14320
1491.93	14344.5
1492.9	14321.2
1493.87	14343.1
1494.84	14329.2
1495.81	14326
1496.77	14339.3
1497.74	14206
1498.71	14220.7
1499.68	14183.7
1500.64	14079
1501.61	14068.9
1502.58	14031.3
1503.54	13958.6
1504.51	13987.1
1505.47	13986.7
1506.44	13903.7
1507.4	13945.6
1508.37	13919.1
1509.33	13921
1510.3	13989.5
1511.26	13991.9
1512.22	14126.6
1513.19	14064.5
1514.15	14098.4
1515.11	14104.5
1516.08	14111.3
1517.04	14053.7
1518	14029
1518.96	13985.2
1519.92	13938.2
1520.88	13980.6
1521.85	13894.5
1522.81	13827.8
1523.77	13810.8
1524.73	13751.5
1525.69	13728.5
1526.65	13665
1527.61	13699.7
1528.57	13601.9
1529.53	13578.6
1530.48	13509.3
1531.44	13552.1
1532.4	13539.4
1533.36	13486.9
1534.32	13533.4
1535.28	13446.4
1536.23	13476.6
1537.19	13445
1538.15	13465.2
1539.1	13488.7
1540.06	13445.8
1541.02	13475.9
1541.97	13405.8
1542.93	13387.9
1543.88	13376.1
1544.84	13373.1
1545.79	13402.1
1546.75	13399.4
1547.7	13335.3
1548.66	13405.2
1549.61	13317.9
1550.56	13308.6
1551.52	13419.6
1552.47	13313.5
1553.42	13354.2
1554.38	13320.7
1555.33	13352.8
1556.28	13318.4
1557.23	13312
1558.18	13339
1559.14	13266.3
1560.09	13211.1
1561.04	13280.9
1561.99	13269.4
1562.94	13218.7
1563.89	13246
1564.84	13200.1
1565.79	13221.1
1566.74	13151.6
1567.69	13206.3
1568.64	13125.3
1569.59	13121.8
1570.53	13067.4
1571.48	13032.7
1572.43	13059.7
1573.38	13061
1574.33	13030.8
1575.27	13033
1576.22	13007.7
1577.17	12978.5
1578.11	12963.2
1579.06	13016.2
1580	13027.2
1580.95	12989.7
1581.9	12913
1582.84	12869.7
1583.79	12937
1584.73	12859.4
1585.67	12853.6
1586.62	12823.5
1587.56	12702.2
1588.51	12802.1
1589.45	12776.8
1590.39	12599.8
1591.34	12644.5
1592.28	12595.5
1593.22	12644
1594.16	12674.4
1595.11	12642.3
1596.05	12596.5
1596.99	12635.5
1597.93	12565.9
1598.87	12632.4
1599.81	12595.4
1600.75	12607.5
1601.69	12608
1602.63	12635.6
1603.57	12664.9
1604.51	12697.6
1605.45	12693.7
1606.39	12743
1607.33	12805.5
1608.27	12851.9
1609.21	12816.1
1610.14	12833.1
1611.08	12867
1612.02	12769.4
1612.96	12685.9
1613.89	12657.7
1614.83	12632.2
1615.77	12580.6
1616.7	12501.3
1617.64	12470.6
1618.58	12435.4
1619.51	12359.8
1620.45	12296.5
1621.38	12345.8
1622.32	12238.3
1623.25	12293.3
1624.19	12230.3
1625.12	12211
1626.05	12172.9
1626.99	12137.4
1627.92	12171.2
1628.85	12241.7
1629.79	12230.4
1630.72	12293.4
1631.65	12303.3
1632.58	12324
1633.52	12449.6
1634.45	12486.9
1635.38	12515.3
1636.31	12536.9
1637.24	12621.1
1638.17	12585.2
1639.1	12536.3
1640.03	12527.3
1640.96	12439.1
1641.89	12302.2
1642.82	12166
1643.75	12130.8
1644.68	12050.3
1645.61	11989.9
1646.54	11937.2
1647.46	11862.8
1648.39	11827.3
1649.32	11803.4
1650.25	11751.6
1651.17	11718
1652.1	11725.6
1653.03	11653.5
1653.95	11633.1
1654.88	11546.4
1655.81	11585.1
1656.73	11575.5
1657.66	11617.4
1658.58	11517.8
1659.51	11458.6
1660.43	11500.4
1661.36	11453.7
1662.28	11544.5
1663.21	11449.8
1664.13	11435.4
1665.05	11403.2
1665.98	11402.2
1666.9	11417.3
1667.82	11300
1668.74	11345.6
1669.67	11294
1670.59	11290.7
1671.51	11293.8
1672.43	11249.9
1673.35	11232.9
1674.27	11262.8
1675.19	11224.1
1676.12	11210.8
1677.04	11192.4
1677.96	11282.6
1678.88	11143.6
1679.79	11171.5
1680.71	11097.9
1681.63	11191.5
1682.55	11089.6
1683.47	11121.5
1684.39	11063.1
1685.31	11107.5
1686.23	11047.7
1687.14	11023.6
1688.06	11006.3
1688.98	11036.5
1689.89	11031.5
1690.81	11005.3
1691.73	10933.8
1692.64	10953.9
1693.56	10958.7
1694.48	10933.1
1695.39	10900.4
1696.31	10885.4
1697.22	10844.2
1698.14	10879.5
1699.05	10877
1699.96	10851.5
1700.88	10868.8
1701.79	10840.7
1702.7	10790.8
1703.62	10798.7
1704.53	10830.6
1705.44	10817.6
1706.36	10705.7
1707.27	10793.3
1708.18	10750.3
1709.09	10708.8
1710	10728.9
1710.92	10694.5
1711.83	10651
1712.74	10738.3
1713.65	10712.4
1714.56	10705.4
1715.47	10635.9
1716.38	10672
1717.29	10671.9
1718.2	10660.9
1719.11	10686.2
1720.01	10553.5
1720.92	10574.5
1721.83	10560.1
1722.74	10577.7
1723.65	10548.1
1724.56	10574
1725.46	10493
1726.37	10544.3
1727.28	10516.5
1728.18	10552.9
1729.09	10521.4
1730	10539.5
1730.9	10507.7
1731.81	10515.6
1732.71	10550.9
1733.62	10555.6
1734.52	10495.5
1735.43	10531.3
1736.33	10449.8
1737.24	10416.2
1738.14	10425.8
1739.04	10435.7
1739.95	10425
1740.85	10406.8
1741.75	10338.1
1742.66	10370.3
1743.56	10297.6
1744.46	10313.5
1745.36	10284.8
1746.26	10231.2
1747.17	10220.8
1748.07	10243.5
1748.97	10201.1
1749.87	10164.4
1750.77	10128.9
1751.67	10094.7
1752.57	10150
1753.47	10133.3
1754.37	10025.2
1755.27	10025.9
1756.17	10031.2
1757.07	10058.2
1757.97	10013
1758.86	9975.7
1759.76	9923.86
1760.66	9916.01
1761.56	10003.6
1762.45	9914.33
1763.35	9868.48
1764.25	9837.21
1765.15	9852.51
1766.04	9833.53
1766.94	9756.54
1767.83	9818.13
1768.73	9800
1769.63	9773.58
1770.52	9720.03
1771.42	9722.47
1772.31	9637.48
1773.2	9657.07
1774.1	9626.37
1774.99	9600.53
1775.89	9643.54
1776.78	9631.7
1777.67	9617
1778.57	9575.72
1779.46	9537.03
1780.35	9562.9
1781.24	9526.77
1782.14	9546.93
1783.03	9601.37
1783.92	9539.24
1784.81	9485.68
1785.7	9513.27
1786.59	9445.43
1787.48	9453.87
1788.37	9432.31
1789.26	9428.18
1790.15	9470.34
1791.04	9412.78
1791.93	9345.51
1792.82	9380.81
1793.71	9338.97
1794.6	9306.84
1795.49	9347.28
1796.38	9356.58
1797.26	9282.45
1798.15	9278.33
1799.04	9322.48
1799.93	9199.21
1800.81	9277.37
1801.7	9228.95
1802.59	9276.54
1803.47	9260.13
1804.36	9188.85
1805.24	9235.87
1806.13	9219.45
1807.02	9167.04
1807.9	9169.48
1808.79	9157.93
1809.67	9128.65
1810.55	9150.24
1811.44	9162.4
1812.32	9095.7
1813.21	9061.28
1814.09	9083.15
1814.97	9068.17
1815.86	9032.33
1816.74	9002.48
1817.62	8925.5
1818.5	9011.94
1819.38	9006.38
1820.27	8962.82
1821.15	8939.27
1822.03	8949.71
1822.91	8927.01
1823.79	8810.88
1824.67	8866.18
1825.55	8872.63
1826.43	8791.35
1827.31	8835.51
1828.19	8797.95
1829.07	8815.82
1829.95	8761.7
1830.83	8819.85
1831.71	8775.15
1832.58	8763.88
1833.46	8765.18
1834.34	8703.63
1835.22	8731.21
1836.1	8685.37
1836.97	8688.1
1837.85	8654.25
1838.73	8655.84
1839.6	8623.14
1840.48	8617.58
1841.35	8561.45
1842.23	8625.61
1843.11	8571.2
1843.98	8576.5
1844.86	8535.22
1845.73	8525.67
1846.6	8537.83
1847.48	8519.98
1848.35	8484.14
1849.23	8485.44
1850.1	8431.03
1850.97	8336.04
1851.85	8449.05
1852.72	8409.5
1853.59	8345.65
1854.46	8332.95
1855.34	8353.4
1856.21	8331.55
1857.08	8364.85
1857.95	8305.87
1858.82	8300.31
1859.69	8299.9
1860.56	8243.2
1861.43	8309.07
1862.3	8303.22
1863.17	8240.24
1864.04	8221.83
1864.91	8245.13
1865.78	8227.57
1866.65	8199.44
1867.52	8188.45
1868.39	8260.9
1869.26	8167.91
1870.13	8160.07
1870.99	8101.94
1871.86	8169.52
1872.73	8113.97
1873.59	8105.84
1874.46	8068.57
1875.33	8105.3
1876.19	8108.6
1877.06	8065.9
1877.93	8046.91
1878.79	8059.64
1879.66	8046.37
1880.52	8053.38
1881.39	7978.4
1882.25	8039.98
1883.12	8039.85
1883.98	8005.15
1884.84	7998.74
1885.71	8026.32
1886.57	7977.05
1887.43	7958.92
1888.3	7951.37
1889.16	7945.81
1890.02	7916.54
1890.89	7886.41
1891.75	7840.28
1892.61	7879.87
1893.47	7867.17
1894.33	7859.33
1895.19	7873.77
1896.05	7848.21
1896.91	7844.37
1897.78	7850.52
1898.64	7781.82
1899.5	7809.69
1900.35	7809.28
1901.21	7742.87
1902.07	7770.17
1902.93	7745.18
1903.79	7708.77
1904.65	7683.5
1905.51	7687.65
1906.37	7701.24
1907.22	7629.68
1908.08	7629.55
1908.94	7677.71
1909.8	7628.15
1910.65	7572.31
1911.51	7634.18
1912.36	7534.05
1913.22	7578.78
1914.08	7585.8
1914.93	7599.67
1915.79	7486.4
1916.64	7528.84
1917.5	7529.28
1918.35	7522.58
1919.21	7488.17
1920.06	7470.61
1920.92	7473.05
1921.77	7452.35
1922.62	7412.51
1923.48	7430.38
1924.33	7445.68
1925.18	7367.84
1926.03	7406
1926.89	7365.3
1927.74	7334.6
1928.59	7326.75
1929.44	7304.05
1930.29	7310.21
1931.14	7276.37
1932	7328.81
1932.85	7237.82
1933.7	7275.12
1934.55	7280.14
1935.4	7237.15
1936.25	7265.02
1937.1	7189.18
1937.94	7252.77
1938.79	7210.07
1939.64	7153.94
1940.49	7135.52
1941.34	7150.54
1942.19	7101.84
1943.04	7105.42
1943.88	7106.44
1944.73	7087.17
1945.58	7133.61
1946.42	7090.62
1947.27	7054.21
1948.12	7024.94
1948.96	7045.38
1949.81	7011.25
1950.65	7003.41
1951.5	7015
1952.34	6987.44
1953.19	6943.02
1954.03	6973.18
1954.88	6972.77
1955.72	6991.5
1956.57	6940.51
1957.41	6921.24
1958.25	6898.25
1959.1	6929.84
1959.94	6897.71
1960.78	6892.72
1961.63	6846.31
1962.47	6838.18
1963.31	6821.48
1964.15	6779.35
1964.99	6832.65
1965.84	6835.09
1966.68	6801.54
1967.52	6790.27
1968.36	6719
1969.2	6744.87
1970.04	6740.74
1970.88	6713.18
1971.72	6721.91
1972.56	6668.07
1973.4	6676.51
1974.24	6657.24
1975.08	6705.39
1975.91	6629.55
1976.75	6629.71
1977.59	6584.44
1978.43	6609.17
1979.27	6585.04
1980.1	6577.19
1980.94	6551.64
1981.78	6545.79
1982.62	6584.52
1983.45	6514.97
1984.29	6539.69
1985.12	6499.28
1985.96	6535.44
1986.79	6464.17
1987.63	6478.32
1988.46	6479.91
1989.3	6445.49
1990.13	6417.37
1990.97	6448.38
1991.8	6449.68
1992.64	6375.55
1993.47	6421.14
1994.3	6415.29
1995.14	6359.45
1995.97	6361.9
1996.8	6310.05
1997.64	6288.78
1998.47	6300.08
1999.3	6283.1
2000.13	6289.82
2000.96	6341.98
2001.79	6280.14
2002.63	6261.72
2003.46	6237.02
2004.29	6216.04
2005.12	6181.62
2005.95	6186.64
2006.78	6250.51
2007.61	6215.81
2008.44	6191.11
2009.27	6196.12
2010.09	6167.42
2010.92	6179.01
2011.75	6163.45
2012.58	6183.32
2013.41	6146.05
2014.24	6055.64
2015.06	6106.65
2015.89	6091.38
2016.72	6094.39
2017.54	6052.27
2018.37	6060.71
2019.2	6076.58
2020.02	6036.17
2020.85	6017.47
2021.68	6011.34
2022.5	5987.21
2023.33	5981.08
2024.15	5949.81
2024.98	5945.11
2025.8	5948.98
2026.62	5878.28
2027.45	5960.44
2028.27	5924.02
2029.1	5876.47
2029.92	5926.34
2030.74	5879.64
2031.56	5878.37
2032.39	5882.81
2033.21	5812.39
2034.03	5781.69
2034.85	5779.57
2035.68	5769.72
2036.5	5755.88
2037.32	5752.04
2038.14	5731.62
2038.96	5712.35
2039.78	5721.65
2040.6	5763.52
2041.42	5753.68
2042.24	5754.12
2043.06	5703.71
2043.88	5686.15
2044.7	5732.02
2045.52	5683.89
2046.34	5662.34
2047.16	5613.64
2047.97	5612.65
2048.79	5614.81
2049.61	5636.11
2050.43	5621.41
2051.24	5539.28
2052.06	5556.01
2052.88	5593.31
2053.69	5566.61
2054.51	5539.34
2055.33	5569.21
2056.14	5561.08
2056.96	5552.95
2057.77	5535.39
2058.59	5540.69
2059.4	5501.99
2060.22	5544.72
2061.03	5483.74
2061.85	5449.32
2062.66	5468.34
2063.48	5438.21
2064.29	5459.51
2065.1	5405.09
2065.92	5416.96
2066.73	5419.41
2067.54	5347.28
2068.35	5337.44
2069.17	5372.74
2069.98	5384.32
2070.79	5383.91
2071.6	5371.78
2072.41	5357.65
2073.22	5295.52
2074.03	5291.68
2074.84	5311.26
2075.65	5320.28
2076.46	5287.01
2077.27	5298.02
2078.08	5274.75
2078.89	5231.76
2079.7	5197.06
2080.51	5237.51
2081.32	5212.52
2082.13	5224.96
2082.94	5188.55
2083.74	5216.71
2084.55	5194.01
2085.36	5167.02
2086.17	5154.61
2086.97	5124.48
2087.78	5162.35
2088.59	5110.51
2089.39	5097.81
2090.2	5107.68
2091.01	5094.41
2091.81	5049.99
2092.62	5046.15
2093.42	5087.45
2094.23	5072.75
2095.03	5030.05
2095.84	5031.35
2096.64	5021.51
2097.45	5003.66
2098.25	5007.25
2099.05	5001.12
2099.86	4943.85
