150.31	1908.14
151.606	1888.14
152.902	1907.86
154.198	1899.86
155.492	1910.43
156.787	1887.29
158.081	1897.57
159.376	1899
160.669	1862.43
161.962	1887
163.256	1898.14
164.548	1891
165.841	1884.43
167.133	1912.43
168.424	1911
169.715	1911.29
171.006	1901
172.297	1908.43
173.587	1894.71
174.877	1905
176.166	1878.43
177.456	1895.57
178.745	1901
180.033	1904.71
181.321	1871.29
182.609	1886.43
183.897	1877
185.184	1871.29
186.471	1882.43
187.757	1883
189.044	1877.86
190.33	1891
191.615	1923
192.9	1922.71
194.185	1919
195.469	1899.57
196.753	1884.14
198.037	1894.71
199.321	1854.14
200.604	1823.57
201.887	1847.57
203.17	1828.14
204.451	1814.43
205.733	1803.29
207.014	1807.29
208.296	1807
209.576	1815.57
210.856	1825.29
212.137	1811.86
213.417	1842.71
214.696	1828.43
215.975	1839.86
217.253	1859
218.532	1871
219.81	1849.86
221.088	1881.57
222.365	1873.29
223.642	1901.29
224.919	1931.29
226.195	1947.29
227.471	1977.86
228.747	1966.61
230.022	1989.65
231.297	1999.84
232.572	2010.88
233.846	2053.92
235.12	2050.67
236.394	2090.57
237.667	2077.33
238.94	2074.37
240.213	2118.26
241.485	2141.3
242.757	2115.77
244.029	2176.81
245.3	2177.57
246.571	2210.32
247.842	2243.65
249.112	2287.83
250.381	2299.45
251.651	2362.2
252.921	2391.24
254.189	2459.43
255.457	2511.89
256.726	2580.36
257.994	2682.55
259.261	2778.44
260.529	2873.77
261.796	2971.1
263.062	3056.14
264.329	3154.04
265.595	3238.51
266.86	3320.69
268.125	3400.87
269.39	3441.91
270.655	3418.1
271.919	3323.99
273.182	3213.61
274.446	3073.79
275.71	2911.4
276.973	2728.44
278.234	2574.91
279.497	2433.38
280.759	2296.99
282.021	2203.18
283.281	2136.5
284.543	2048.97
285.803	1998.3
287.063	1969.34
288.322	1910.66
289.583	1888.85
290.842	1867.32
292.101	1860.36
293.358	1850.26
294.617	1826.15
295.875	1819.77
297.133	1856.52
298.389	1835.56
299.647	1837.17
300.903	1858.21
302.159	1848.97
303.415	1888.01
304.67	1865.62
305.925	1886.09
307.18	1896.85
308.435	1911.03
309.689	1887.21
310.943	1880.83
312.196	1865.58
313.45	1865.19
314.702	1845.66
315.954	1828.42
317.207	1849.17
318.459	1835.93
319.71	1854.11
320.961	1810.29
322.212	1797.33
323.463	1764.95
324.712	1752.56
325.962	1704.46
327.211	1668.35
328.461	1665.68
329.71	1611.01
330.958	1606.05
332.207	1594.52
333.454	1589.56
334.702	1564.6
335.949	1574.21
337.196	1562.11
338.442	1540
339.688	1558.47
340.933	1543.23
342.179	1501.41
343.424	1565.31
344.67	1534.07
345.914	1540.25
347.158	1537.29
348.402	1526.62
349.645	1529.37
350.888	1546.7
352.131	1544.59
353.373	1532.21
354.616	1562.1
355.857	1554
357.099	1531.33
358.34	1537.51
359.58	1530.84
360.821	1531.59
362.061	1536.06
363.301	1517.67
364.54	1533
365.78	1546.33
367.019	1550.8
368.257	1540.41
369.495	1515.45
370.733	1523.06
371.97	1537.24
373.208	1562.29
374.444	1555.33
375.681	1542.94
376.917	1515.98
378.153	1514.16
379.389	1522.63
380.623	1513.96
381.858	1475
383.092	1477.47
384.327	1485.08
385.561	1464.69
386.794	1469.16
388.027	1479.63
389.26	1497.24
390.492	1476.28
391.724	1476.18
392.956	1501.51
394.188	1481.41
395.419	1512.16
396.65	1494.63
397.88	1509.96
399.11	1512.42
400.341	1547.75
401.57	1523.93
402.799	1541.55
404.028	1549.16
405.257	1528.77
406.484	1522.38
407.712	1516.28
408.94	1494.18
410.167	1529.5
411.394	1533.12
412.621	1540.73
413.847	1557.48
415.073	1529.67
416.298	1556.71
417.523	1549.75
418.749	1570.22
419.973	1533.26
421.197	1524.01
422.421	1535.91
423.644	1518.67
424.867	1536.85
426.091	1518.75
427.313	1528.07
428.536	1540.83
429.757	1537.58
430.979	1538.05
432.201	1567.38
433.421	1535.56
434.642	1560.6
435.862	1555.07
437.082	1567.26
438.301	1590.58
439.52	1570.77
440.739	1592.09
441.958	1615.13
443.176	1620.74
444.394	1655.79
445.612	1667.4
446.83	1754.15
448.046	1792.91
449.263	1875.09
450.479	2004.42
451.695	2148.03
452.911	2285.36
454.126	2468.68
455.341	2556.01
456.556	2562.76
457.77	2496.09
458.985	2362.27
460.198	2214.46
461.411	2106.35
462.624	1963.4
463.837	1875.58
465.05	1835.19
466.262	1784.23
467.473	1752.13
468.685	1729.46
469.896	1702.78
471.106	1666.11
472.317	1666.86
473.527	1656.19
474.737	1626.09
475.946	1619.98
477.155	1591.88
478.364	1608.35
479.573	1617.11
480.781	1629.58
481.988	1636.33
483.195	1644.51
484.403	1696.13
485.609	1706.02
486.816	1699.07
488.022	1672.11
489.227	1596.86
490.434	1562.76
491.639	1543.23
492.844	1510.27
494.048	1489.02
495.252	1492.06
496.456	1482.53
497.66	1479.57
498.863	1465.19
500.065	1477.37
501.268	1479.27
502.47	1474.02
503.672	1474.21
504.874	1487.25
506.075	1471.43
507.275	1478.47
508.476	1470.08
509.677	1483.98
510.876	1501.88
512.076	1503.2
513.275	1512.53
514.474	1524.43
515.673	1537.47
516.871	1520.22
518.069	1509.55
519.267	1497.16
520.464	1507.92
521.661	1495.53
522.857	1489.14
524.054	1478.47
525.25	1492.94
526.445	1493.98
527.641	1507.3
528.836	1501.77
530.031	1525.96
531.225	1530.43
532.42	1536.61
533.613	1539.94
534.807	1557.83
536	1554.59
537.192	1557.34
538.384	1589.81
539.576	1581.42
540.768	1605.32
541.96	1646.65
543.151	1675.98
544.342	1709.3
545.532	1777.49
546.723	1808.81
547.912	1821.28
549.102	1910.61
550.291	2035.65
551.479	2114.97
552.668	2202.3
553.856	2363.63
555.045	2519.81
556.232	2640.57
557.419	2619.03
558.606	2596.93
559.793	2513.97
560.979	2404.73
562.165	2295.2
563.35	2166.24
564.536	2070.71
565.721	1962.6
566.906	1902.22
568.09	1825.83
569.274	1760.58
570.457	1755.05
571.64	1744.66
572.824	1722.28
574.007	1734.75
575.189	1735.22
576.37	1755.68
577.552	1821.58
578.734	1898.34
579.915	1993.95
581.096	2095.56
582.276	2140.6
583.456	2191.07
584.636	2160.68
585.816	2062.01
586.995	2015.34
588.173	1937.23
589.352	1871.7
590.53	1814.17
591.708	1776.36
592.886	1737.11
594.063	1719.01
595.239	1676.05
596.416	1672.52
597.592	1635.56
598.768	1617.74
599.944	1623.35
601.119	1596.97
602.294	1594.58
603.469	1580.48
604.643	1550.09
605.817	1555.7
606.99	1564.74
608.163	1538.35
609.336	1535.39
610.509	1545.58
611.682	1522.05
612.853	1531.94
614.026	1514.7
615.197	1504.31
616.368	1507.35
617.539	1501.82
618.709	1497.72
619.879	1498.19
621.049	1473.8
622.218	1481.7
623.388	1487.6
624.557	1507.21
625.725	1481.96
626.893	1507.29
628.061	1503.47
629.229	1480.23
630.396	1468.7
631.563	1461.17
632.729	1472.49
633.895	1472.39
635.062	1439.15
636.227	1467.9
637.392	1449.51
638.557	1465.12
639.722	1461.31
640.886	1473.78
642.05	1472.82
643.214	1482.43
644.377	1473.76
645.54	1475.37
646.703	1448.98
647.865	1466.88
649.027	1447.92
650.189	1452.1
651.35	1443.14
652.511	1476.18
653.672	1454.37
654.833	1468.26
655.993	1459.31
657.153	1486.92
658.312	1465.96
659.472	1465
660.631	1457.18
661.789	1476.51
662.947	1435.26
664.105	1454.88
665.262	1453.06
666.42	1465.24
667.576	1462.57
668.734	1461.04
669.89	1463.79
671.046	1480.26
672.201	1463.3
673.357	1457.49
674.512	1463.38
675.667	1453.85
676.821	1454.89
677.975	1461.08
679.129	1452.4
680.282	1444.87
681.435	1450.2
682.588	1455.81
683.741	1469.42
684.893	1453.61
686.045	1452.65
687.196	1449.12
688.347	1471.3
689.498	1460.06
690.649	1467.38
691.799	1465.28
692.949	1465.75
694.099	1494.22
695.248	1478.69
696.396	1467.73
697.545	1483.91
698.694	1472.67
699.842	1488.85
700.989	1505.6
702.137	1487.5
703.284	1497.11
704.43	1510.15
705.577	1498.91
706.723	1521.09
707.869	1525.56
709.014	1526.89
710.159	1522.22
711.305	1527.26
712.449	1535.15
713.593	1542.77
714.737	1534.95
715.881	1571.13
717.024	1569.03
718.167	1573.79
719.309	1586.25
720.452	1591.3
721.594	1611.19
722.735	1640.81
723.876	1602.42
725.018	1616.89
726.158	1586.78
727.299	1591.25
728.439	1568.58
729.579	1575.91
730.718	1539.52
731.857	1524.84
732.996	1502.46
734.134	1500.93
735.273	1503.68
736.411	1453.29
737.548	1461.48
738.685	1461.37
739.823	1462.99
740.959	1450.88
742.095	1448.5
743.231	1459.82
744.367	1448.58
745.502	1472.48
746.637	1454.09
747.771	1471.98
748.906	1423.6
750.04	1434.64
751.173	1445.68
752.308	1444.43
753.441	1450.62
754.574	1440.8
755.705	1433.27
756.838	1427.17
757.97	1433.64
759.101	1430.68
760.232	1437.15
761.364	1433.62
762.494	1436.08
763.624	1434.84
764.754	1445.88
765.883	1441.21
767.013	1436.82
768.143	1458.72
769.271	1451.19
770.399	1444.51
771.527	1464.7
772.655	1434.88
773.782	1462.49
774.909	1467.82
776.036	1456.29
777.162	1456.76
778.289	1454.65
779.415	1440.84
780.54	1473.59
781.666	1454.92
782.791	1469.1
783.915	1469
785.039	1467.47
786.163	1454.51
787.287	1461.84
788.411	1458.31
789.533	1463.06
790.656	1485.53
791.778	1467.43
792.9	1467.9
794.022	1463.22
795.144	1461.69
796.265	1481.59
797.386	1478.06
798.506	1502.81
799.626	1497.28
800.746	1505.47
801.866	1500.22
802.985	1508.98
804.104	1515.16
805.223	1504.2
806.341	1516.96
807.459	1516
808.577	1523.89
809.694	1534.93
810.811	1543.69
811.928	1551.87
813.044	1540.63
814.16	1570.24
815.277	1564.42
816.392	1558.04
817.507	1578.22
818.622	1567.55
819.737	1600.3
820.851	1601.91
821.964	1604.67
823.078	1605.71
824.192	1627.61
825.304	1633.22
826.417	1668.54
827.53	1682.16
828.642	1692.34
829.754	1703.67
830.865	1735.85
831.976	1773.46
833.087	1761.93
834.197	1818.97
835.308	1822.3
836.417	1845.05
837.527	1850.09
838.636	1914.85
839.745	1902.75
840.854	1969.5
841.962	1984.83
843.07	2027.01
844.177	2033.19
845.284	2087.95
846.392	2113.85
847.499	2171.17
848.605	2236.21
849.711	2269.83
850.817	2304.01
851.922	2300.19
853.028	2305.52
854.132	2285.13
855.237	2252.46
856.341	2281.78
857.445	2319.4
858.549	2383.87
859.653	2488.05
860.755	2604.8
861.858	2752.7
862.96	2942.6
864.062	3181.07
865.164	3557.82
866.266	4053.44
867.367	4680.48
868.468	5472.37
869.568	6177.7
870.669	6724.17
871.768	6951.21
872.868	6698.54
873.967	6190.15
875.066	5528.9
876.165	4873.94
877.263	4316.7
878.361	3878.03
879.458	3449.92
880.557	3098.11
881.653	2860.58
882.75	2607.9
883.847	2425.51
884.943	2300.84
886.038	2151.02
887.134	2083.21
888.229	1995.68
889.325	1937.86
890.419	1888.62
891.513	1867.37
892.607	1865.27
893.701	1850.59
894.794	1811.35
895.888	1795.53
896.98	1784.29
898.073	1769.33
899.165	1749.51
900.257	1755.98
901.349	1748.74
902.44	1725.78
903.53	1732.53
904.621	1752.14
905.711	1724.33
906.802	1731.37
907.891	1740.12
908.981	1773.45
910.07	1753.06
911.158	1769.24
912.247	1804
913.335	1817.9
914.423	1813.22
915.51	1835.98
916.597	1849.88
917.684	1850.92
918.771	1877.96
919.857	1917.28
920.943	1951.47
922.029	1999.37
923.114	2062.12
924.199	2124.59
925.284	2209.34
926.368	2307.81
927.453	2411.43
928.537	2469.04
929.62	2558.08
930.703	2554.55
931.786	2519.87
932.868	2465.2
933.95	2341.67
935.032	2255
936.114	2141.18
937.196	2067.08
938.277	2008.4
939.357	1907.73
940.438	1873.91
941.518	1832.1
942.598	1804.57
943.678	1743.61
944.756	1728.93
945.835	1699.97
946.914	1673.59
947.992	1649.77
949.07	1643.1
950.148	1654.71
951.225	1630.32
952.302	1581.36
953.379	1594.4
954.456	1588.3
955.531	1595.63
956.608	1554.09
957.683	1565.42
958.758	1548.75
959.833	1535.22
960.908	1511.11
961.982	1517.3
963.056	1534.05
964.13	1503.09
965.203	1513.56
966.276	1490.6
967.349	1492.79
968.421	1475.26
969.493	1487.44
970.565	1482.48
971.636	1486.09
972.708	1479.42
973.779	1468.74
974.849	1491.21
975.92	1475.68
976.99	1486.44
978.06	1480.05
979.129	1481.66
980.198	1491.56
981.267	1483.46
982.336	1478.78
983.404	1498.97
984.471	1523.15
985.539	1542.19
986.606	1514.09
987.673	1524.84
988.739	1517.6
989.806	1539.78
990.872	1546.82
991.938	1562.72
993.003	1553.48
994.069	1554.8
995.133	1581.84
996.198	1580.31
997.262	1622.21
998.326	1622.11
999.39	1651.15
1000.45	1658.47
1001.52	1691.52
1002.58	1712.56
1003.64	1698.45
1004.7	1714.92
1005.77	1672.82
1006.83	1685
1007.89	1666.62
1008.95	1629.94
1010.01	1653.84
1011.07	1626.31
1012.13	1608.21
1013.19	1609.25
1014.25	1592.86
1015.31	1600.47
1016.37	1580.37
1017.42	1587.13
1018.48	1594.74
1019.54	1578.35
1020.6	1587.68
1021.65	1594.14
1022.71	1591.47
1023.77	1582.8
1024.82	1586.41
1025.88	1592.88
1026.94	1611.63
1027.99	1619.25
1029.05	1623.14
1030.1	1644.18
1031.16	1650.65
1032.21	1680.55
1033.26	1679.31
1034.32	1716.06
1035.37	1711.96
1036.42	1761.86
1037.48	1768.61
1038.53	1818.8
1039.58	1860.41
1040.63	1904.02
1041.68	1972.2
1042.74	2038.1
1043.79	2148.57
1044.84	2275.32
1045.89	2457.22
1046.94	2683.98
1047.99	2926.73
1049.04	3142.63
1050.09	3260.24
1051.13	3230.14
1052.18	3058.89
1053.23	2792.51
1054.28	2545.26
1055.33	2308.3
1056.37	2156.77
1057.42	1994.1
1058.47	1896.28
1059.51	1827.89
1060.56	1768.36
1061.6	1738.26
1062.65	1701.59
1063.7	1702.91
1064.74	1725.38
1065.78	1731.28
1066.83	1754.32
1067.87	1778.5
1068.92	1802.4
1069.96	1816.01
1071	1838.77
1072.04	1809.24
1073.09	1756.85
1074.13	1716.46
1075.17	1653.79
1076.21	1627.69
1077.25	1599.3
1078.29	1588.63
1079.34	1558.52
1080.38	1551.85
1081.42	1556.32
1082.45	1547.07
1083.49	1549.83
1084.53	1520.58
1085.57	1538.2
1086.61	1524.38
1087.65	1521.42
1088.69	1537.32
1089.72	1534.93
1090.76	1503.68
1091.8	1518.44
1092.84	1518.34
1093.87	1511.38
1094.91	1510.42
1095.94	1508.6
1096.98	1513.64
1098.01	1530.4
1099.05	1546.3
1100.08	1545.91
1101.12	1574.09
1102.15	1558.56
1103.19	1603.03
1104.22	1605.5
1105.25	1630.54
1106.29	1663.87
1107.32	1642.62
1108.35	1663.38
1109.38	1716.13
1110.41	1710.88
1111.44	1733.64
1112.48	1720.11
1113.51	1734.01
1114.54	1741.62
1115.57	1725.23
1116.6	1734.56
1117.63	1721.6
1118.65	1757.5
1119.68	1775.39
1120.71	1802.43
1121.74	1858.05
1122.77	1888.8
1123.8	1927.84
1124.82	1925.45
1125.85	1902.49
1126.88	1864.96
1127.9	1848
1128.93	1791.9
1129.96	1778.66
1130.98	1726.27
1132.01	1666.74
1133.03	1645.49
1134.06	1624.25
1135.08	1617.57
1136.11	1566.9
1137.13	1574.8
1138.15	1561.84
1139.18	1544.88
1140.2	1538.78
1141.22	1526.1
1142.24	1536.57
1143.27	1513.61
1144.29	1521.51
1145.31	1539.7
1146.33	1533.02
1147.35	1517.2
1148.37	1508.53
1149.39	1526.14
1150.41	1533.47
1151.43	1523.65
1152.45	1514.98
1153.47	1525.73
1154.49	1522.78
1155.51	1511.82
1156.53	1509.14
1157.54	1507.61
1158.56	1515.51
1159.58	1504.84
1160.59	1493.59
1161.61	1485.2
1162.63	1455.1
1163.64	1476.14
1164.66	1447.75
1165.68	1438.79
1166.69	1458.41
1167.71	1432.3
1168.72	1443.92
1169.73	1422.1
1170.75	1415.71
1171.76	1428.47
1172.78	1436.65
1173.79	1414.55
1174.8	1384.45
1175.81	1437.49
1176.83	1426.53
1177.84	1426.14
1178.85	1441.18
1179.86	1428.79
1180.87	1426.97
1181.88	1431.16
1182.89	1430.77
1183.9	1440.1
1184.91	1431.71
1185.92	1450.46
1186.93	1442.93
1187.94	1435.12
1188.95	1443.59
1189.96	1453.48
1190.97	1435.95
1191.97	1462.14
1192.98	1468.03
1193.99	1491.93
1195	1503.26
1196	1499.16
1197.01	1526.48
1198.01	1521.24
1199.02	1544.56
1200.03	1557.6
1201.03	1566.07
1202.04	1558.83
1203.04	1573.58
1204.04	1558.05
1205.05	1569.09
1206.05	1580.7
1207.06	1587.17
1208.06	1581.07
1209.06	1550.97
1210.06	1551.72
1211.07	1508.48
1212.07	1511.81
1213.07	1527.99
1214.07	1488.74
1215.07	1474.07
1216.07	1484.54
1217.07	1452.44
1218.07	1465.19
1219.07	1478.52
1220.07	1460.7
1221.07	1465.46
1222.07	1477.07
1223.07	1466.11
1224.07	1496.58
1225.07	1473.33
1226.06	1478.66
1227.06	1497.99
1228.06	1509.31
1229.06	1529.21
1230.05	1552.54
1231.05	1570.15
1232.04	1597.76
1233.04	1606.8
1234.04	1630.99
1235.03	1630.88
1236.03	1636.21
1237.02	1662.37
1238.01	1675.14
1239.01	1671.88
1240	1716.64
1241	1713.87
1241.99	1718.99
1242.98	1722.63
1243.97	1708.37
1244.97	1696.83
1245.96	1684.57
1246.95	1677.99
1247.94	1647.31
1248.93	1615.01
1249.92	1609.23
1250.91	1594.92
1251.9	1560.96
1252.89	1560.87
1253.88	1558.52
1254.87	1527.1
1255.86	1529.92
1256.85	1531.03
1257.84	1522.57
1258.83	1530.97
1259.81	1531.99
1260.8	1523.13
1261.79	1526.14
1262.78	1541.55
1263.76	1550.4
1264.75	1557.46
1265.73	1585.42
1266.72	1611.24
1267.71	1635.48
1268.69	1640.9
1269.68	1634.87
1270.66	1648.54
1271.65	1636.62
1272.63	1635.64
1273.61	1633.4
1274.6	1627.76
1275.58	1626.99
1276.56	1629.84
1277.55	1633.61
1278.53	1640.32
1279.51	1661.7
1280.49	1675.29
1281.47	1699.57
1282.45	1740.97
1283.43	1798.31
1284.42	1851.74
1285.4	1890.16
1286.38	1930.8
1287.35	1963.85
1288.33	1984.29
1289.06	1987.16
1290.08	1987.35
1291.1	1939.26
1292.12	1884.59
1293.14	1857.07
1294.16	1772.4
1295.17	1728.02
1296.19	1676.79
1297.21	1663.55
1298.23	1621.17
1299.25	1595.93
1300.27	1560.98
1301.28	1536.6
1302.3	1527.08
1303.32	1496.99
1304.33	1487.46
1305.35	1477.37
1306.37	1469.56
1307.38	1447.75
1308.4	1448.23
1309.41	1445.28
1310.43	1408.33
1311.44	1423.95
1312.46	1402.14
1313.47	1392.05
1314.49	1391.95
1315.5	1394.14
1316.51	1363.77
1317.53	1363.96
1318.54	1379.01
1319.55	1345.2
1320.57	1345.68
1321.58	1348.15
1322.59	1342.06
1323.6	1315.97
1324.61	1322.16
1325.63	1319.78
1326.64	1315.68
1327.65	1312.45
1328.66	1307.5
1329.67	1281.69
1330.68	1272.17
1331.69	1286.36
1332.7	1275.69
1333.71	1279.6
1334.72	1264.65
1335.72	1282.55
1336.73	1263.89
1337.74	1276.08
1338.75	1249.7
1339.76	1268.18
1340.76	1260.94
1341.77	1264.85
1342.78	1266.18
1343.79	1253.52
1344.79	1233.99
1345.8	1245.33
1346.8	1248.95
1347.81	1240.57
1348.82	1250.48
1349.82	1244.38
1350.83	1239.43
1351.83	1242.48
1352.84	1242.67
1353.84	1241.72
1354.84	1233.34
1355.85	1248.96
1356.85	1243.44
1357.85	1225.34
1358.86	1245.54
1359.86	1247.73
1360.86	1244.21
1361.86	1248.11
1362.87	1260.3
1363.87	1259.92
1364.87	1286.69
1365.87	1280.31
1366.87	1276.79
1367.87	1274.41
1368.87	1271.17
1369.87	1267.65
1370.87	1266.98
1371.87	1260.6
1372.87	1249.08
1373.87	1262.7
1374.87	1263.46
1375.87	1287.94
1376.87	1273.56
1377.86	1262.9
1378.86	1257.66
1379.86	1270.99
1380.86	1265.47
1381.85	1266.81
1382.85	1262.14
1383.85	1262.05
1384.84	1251.1
1385.84	1253.29
1386.84	1245.76
1387.83	1234.24
1388.83	1241.29
1389.82	1240.05
1390.82	1233.67
1391.81	1242.15
1392.81	1229.77
1393.8	1237.39
1394.79	1240.73
1395.79	1242.06
1396.78	1262.83
1397.77	1267.88
1398.77	1272.07
1399.76	1287.4
1400.75	1295.31
1401.74	1272.36
1402.74	1315.41
1403.73	1314.17
1404.72	1334.07
1405.71	1336.55
1406.7	1323.32
1407.69	1317.22
1408.68	1302.27
1409.67	1311.32
1410.66	1284.08
1411.65	1295.13
1412.64	1293.04
1413.63	1294.09
1414.62	1290.85
1415.61	1309.33
1416.59	1302.95
1417.58	1299.14
1418.57	1292.19
1419.56	1298.95
1420.55	1303.14
1421.53	1294.76
1422.52	1306.67
1423.51	1309.15
1424.49	1316.77
1425.48	1319.53
1426.46	1332.3
1427.45	1353.92
1428.43	1340.68
1429.42	1381.16
1430.4	1376.78
1431.39	1423.25
1432.37	1436.3
1433.36	1428.21
1434.34	1437.54
1435.32	1454.88
1436.31	1487.64
1437.29	1475.26
1438.27	1485.45
1439.26	1484.79
1440.24	1456.7
1441.22	1453.17
1442.2	1461.08
1443.18	1431.84
1444.16	1455.75
1445.14	1450.23
1446.12	1463.27
1447.11	1538.32
1448.09	1580.8
1449.07	1684.14
1450.05	1777.76
1451.02	1846.81
1452	1937.28
1452.98	1968.05
1453.96	1940.81
1454.94	1893.57
1455.92	1825.48
1456.9	1775.38
1457.87	1725.01
1458.85	1670.63
1459.83	1626.25
1460.81	1595.58
1461.78	1560.06
1462.76	1540.25
1463.73	1489.58
1464.71	1464.35
1465.69	1421.11
1466.66	1419.87
1467.64	1380.07
1468.61	1359.4
1469.59	1331.59
1470.56	1316.93
1471.54	1308.26
1472.51	1291.31
1473.48	1297.5
1474.46	1271.98
1475.43	1228.46
1476.4	1235.51
1477.37	1211.98
1478.35	1201.03
1479.32	1172.94
1480.29	1163.99
1481.26	1153.32
1482.23	1169.8
1483.21	1141.14
1484.18	1121.9
1485.15	1128.95
1486.12	1132.28
1487.09	1119.05
1488.06	1127.24
1489.03	1123.43
1490	1113.34
1490.97	1091.24
1491.93	1101.15
1492.9	1106.77
1493.87	1096.1
1494.84	1104.29
1495.81	1096.2
1496.77	1099.54
1497.74	1097.16
1498.71	1098.2
1499.68	1081.83
1500.64	1071.16
1501.61	1077.64
1502.58	1085.83
1503.54	1074.59
1504.51	1070.5
1505.47	1062.69
1506.44	1056.88
1507.4	1058.79
1508.37	1071.84
1509.33	1058.32
1510.3	1064.22
1511.26	1069.56
1512.22	1042.6
1513.19	1062.8
1514.15	1070.7
1515.11	1065.75
1516.08	1053.09
1517.04	1066.42
1518	1072.33
1518.96	1069.38
1519.92	1040.14
1520.88	1048.05
1521.85	1053.38
1522.81	1058.43
1523.77	1050.05
1524.73	1041.67
1525.69	1048.43
1526.65	1035.77
1527.61	1047.96
1528.57	1016.15
1529.53	1038.34
1530.48	1016.54
1531.44	1029.3
1532.4	1036.06
1533.36	1029.11
1534.32	1036.73
1535.28	1014.07
1536.23	1023.12
1537.19	1039.02
1538.15	1018.36
1539.1	1030.26
1540.06	1009.31
1541.02	1024.36
1541.97	1028.84
1542.93	1031.89
1543.88	1012.65
1544.84	1019.13
1545.79	1029.89
1546.75	1025.51
1547.7	1021.42
1548.66	1006.75
1549.61	1028.37
1550.56	1017.42
1551.52	1007.61
1552.47	998.662
1553.42	1037.71
1554.38	1008.76
1555.33	1032.38
1556.28	1010
1557.23	1013.34
1558.18	1017.24
1559.14	1040.86
1560.09	1013.91
1561.04	1029.25
1561.99	1009.72
1562.94	1007.91
1563.89	1020.39
1564.84	1027.16
1565.79	1011.35
1566.74	1009.54
1567.69	999.16
1568.64	1008.21
1569.59	1013.83
1570.53	994.021
1571.48	1000.78
1572.43	1014.12
1573.38	1016.6
1574.33	1003.65
1575.27	996.409
1576.22	995.458
1577.17	985.935
1578.11	994.984
1579.06	996.033
1580	1003.37
1580.95	994.988
1581.9	979.466
1582.84	974.515
1583.79	992.421
1584.73	984.327
1585.67	967.662
1586.62	970.996
1587.56	966.617
1588.51	992.809
1589.45	973.572
1590.39	964.621
1591.34	960.527
1592.28	963.862
1593.22	959.482
1594.16	947.96
1595.11	961.58
1596.05	956.343
1596.99	964.535
1597.93	961.87
1598.87	964.347
1599.81	960.539
1600.75	963.588
1601.69	942.637
1602.63	966.829
1603.57	965.878
1604.51	953.784
1605.45	942.833
1606.39	952.168
1607.33	970.645
1608.27	962.266
1609.21	964.743
1610.14	973.506
1611.08	971.698
1612.02	992.747
1612.96	967.796
1613.89	972.845
1614.83	979.323
1615.77	974.372
1616.7	961.706
1617.64	950.47
1618.58	939.233
1619.51	931.996
1620.45	933.902
1621.38	950.951
1622.32	926.572
1623.25	915.906
1624.19	914.098
1625.12	925.433
1626.05	927.91
1626.99	925.245
1627.92	906.008
1628.85	916.486
1629.79	934.392
1630.72	929.727
1631.65	919.347
1632.58	916.968
1633.52	909.159
1634.45	905.065
1635.38	925.829
1636.31	946.021
1637.24	933.927
1638.17	936.404
1639.1	938.882
1640.03	955.074
1640.96	933.551
1641.89	939.743
1642.82	956.506
1643.75	938.412
1644.68	917.176
1645.61	918.796
1646.54	908.702
1647.46	908.608
1648.39	912.514
1649.32	896.421
1650.25	892.327
1651.17	897.661
1652.1	883.567
1653.03	866.331
1653.95	879.094
1654.88	863.857
1655.81	886.621
1656.73	877.384
1657.66	854.147
1658.58	870.339
1659.51	870.531
1660.43	862.723
1661.36	872.057
1662.28	869.106
1663.21	869.584
1664.13	865.204
1665.05	858.253
1665.98	854.159
1666.9	859.208
1667.82	869.114
1668.74	861.021
1669.67	851.498
1670.59	851.404
1671.51	864.453
1672.43	849.502
1673.35	862.551
1674.27	841.029
1675.19	859.792
1676.12	837.984
1677.04	850.747
1677.96	851.224
1678.88	836.273
1679.79	845.037
1680.71	847.514
1681.63	843.706
1682.55	841.041
1683.47	842.661
1684.39	845.139
1685.31	840.473
1686.23	841.808
1687.14	830.286
1688.06	841.62
1688.98	852.098
1689.89	859.433
1690.81	833.624
1691.73	843.531
1692.64	847.437
1693.56	830.2
1694.48	828.963
1695.39	822.584
1696.31	838.49
1697.22	831.253
1698.14	836.873
1699.05	819.637
1699.96	846.971
1700.88	824.02
1701.79	839.069
1702.7	831.547
1703.62	834.31
1704.53	835.645
1705.44	826.694
1706.36	822.6
1707.27	829.934
1708.18	841.555
1709.09	822.032
1710	821.367
1710.92	832.13
1711.83	828.608
1712.74	834.228
1713.65	830.134
1714.56	817.469
1715.47	843.375
1716.38	814.996
1717.29	826.902
1718.2	826.522
1719.11	836.428
1720.01	830.62
1720.92	838.812
1721.83	848.147
1722.74	861.481
1723.65	871.388
1724.56	879.579
1725.46	867.485
1726.37	872.534
1727.28	896.726
1728.18	920.347
1729.09	925.967
1730	973.587
1730.9	1021.21
1731.81	1051.11
1732.71	1105.88
1733.62	1153.21
1734.52	1159.98
1735.43	1144.45
1736.33	1140.93
1737.24	1093.41
1738.14	1097.03
1739.04	1080.36
1739.95	1052.55
1740.85	1034.75
1741.75	1061.51
1742.66	1060.56
1743.56	1047.04
1744.46	1041.51
1745.36	1034.56
1746.26	1013.9
1747.17	1021.8
1748.07	1016.57
1748.97	979.33
1749.87	1000.09
1750.77	982.571
1751.67	975.334
1752.57	959.526
1753.47	945.147
1754.37	948.195
1755.27	949.816
1756.17	937.151
1757.07	903.914
1757.97	922.963
1758.86	890.869
1759.76	896.204
1760.66	865.538
1761.56	858.016
1762.45	854.208
1763.35	856.4
1764.25	835.734
1765.15	816.212
1766.04	831.832
1766.94	811.738
1767.83	815.359
1768.73	807.836
1769.63	797.742
1770.52	797.934
1771.42	779.555
1772.31	769.461
1773.2	769.367
1774.1	766.13
1774.99	741.179
1775.89	751.942
1776.78	744.134
1777.67	742.326
1778.57	743.375
1779.46	742.138
1780.35	750.33
1781.24	729.665
1782.14	722.428
1783.03	730.334
1783.92	727.097
1784.81	736.146
1785.7	738.053
1786.59	706.53
1787.48	720.15
1788.37	710.914
1789.26	723.963
1790.15	712.726
1791.04	705.489
1791.93	717.967
1792.82	709.873
1793.71	717.208
1794.6	714.256
1795.49	711.591
1796.38	717.497
1797.26	721.403
1798.15	696.738
1799.04	706.073
1799.93	700.55
1800.81	706.742
1801.7	713.791
1802.59	706.84
1803.47	700.746
1804.36	698.652
1805.24	704.844
1806.13	696.465
1807.02	691.228
1807.9	695.991
1808.79	707.04
1809.67	684.946
1810.55	692.281
1811.44	688.187
1812.32	694.093
1813.21	688.571
1814.09	671.62
1814.97	675.24
1815.86	673.718
1816.74	669.052
1817.62	686.673
1818.5	669.436
1819.38	678.199
1820.27	665.82
1821.15	679.726
1822.03	657.06
1822.91	668.395
1823.79	666.016
1824.67	653.922
1825.55	668.113
1826.43	665.162
1827.31	670.211
1828.19	654.403
1829.07	659.452
1829.95	657.93
1830.83	664.693
1831.71	657.742
1832.58	653.648
1833.46	662.697
1834.34	651.746
1835.22	654.509
1836.1	638.13
1836.97	645.75
1837.85	642.513
1838.73	659.277
1839.6	655.469
1840.48	640.232
1841.35	643.566
1842.23	643.472
1843.11	644.522
1843.98	652.428
1844.86	641.477
1845.73	637.383
1846.6	628.717
1847.48	644.909
1848.35	637.387
1849.23	628.15
1850.1	634.342
1850.97	623.105
1851.85	625.011
1852.72	621.489
1853.59	628.538
1854.46	628.73
1855.34	625.779
1856.21	627.97
1857.08	625.591
1857.95	605.211
1858.82	636.546
1859.69	615.309
1860.56	627.215
1861.43	625.121
1862.3	624.742
1863.17	618.648
1864.04	633.983
1864.91	601.603
1865.78	614.938
1866.65	604.558
1867.52	601.036
1868.39	618.37
1869.26	613.991
1870.13	614.754
1870.99	601.803
1871.86	602.281
1872.73	604.472
1873.59	597.521
1874.46	599.427
1875.33	598.762
1876.19	609.525
1877.06	595.432
1877.93	607.909
1878.79	597.244
1879.66	594.007
1880.52	586.485
1881.39	599.534
1882.25	594.868
1883.12	599.06
1883.98	592.395
1884.84	588.015
1885.71	572.493
1886.57	591.827
1887.43	582.019
1888.3	567.354
1889.16	584.974
1890.02	583.166
1890.89	586.787
1891.75	584.121
1892.61	557.17
1893.47	587.076
1894.33	581.84
1895.19	573.46
1896.05	575.652
1896.91	576.415
1897.78	577.178
1898.64	571.656
1899.5	562.991
1900.35	576.04
1901.21	563.089
1902.07	582.709
1902.93	570.044
1903.79	578.521
1904.65	561.284
1905.51	573.762
1906.37	560.525
1907.22	575.289
1908.08	560.909
1908.94	540.815
1909.8	552.721
1910.65	560.056
1911.51	572.248
1912.36	559.011
1913.22	549.203
1914.08	545.966
1914.93	557.872
1915.79	544.921
1916.64	561.399
1917.5	545.876
1918.35	557.497
1919.21	559.117
1920.06	542.737
1920.92	544.358
1921.77	545.407
1922.62	549.884
1923.48	541.505
1924.33	542.554
1925.18	544.746
1926.03	539.223
1926.89	538.558
1927.74	543.035
1928.59	532.656
1929.44	542.848
1930.29	538.182
1931.14	527.517
1932	530.852
1932.85	536.472
1933.7	544.664
1934.55	536.57
1935.4	529.048
1936.25	513.525
1937.1	522.288
1937.94	517.052
1938.79	531.815
1939.64	520.578
1940.49	519.056
1941.34	517.533
1942.19	518.582
1943.04	517.06
1943.88	518.966
1944.73	517.158
1945.58	514.207
1946.42	516.113
1947.27	513.448
1948.12	518.496
1948.96	500.974
1949.81	495.452
1950.65	511.643
1951.5	492.978
1952.34	506.884
1953.19	503.647
1954.03	509.839
1954.88	506.603
1955.72	497.652
1956.57	511.272
1957.41	509.749
1958.25	502.227
1959.1	492.133
1959.94	504.896
1960.78	490.517
1961.63	494.423
1962.47	483.186
1963.31	493.664
1964.15	500.141
1964.99	488.905
1965.84	499.382
1966.68	483.86
1967.52	496.909
1968.36	476.529
1969.2	474.435
1970.04	487.484
1970.88	480.819
1971.72	483.296
1972.56	504.06
1973.4	485.966
1974.24	482.158
1975.08	484.349
1975.91	477.97
1976.75	476.162
1977.59	483.496
1978.43	466.831
1979.27	479.309
1980.1	478.643
1980.94	475.978
1981.78	476.17
1982.62	470.076
1983.45	465.982
1984.29	478.459
1985.12	477.223
1985.96	476.272
1986.79	461.321
1987.63	466.37
1988.46	460.562
1989.3	467.325
1990.13	463.802
1990.97	468.851
1991.8	472.472
1992.64	453.235
1993.47	463.998
1994.3	468.761
1995.14	468.382
1995.97	469.145
1996.8	463.051
1997.64	466.957
1998.47	458.006
1999.3	470.77
2000.13	471.819
2000.96	453.153
2001.79	453.917
2002.63	452.68
2003.46	452.872
2004.29	453.921
2005.12	448.97
2005.95	444.876
2006.78	449.353
2007.61	449.545
2008.44	452.023
2009.27	441.643
2010.09	446.692
2010.92	438.598
2011.75	444.79
2012.58	450.41
2013.41	435.745
2014.24	440.508
2015.06	440.986
2015.89	443.178
2016.72	434.798
2017.54	440.418
2018.37	437.467
2019.2	420.802
2020.02	430.994
2020.85	426.329
2021.68	432.52
2022.5	431.569
2023.33	427.476
2024.15	433.096
2024.98	417.574
2025.8	422.623
2026.62	428.814
2027.45	429.292
2028.27	419.198
2029.1	440.247
2029.92	425.867
2030.74	418.345
2031.56	420.537
2032.39	416.443
2033.21	418.635
2034.03	416.255
2034.85	427.018
2035.68	408.067
2036.5	405.116
2037.32	413.022
2038.14	418.071
2038.96	401.978
2039.78	407.884
2040.6	412.647
2041.42	410.553
2042.24	401.888
2043.06	411.794
2043.88	403.414
2044.7	398.749
2045.52	402.655
2046.34	403.99
2047.16	407.61
2047.97	389.802
2048.79	388.565
2049.61	404.186
2050.43	388.949
2051.24	394.569
2052.06	389.047
2052.88	409.524
2053.69	397.716
2054.51	401.337
2055.33	380.671
2056.14	406.006
2056.96	390.484
2057.77	400.675
2058.59	398.01
2059.4	388.202
2060.22	400.108
2061.03	395.157
2061.85	381.063
2062.66	374.969
2063.48	383.447
2064.29	376.496
2065.1	385.545
2065.92	382.879
2066.73	389.071
2067.54	374.977
2068.35	386.026
2069.17	383.932
2069.98	380.696
2070.79	389.173
2071.6	381.937
2072.41	387.843
2073.22	380.606
2074.03	381.369
2074.84	372.132
2075.65	379.181
2076.46	367.945
2077.27	372.708
2078.08	377.471
2078.89	370.234
2079.7	374.712
2080.51	374.904
2081.32	371.667
2082.13	369.002
2082.94	379.479
2083.74	371.1
2084.55	367.577
2085.36	371.198
2086.17	369.104
2086.97	360.153
2087.78	366.059
2088.59	367.965
2089.39	363.871
2090.2	366.634
2091.01	366.54
2091.81	357.875
2092.62	359.21
2093.42	362.83
2094.23	370.165
2095.03	365.214
2095.84	353.406
2096.64	353.598
2097.45	344.361
2098.25	354.267
2099.05	355.602
2099.86	341.508
