150.31	1611.86
151.606	1627.57
152.902	1619.86
154.198	1643.29
155.492	1620.14
156.787	1595.57
158.081	1587.57
159.376	1617.86
160.669	1608.71
161.962	1633.29
163.256	1610.71
164.548	1609.29
165.841	1613.29
167.133	1623.86
168.424	1619.86
169.715	1622.71
171.006	1621
172.297	1625.57
173.587	1619.86
174.877	1613.29
176.166	1604.14
177.456	1618.14
178.745	1610.14
180.033	1588.43
181.321	1603.86
182.609	1591.57
183.897	1594.71
185.184	1605.29
186.471	1608.14
187.757	1615.29
189.044	1621.86
190.33	1643.86
191.615	1634.43
192.9	1649.86
194.185	1639.57
195.469	1621.57
196.753	1629.57
198.037	1597.29
199.321	1594.43
200.604	1572.43
201.887	1546.14
203.17	1556.43
204.451	1565.29
205.733	1552.43
207.014	1530.43
208.296	1516.14
209.576	1546.43
210.856	1523.29
212.137	1519.57
213.417	1544.43
214.696	1546.43
215.975	1577
217.253	1575.57
218.532	1568.71
219.81	1593.29
221.088	1600.71
222.365	1616.14
223.642	1632.43
224.919	1616.14
226.195	1625
227.471	1633
228.747	1676.96
230.022	1683.2
231.297	1702.88
232.572	1735.98
233.846	1701.94
235.12	1749.61
236.394	1753.57
237.667	1779.53
238.94	1790.06
240.213	1788.88
241.485	1812.27
242.757	1808.51
244.029	1873.9
245.3	1864.43
246.571	1896.1
247.842	1954.92
249.112	1953.45
250.381	2010.27
251.651	2069.37
252.921	2067.04
254.189	2157
255.457	2203.53
256.726	2289.78
257.994	2356.02
259.261	2455.41
260.529	2539.66
261.796	2618.47
263.062	2726.15
264.329	2825.53
265.595	2897.21
266.86	2988.88
268.125	3071.98
269.39	3111.37
270.655	3123.62
271.919	3068.43
273.182	2960.68
274.446	2801.49
275.71	2656.03
276.973	2462.56
278.234	2316.8
279.497	2146.47
280.759	2060.43
282.021	1956.39
283.281	1846.92
284.543	1790.6
285.803	1737.13
287.063	1685.09
288.322	1617.9
289.583	1616.43
290.842	1590.39
292.101	1576.92
293.358	1566.31
294.617	1544.56
295.875	1559.66
297.133	1539.05
298.389	1569.01
299.647	1565.82
300.903	1557.5
302.159	1561.74
303.415	1567.42
304.67	1561.38
305.925	1570.19
307.18	1616.72
308.435	1617.82
309.689	1616.93
310.943	1572.31
312.196	1587.7
313.45	1563.95
314.702	1561.34
315.954	1549.01
317.207	1536.97
318.459	1536.07
319.71	1552.89
320.961	1523.7
322.212	1518.81
323.463	1486.77
324.712	1420.44
325.962	1414.68
327.211	1383.21
328.461	1357.46
329.71	1354.56
330.958	1324.81
332.207	1309.05
333.454	1279.01
334.702	1278.11
335.949	1270.64
337.196	1259.17
338.442	1254.56
339.688	1269.66
340.933	1249.62
342.179	1271.58
343.424	1228.4
344.67	1256.36
345.914	1244.32
347.158	1257.42
348.402	1256.81
349.645	1266.77
350.888	1256.44
352.131	1268.4
353.373	1239.5
354.616	1245.75
355.857	1237.71
357.099	1249.09
358.34	1254.48
359.58	1246.16
360.821	1247.83
362.061	1259.22
363.301	1235.46
364.54	1236.28
365.78	1226.24
367.019	1235.06
368.257	1226.16
369.495	1219.26
370.733	1244.08
371.97	1222.32
373.208	1237.42
374.444	1238.24
375.681	1217.06
376.917	1226.73
378.153	1197.83
379.389	1224.93
380.623	1194.89
381.858	1216.28
383.092	1189.38
384.327	1185.63
385.561	1169.87
386.794	1177.55
388.027	1178.08
389.26	1170.04
390.492	1171.43
391.724	1197.38
392.956	1190.2
394.188	1197.02
395.419	1204.69
396.65	1198.65
397.88	1218.9
399.11	1240.85
400.341	1210.53
401.57	1211.34
402.799	1203.59
404.028	1210.41
405.257	1225.51
406.484	1216.61
407.712	1203.14
408.94	1213.96
410.167	1219.92
411.394	1224.16
412.621	1236.98
413.847	1211.8
415.073	1230.61
416.298	1238
417.523	1225.39
418.749	1220.49
419.973	1226.16
421.197	1230.12
422.421	1206.65
423.644	1201.18
424.867	1222.57
426.091	1202.82
427.313	1202.78
428.536	1234.74
429.757	1220.41
430.979	1232.37
432.201	1227.76
433.421	1228
434.642	1242.53
435.862	1243.92
437.082	1234.16
438.301	1247.27
439.52	1249.8
440.739	1289.47
441.958	1275.15
443.176	1318.25
444.394	1318.21
445.612	1357.02
446.83	1386.41
448.046	1461.8
449.263	1523.76
450.479	1666.57
451.695	1799.96
452.911	1949.64
454.126	2092.45
455.341	2198.98
456.556	2241.8
457.77	2188.04
458.985	2042
460.198	1920.53
461.411	1755.92
462.624	1656.74
463.837	1570.7
465.05	1506.09
466.262	1472.9
467.473	1417.15
468.685	1393.68
469.896	1363.35
471.106	1357.88
472.317	1330.13
473.527	1322.37
474.737	1305.19
475.946	1309.72
477.155	1295.68
478.364	1265.92
479.573	1260.74
480.781	1295.27
481.988	1304.66
483.195	1319.48
484.403	1318.01
485.609	1340.54
486.816	1332.21
488.022	1295.03
489.227	1259.56
490.434	1238.95
491.639	1174.62
492.844	1170.86
494.048	1163.11
495.252	1151.64
496.456	1131.31
497.66	1151.56
498.863	1146.38
500.065	1164.62
501.268	1139.72
502.47	1130.82
503.672	1155.36
504.874	1125.32
506.075	1129.85
507.275	1133.23
508.476	1146.91
509.677	1147.72
510.876	1153.68
512.076	1157.93
513.275	1175.03
514.474	1177.28
515.673	1184.66
516.871	1188.62
518.069	1191.44
519.267	1161.97
520.464	1160.21
521.661	1149.03
522.857	1139.56
524.054	1154.95
525.25	1140.34
526.445	1147.44
527.641	1159.68
528.836	1178.22
530.031	1164.75
531.225	1166.42
532.42	1177.52
533.613	1213.48
534.807	1197.73
536	1214.54
537.192	1248.79
538.384	1258.18
539.576	1249.56
540.768	1294.09
541.96	1306.34
543.151	1326.01
544.342	1346.54
545.532	1387.07
546.723	1436.18
547.912	1506.71
549.102	1552.67
550.291	1640.91
551.479	1744.3
552.668	1854.83
553.856	1967.65
555.045	2091.61
556.232	2231.28
557.419	2277.52
558.606	2258.06
559.793	2210.01
560.979	2092.83
562.165	1966.51
563.35	1849.32
564.536	1734.14
565.721	1637.24
566.906	1561.77
568.09	1493.44
569.274	1435.4
570.457	1411.65
571.64	1369.89
572.824	1368.71
574.007	1371.24
575.189	1389.2
576.37	1404.3
577.552	1465.12
578.734	1536.79
579.915	1620.47
581.096	1719.85
582.276	1783.24
583.456	1826.92
584.636	1799.16
585.816	1751.12
586.995	1669.94
588.173	1621.32
589.352	1545.85
590.53	1475.24
591.708	1434.06
592.886	1376.59
594.063	1333.12
595.239	1329.94
596.416	1305.32
597.592	1285.86
598.768	1255.24
599.944	1247.49
601.119	1251.45
602.294	1220.26
603.469	1219.08
604.643	1209.61
605.817	1170.14
606.99	1177.82
608.163	1180.06
609.336	1175.45
610.509	1171.98
611.682	1157.08
612.853	1159.9
614.026	1157.57
615.197	1150.39
616.368	1139.49
617.539	1146.02
618.709	1138.84
619.879	1127.65
621.049	1113.9
622.218	1134.72
623.388	1139.25
624.557	1127.49
625.725	1116.31
626.893	1140.84
628.061	1119.94
629.229	1131.04
630.396	1126.72
631.563	1097.25
632.729	1088.92
633.895	1090.02
635.062	1095.7
636.227	1100.23
637.392	1086.76
638.557	1090.72
639.722	1111.82
640.886	1106.06
642.05	1106.02
643.214	1103.41
644.377	1101.94
645.54	1066.19
646.703	1103.58
647.865	1092.96
649.027	1079.49
650.189	1088.6
651.35	1089.41
652.511	1092.8
653.672	1074.76
654.833	1087.86
655.993	1112.39
657.153	1099.21
658.312	1087.74
659.472	1105.7
660.631	1094.23
661.789	1099.33
662.947	1084.15
664.105	1094.97
665.262	1102.35
666.42	1091.46
667.576	1081.41
668.734	1090.23
669.89	1099.62
671.046	1079.29
672.201	1087.25
673.357	1083.5
674.512	1083.17
675.667	1068.84
676.821	1084.23
677.975	1076.76
679.129	1059.58
680.282	1084.4
681.435	1106.93
682.588	1081.46
683.741	1059.42
684.893	1074.23
686.045	1074.48
687.196	1075.01
688.347	1092.4
689.498	1070.36
690.649	1072.32
691.799	1088.85
692.949	1080.52
694.099	1080.76
695.248	1095.01
696.396	1094.97
697.545	1077.21
698.694	1096.89
699.842	1090.28
700.989	1087.38
702.137	1094.77
703.284	1100.44
704.43	1119.54
705.577	1109.79
706.723	1124.6
707.869	1109.99
709.014	1103.09
710.159	1122.48
711.305	1135.58
712.449	1146.11
713.593	1155.79
714.737	1151.75
715.881	1145.71
717.024	1165.95
718.167	1190.48
719.309	1178.16
720.452	1211.83
721.594	1218.36
722.735	1197.46
723.876	1216.56
725.018	1212.52
726.158	1213.91
727.299	1197.58
728.439	1182.97
729.579	1169.79
730.718	1145.75
731.857	1132.56
732.996	1119.67
734.134	1099.34
735.273	1087.59
736.411	1098.69
737.548	1086.36
738.685	1062.61
739.823	1071.14
740.959	1023.38
742.095	1066.48
743.231	1058.16
744.367	1066.69
745.502	1042.93
746.637	1058.61
747.771	1047.71
748.906	1039.95
750.04	1043.06
751.173	1045.02
752.308	1052.98
753.441	1050.36
754.574	1038.89
755.705	1041.14
756.838	1030.24
757.97	1033.06
759.101	1043.59
760.232	1053.83
761.364	1028.94
762.494	1030.89
763.624	1037.43
764.754	1027.67
765.883	1046.77
767.013	1040.73
768.143	1047.55
769.271	1040.94
770.399	1034.9
771.527	1042.57
772.655	1029.39
773.782	1023.92
774.909	1036.73
776.036	1054.98
777.162	1042.08
778.289	1041.75
779.415	1045.71
780.54	1043.67
781.666	1049.06
782.791	1041.59
783.915	1045.55
785.039	1043.8
786.163	1056.9
787.287	1058.29
788.411	1037.67
789.533	1044.78
790.656	1049.59
791.778	1054.41
792.9	1079.22
794.022	1056.33
795.144	1066
796.265	1065.39
797.386	1076.78
798.506	1051.59
799.626	1058.98
800.746	1100.08
801.866	1080.61
802.985	1080
804.104	1088.82
805.223	1097.35
806.341	1102.74
807.459	1118.41
808.577	1103.51
809.694	1114.04
810.811	1129.15
811.928	1121.1
813.044	1135.64
814.16	1139.88
815.277	1158.98
816.392	1175.23
817.507	1171.19
818.622	1163.15
819.737	1177.11
820.851	1184.21
821.964	1193.88
823.078	1190.13
824.192	1216.66
825.304	1225.47
826.417	1240.29
827.53	1240.53
828.642	1276.78
829.754	1291.31
830.865	1326.7
831.976	1316.66
833.087	1352.62
834.197	1373.43
835.308	1400.25
836.417	1409.64
837.527	1437.6
838.636	1487.27
839.745	1487.23
840.854	1507.19
841.962	1572.86
843.07	1599.97
844.177	1630.21
845.284	1652.17
846.392	1699.27
847.499	1736.09
848.605	1766.62
849.711	1833.72
850.817	1871.39
851.922	1883.07
853.028	1869.6
854.132	1864.42
855.237	1836.66
856.341	1850.05
857.445	1888.87
858.549	1945.4
859.653	2034.21
860.755	2139.6
861.858	2275.56
862.96	2459.8
864.062	2700.62
865.164	3036.29
866.266	3486.83
867.367	4071.93
868.468	4808.74
869.568	5621.27
870.669	6228.09
871.768	6510.91
872.868	6372.01
873.967	5859.68
875.066	5273.64
876.165	4626.17
877.263	4025.28
878.361	3541.81
879.458	3125.48
880.557	2756.58
881.653	2468.54
882.75	2248.5
883.847	2052.75
884.943	1893.56
886.038	1758.09
887.134	1644.62
888.229	1604.3
889.325	1545.97
890.419	1469.93
891.513	1465.03
892.607	1429.28
893.701	1401.52
894.794	1394.62
895.888	1382.01
896.98	1360.26
898.073	1348.79
899.165	1318.46
900.257	1310.99
901.349	1317.81
902.44	1316.05
903.53	1308.87
904.621	1305.4
905.711	1309.07
906.802	1304.75
907.891	1328.99
908.981	1326.67
910.07	1348.63
911.158	1338.87
912.247	1357.69
913.335	1397.36
914.423	1388.18
915.51	1415.85
916.597	1413.24
917.684	1450.06
918.771	1457.44
919.857	1488.55
920.943	1530.51
922.029	1537.32
923.114	1604.71
924.199	1678.67
925.284	1760.91
926.368	1831.16
927.453	1961.4
928.537	2056.51
929.62	2086.18
930.703	2135.57
931.786	2107.24
932.868	2047.2
933.95	1948.02
935.032	1829.69
936.114	1735.36
937.196	1642.47
938.277	1578.43
939.357	1504.96
940.438	1445.49
941.518	1412.3
942.598	1372.26
943.678	1355.65
944.756	1309.61
945.835	1278.14
946.914	1254.39
947.992	1251.49
949.07	1234.59
950.148	1201.41
951.225	1200.51
952.302	1171.33
953.379	1153
954.456	1154.1
955.531	1143.77
956.608	1144.59
957.683	1134.26
958.758	1116.51
959.833	1127.9
960.908	1104.71
961.982	1086.39
963.056	1088.35
964.13	1080.31
965.203	1083.12
966.276	1069.65
967.349	1062.76
968.421	1071
969.493	1071.53
970.565	1058.63
971.636	1050.59
972.708	1054.55
973.779	1053.08
974.849	1053.61
975.92	1052.43
976.99	1049.53
978.06	1052.92
979.129	1047.17
980.198	1066.55
981.267	1063.08
982.336	1094.47
983.404	1075.57
984.471	1098.68
985.539	1093.21
986.606	1086.88
987.673	1102.27
988.739	1109.66
989.806	1113.62
990.872	1127
991.938	1130.11
993.003	1131.49
994.069	1132.31
995.133	1116.84
996.198	1133.09
997.262	1167.62
998.326	1200.15
999.39	1204.39
1000.45	1225.49
1001.52	1250.31
1002.58	1276.27
1003.64	1276.23
1004.7	1252.76
1005.77	1239.29
1006.83	1234.11
1007.89	1227.5
1008.95	1227.74
1010.01	1193.13
1011.07	1183.09
1012.13	1161.9
1013.19	1159.29
1014.25	1153.82
1015.31	1159.78
1016.37	1157.46
1017.42	1150.56
1018.48	1161.09
1019.54	1148.48
1020.6	1138.15
1021.65	1159.82
1022.71	1144.93
1023.77	1158.03
1024.82	1157.42
1025.88	1147.09
1026.94	1188.48
1027.99	1190.15
1029.05	1179.54
1030.1	1205.78
1031.16	1217.17
1032.21	1231.7
1033.26	1264.8
1034.32	1269.34
1035.37	1279.29
1036.42	1303.83
1037.48	1338.36
1038.53	1373.17
1039.58	1422.56
1040.63	1465.38
1041.68	1509.91
1042.74	1600.72
1043.79	1694.11
1044.84	1820.93
1045.89	1992.6
1046.94	2185.99
1047.99	2446.81
1049.04	2677.34
1050.09	2796.15
1051.13	2829.54
1052.18	2673.79
1053.23	2429.75
1054.28	2169.42
1055.33	1937.66
1056.37	1751.91
1057.42	1593.3
1058.47	1487.26
1059.51	1394.36
1060.56	1340.89
1061.6	1311.71
1062.65	1285.09
1063.7	1287.63
1064.74	1298.73
1065.78	1307.83
1066.83	1319.5
1067.87	1347.75
1068.92	1351.71
1069.96	1373.09
1071	1373.05
1072.04	1345.59
1073.09	1308.4
1074.13	1278.36
1075.17	1220.89
1076.21	1191.42
1077.25	1179.95
1078.29	1145.91
1079.34	1139.59
1080.38	1112.12
1081.42	1121.22
1082.45	1116.89
1083.49	1098.57
1084.53	1097.1
1085.57	1108.2
1086.61	1096.16
1087.65	1092.12
1088.69	1088.08
1089.72	1080.89
1090.76	1090.85
1091.8	1064.53
1092.84	1082.77
1093.87	1059.02
1094.91	1072.4
1095.94	1070.94
1096.98	1095.75
1098.01	1089.71
1099.05	1109.67
1100.08	1109.34
1101.12	1111.02
1102.15	1160.41
1103.19	1146.94
1104.22	1168.04
1105.25	1170.85
1106.29	1176.81
1107.32	1218.49
1108.35	1237.88
1109.38	1265.26
1110.41	1278.08
1111.44	1284.32
1112.48	1298.57
1113.51	1293.1
1114.54	1309.35
1115.57	1303.3
1116.6	1297.84
1117.63	1296.08
1118.65	1326.04
1119.68	1344.86
1120.71	1391.1
1121.74	1411.63
1122.77	1458.73
1123.8	1474.41
1124.82	1508.94
1125.85	1498.61
1126.88	1458.57
1127.9	1410.82
1128.93	1374.2
1129.96	1331.59
1130.98	1303.27
1132.01	1252.37
1133.03	1238.33
1134.06	1202.86
1135.08	1177.39
1136.11	1154.21
1137.13	1137.88
1138.15	1124.7
1139.18	1132.65
1140.2	1108.9
1141.22	1102.29
1142.24	1115.68
1143.27	1103.35
1144.29	1096.17
1145.31	1099.84
1146.33	1080.94
1147.35	1095.19
1148.37	1085.15
1149.39	1081.68
1150.41	1073.35
1151.43	1082.17
1152.45	1073.55
1153.47	1078.37
1154.49	1082.9
1155.51	1076.58
1156.53	1056.25
1157.54	1059.92
1158.56	1068.74
1159.58	1061.56
1160.59	1058.66
1161.61	1038.62
1162.63	1046.86
1163.64	1013.39
1164.66	1028.49
1165.68	1043.88
1166.69	1010.13
1167.71	1013.23
1168.72	999.761
1169.73	1006.29
1170.75	998.822
1171.76	984.21
1172.78	991.598
1173.79	995.272
1174.8	981.802
1175.81	986.333
1176.83	998.007
1177.84	982.823
1178.85	989.354
1179.86	985.885
1180.87	987.558
1181.88	1003.23
1182.89	1001.76
1183.9	1001.72
1184.91	1006.54
1185.92	1017.07
1186.93	1003.89
1187.94	1010.42
1188.95	1013.8
1189.96	1034.33
1190.97	1036.87
1191.97	1025.97
1192.98	1042.21
1193.99	1068.17
1195	1056.99
1196	1065.81
1197.01	1086.62
1198.01	1095.72
1199.02	1116.54
1200.03	1116.79
1201.03	1128.74
1202.04	1140.99
1203.04	1164.66
1204.04	1173.19
1205.05	1170.01
1206.05	1153.97
1207.06	1171.07
1208.06	1165.89
1209.06	1128.42
1210.06	1119.24
1211.07	1098.62
1212.07	1097.73
1213.07	1084.83
1214.07	1061.64
1215.07	1051.03
1216.07	1046.13
1217.07	1056.09
1218.07	1041.48
1219.07	1042.3
1220.07	1045.4
1221.07	1053.65
1222.07	1020.75
1223.07	1036.42
1224.07	1060.38
1225.07	1043.2
1226.06	1043.73
1227.06	1060.83
1228.06	1071.93
1229.06	1079.89
1230.05	1100.71
1231.05	1114.67
1232.04	1128.34
1233.04	1130.87
1234.04	1152.26
1235.03	1189.08
1236.03	1201.89
1237.02	1196.03
1238.01	1214.66
1239.01	1217.45
1240	1213.4
1241	1253.85
1241.99	1247.86
1242.98	1256.7
1243.97	1257.4
1244.97	1255.94
1245.96	1233.24
1246.95	1228.02
1247.94	1204.48
1248.93	1188.82
1249.92	1176.93
1250.91	1166.26
1251.9	1155.27
1252.89	1156.47
1253.88	1151.19
1254.87	1144.36
1255.86	1136.37
1256.85	1141.02
1257.84	1138.25
1258.83	1146.33
1259.81	1147.91
1260.8	1140.25
1261.79	1160.92
1262.78	1169.04
1263.76	1166.84
1264.75	1201.74
1265.73	1222.97
1266.72	1236.39
1267.71	1267.78
1268.69	1281.73
1269.68	1286.52
1270.66	1284.45
1271.65	1280.41
1272.63	1282.6
1273.61	1273.99
1274.6	1278.2
1275.58	1260.23
1276.56	1255.96
1277.55	1254.73
1278.53	1262.97
1279.51	1281.42
1280.49	1294.35
1281.47	1318.14
1282.45	1366.32
1283.43	1424.12
1284.42	1477.16
1285.4	1537.33
1286.38	1590.52
1287.35	1605.67
1288.33	1613.89
1289.06	1627.88
1290.08	1640.38
1291.1	1592.02
1292.12	1550.81
1293.14	1500.74
1294.16	1451.24
1295.17	1387.45
1296.19	1347.66
1297.21	1300.74
1298.23	1270.09
1299.25	1229.16
1300.27	1221.95
1301.28	1205.02
1302.3	1164.95
1303.32	1143.73
1304.33	1153.38
1305.35	1122.45
1306.37	1122.38
1307.38	1075.73
1308.4	1100.52
1309.41	1082.45
1310.43	1050.09
1311.44	1070.59
1312.46	1045.66
1313.47	1010.45
1314.49	1048.38
1315.5	1033.45
1316.51	1007.38
1317.53	1006.45
1318.54	1004.09
1319.55	983.161
1320.57	988.518
1321.58	983.304
1322.59	978.661
1323.6	979.732
1324.61	981.66
1325.63	961.874
1326.64	952.089
1327.65	946.303
1328.66	938.517
1329.67	928.159
1330.68	945.231
1331.69	921.731
1332.7	927.659
1333.71	911.587
1334.72	935.516
1335.72	929.159
1336.73	930.801
1337.74	931.015
1338.75	912.944
1339.76	918.015
1340.76	904.229
1341.77	917.301
1342.78	916.943
1343.79	924.872
1344.79	918.229
1345.8	917.586
1346.8	907.514
1347.81	902.871
1348.82	897.942
1349.82	908.728
1350.83	891.799
1351.83	898.013
1352.84	909.085
1353.84	901.87
1354.84	906.941
1355.85	919.727
1356.85	910.798
1357.85	906.441
1358.86	887.512
1359.86	914.298
1360.86	928.226
1361.86	901.298
1362.87	923.797
1363.87	932.869
1364.87	917.083
1365.87	931.297
1366.87	946.083
1367.87	952.868
1368.87	943.939
1369.87	929.868
1370.87	936.653
1371.87	930.868
1372.87	942.51
1373.87	934.153
1374.87	937.51
1375.87	930.01
1376.87	939.081
1377.86	938.724
1378.86	940.367
1379.86	924.581
1380.86	933.081
1381.85	940.723
1382.85	919.509
1383.85	935.151
1384.84	926.794
1385.84	941.008
1386.84	908.365
1387.83	903.722
1388.83	914.508
1389.82	917.294
1390.82	919.222
1391.81	925.722
1392.81	911.936
1393.8	928.15
1394.79	923.793
1395.79	917.721
1396.78	918.792
1397.77	932.721
1398.77	940.935
1399.76	961.721
1400.75	957.363
1401.74	970.149
1402.74	973.22
1403.73	972.577
1404.72	970.791
1405.71	998.72
1406.7	981.505
1407.69	990.005
1408.68	992.791
1409.67	977.576
1410.66	972.362
1411.65	952.005
1412.64	965.647
1413.63	966.147
1414.62	970.076
1415.61	977.718
1416.59	977.361
1417.58	986.147
1418.57	975.789
1419.56	969.432
1420.55	963.932
1421.53	965.289
1422.52	992.931
1423.51	994.289
1424.49	1002.22
1425.48	1013
1426.46	1031.5
1427.45	1031.72
1428.43	1063.93
1429.42	1061.29
1430.4	1082.64
1431.39	1097.14
1432.37	1113.07
1433.36	1136.72
1434.34	1122.07
1435.32	1159.43
1436.31	1159.64
1437.29	1176.14
1438.27	1195.5
1439.26	1198.57
1440.24	1172.79
1441.22	1155
1442.2	1144.64
1443.18	1156.29
1444.16	1149.36
1445.14	1158.43
1446.12	1173.79
1447.11	1205.14
1448.09	1278.5
1449.07	1337
1450.05	1450.64
1451.02	1552
1452	1636.21
1452.98	1686.43
1453.96	1673.21
1454.94	1615.43
1455.92	1571.07
1456.9	1499.57
1457.87	1443.21
1458.85	1405.14
1459.83	1349.93
1460.81	1331.57
1461.78	1272.35
1462.76	1233.14
1463.73	1209.93
1464.71	1183.57
1465.69	1152.64
1466.66	1120
1467.64	1106.5
1468.61	1086.14
1469.59	1050.35
1470.56	1051.42
1471.54	1033.07
1472.51	1005.28
1473.48	999.21
1474.46	986.281
1475.43	969.638
1476.4	945.566
1477.37	938.066
1478.35	908.852
1479.32	903.352
1480.29	899.28
1481.26	871.78
1482.23	865.422
1483.21	857.065
1484.18	852.136
1485.15	844.922
1486.12	861.422
1487.09	841.065
1488.06	852.707
1489.03	837.779
1490	840.564
1490.97	829.064
1491.93	822.421
1492.9	832.635
1493.87	833.135
1494.84	835.635
1495.81	818.135
1496.77	817.492
1497.74	821.42
1498.71	807.349
1499.68	816.134
1500.64	813.206
1501.61	800.562
1502.58	800.491
1503.54	800.991
1504.51	796.062
1505.47	795.419
1506.44	800.49
1507.4	794.99
1508.37	797.49
1509.33	784.276
1510.3	794.49
1511.26	788.418
1512.22	809.204
1513.19	795.989
1514.15	803.346
1515.11	799.56
1516.08	803.489
1517.04	797.417
1518	810.774
1518.96	790.988
1519.92	792.345
1520.88	784.559
1521.85	781.631
1522.81	794.988
1523.77	788.345
1524.73	781.416
1525.69	778.487
1526.65	764.701
1527.61	769.487
1528.57	772.844
1529.53	749.344
1530.48	766.987
1531.44	773.486
1532.4	766.272
1533.36	764.772
1534.32	776.986
1535.28	783.486
1536.23	754.557
1537.19	761.057
1538.15	772.985
1539.1	766.057
1540.06	768.557
1541.02	768.485
1541.97	763.556
1542.93	760.913
1543.88	758.556
1544.84	759.913
1545.79	766.984
1546.75	766.627
1547.7	761.698
1548.66	762.198
1549.61	757.841
1550.56	770.341
1551.52	772.269
1552.47	759.34
1553.42	776.697
1554.38	752.626
1555.33	763.697
1556.28	758.768
1557.23	744.411
1558.18	774.339
1559.14	759.696
1560.09	755.625
1561.04	762.982
1561.99	759.482
1562.94	759.41
1563.89	767.91
1564.84	767.267
1565.79	760.91
1566.74	749.695
1567.69	755.624
1568.64	767.552
1569.59	757.766
1570.53	746.266
1571.48	754.195
1572.43	756.694
1573.38	757.766
1574.33	747.694
1575.27	765.623
1576.22	744.694
1577.17	761.479
1578.11	740.551
1579.06	750.765
1580	746.122
1580.95	759.479
1581.9	746.264
1582.84	752.193
1583.79	730.978
1584.73	748.621
1585.67	728.264
1586.62	733.335
1587.56	740.692
1588.51	729.763
1589.45	751.692
1590.39	740.763
1591.34	746.977
1592.28	727.763
1593.22	739.12
1594.16	734.191
1595.11	733.262
1596.05	734.334
1596.99	728.548
1597.93	714.762
1598.87	729.262
1599.81	714.333
1600.75	727.976
1601.69	732.19
1602.63	728.69
1603.57	728.618
1604.51	717.118
1605.45	723.332
1606.39	720.975
1607.33	728.046
1608.27	744.546
1609.21	740.474
1610.14	744.117
1611.08	752.046
1612.02	739.974
1612.96	743.902
1613.89	737.545
1614.83	749.473
1615.77	725.116
1616.7	725.616
1617.64	705.83
1618.58	715.759
1619.51	728.544
1620.45	700.758
1621.38	710.401
1622.32	708.901
1623.25	689.972
1624.19	699.043
1625.12	709.543
1626.05	688.615
1626.99	699.4
1627.92	695.9
1628.85	710.114
1629.79	689.185
1630.72	693.114
1631.65	694.185
1632.58	677.828
1633.52	705.185
1634.45	689.399
1635.38	711.613
1636.31	720.113
1637.24	706.613
1638.17	710.541
1639.1	707.327
1640.03	717.255
1640.96	713.755
1641.89	714.826
1642.82	717.04
1643.75	704.398
1644.68	713.183
1645.61	701.111
1646.54	695.897
1647.46	691.825
1648.39	682.611
1649.32	676.254
1650.25	689.896
1651.17	674.396
1652.1	674.61
1653.03	676.539
1653.95	666.182
1654.88	674.967
1655.81	655.753
1656.73	679.396
1657.66	658.181
1658.58	657.824
1659.51	672.609
1660.43	669.109
1661.36	660.752
1662.28	666.966
1663.21	651.752
1664.13	655.394
1665.05	645.037
1665.98	643.537
1666.9	665.18
1667.82	659.965
1668.74	652.179
1669.67	656.965
1670.59	659.75
1671.51	649.679
1672.43	664.75
1673.35	638.107
1674.27	659.178
1675.19	655.964
1676.12	670.464
1677.04	649.821
1677.96	641.749
1678.88	649.392
1679.79	656.463
1680.71	650.677
1681.63	648.32
1682.55	643.106
1683.47	640.748
1684.39	642.391
1685.31	640.319
1686.23	639.391
1687.14	635.033
1688.06	649.819
1688.98	640.89
1689.89	642.247
1690.81	651.604
1691.73	659.533
1692.64	645.175
1693.56	635.675
1694.48	645.889
1695.39	636.104
1696.31	646.032
1697.22	637.675
1698.14	634.174
1699.05	632.389
1699.96	634.317
1700.88	641.674
1701.79	653.602
1702.7	642.388
1703.62	631.174
1704.53	633.959
1705.44	639.602
1706.36	638.673
1707.27	628.316
1708.18	641.101
1709.09	635.887
1710	636.101
1710.92	636.03
1711.83	639.387
1712.74	638.744
1713.65	630.101
1714.56	646.6
1715.47	646.815
1716.38	640.743
1717.29	647.814
1718.2	649.457
1719.11	660.528
1720.01	644.742
1720.92	662.671
1721.83	666.028
1722.74	675.956
1723.65	671.885
1724.56	682.956
1725.46	700.027
1726.37	708.813
1727.28	705.027
1728.18	724.098
1729.09	776.598
1730	783.669
1730.9	821.026
1731.81	864.669
1732.71	919.169
1733.62	968.526
1734.52	983.883
1735.43	956.097
1736.33	945.168
1737.24	928.525
1738.14	912.454
1739.04	896.382
1739.95	879.739
1740.85	881.668
1741.75	879.31
1742.66	871.524
1743.56	857.453
1744.46	874.524
1745.36	872.453
1746.26	873.81
1747.17	838.595
1748.07	835.381
1748.97	825.023
1749.87	824.38
1750.77	802.595
1751.67	800.237
1752.57	805.88
1753.47	787.523
1754.37	771.737
1755.27	755.951
1756.17	749.594
1757.07	738.379
1757.97	723.45
1758.86	723.379
1759.76	711.593
1760.66	703.807
1761.56	696.879
1762.45	685.378
1763.35	673.593
1764.25	672.378
1765.15	660.592
1766.04	650.235
1766.94	652.735
1767.83	654.949
1768.73	615.163
1769.63	626.234
1770.52	608.448
1771.42	604.948
1772.31	608.305
1773.2	589.091
1774.1	592.448
1774.99	591.519
1775.89	585.162
1776.78	579.662
1777.67	583.59
1778.57	578.09
1779.46	575.447
1780.35	567.09
1781.24	565.59
1782.14	567.518
1783.03	548.589
1783.92	566.232
1784.81	569.018
1785.7	570.946
1786.59	568.303
1787.48	566.231
1788.37	555.303
1789.26	549.517
1790.15	566.874
1791.04	547.945
1791.93	545.016
1792.82	544.659
1793.71	555.159
1794.6	548.802
1795.49	540.159
1796.38	547.801
1797.26	547.444
1798.15	537.087
1799.04	541.015
1799.93	545.229
1800.81	544.872
1801.7	532.8
1802.59	531.586
1803.47	547.229
1804.36	535.443
1805.24	540.228
1806.13	539.3
1807.02	546.657
1807.9	545.157
1808.79	533.942
1809.67	542.728
1810.55	548.656
1811.44	535.156
1812.32	529.084
1813.21	523.584
1814.09	537.798
1814.97	526.584
1815.86	540.227
1816.74	521.298
1817.62	537.798
1818.5	529.726
1819.38	523.369
1820.27	533.583
1821.15	516.654
1822.03	510.583
1822.91	515.368
1823.79	519.868
1824.67	508.082
1825.55	506.868
1826.43	524.511
1827.31	513.296
1828.19	519.225
1829.07	517.153
1829.95	503.939
1830.83	502.153
1831.71	503.795
1832.58	502.01
1833.46	503.081
1834.34	519.581
1835.22	506.081
1836.1	512.866
1836.97	497.366
1837.85	505.866
1838.73	502.366
1839.6	498.866
1840.48	508.794
1841.35	504.151
1842.23	512.937
1843.11	501.151
1843.98	504.222
1844.86	493.293
1845.73	499.222
1846.6	497.721
1847.48	499.078
1848.35	486.721
1849.23	498.078
1850.1	493.721
1850.97	489.078
1851.85	502.435
1852.72	496.649
1853.59	492.863
1854.46	479.934
1855.34	490.149
1856.21	471.506
1857.08	483.148
1857.95	481.934
1858.82	486.434
1859.69	488.648
1860.56	486.291
1861.43	481.648
1862.3	484.147
1863.17	479.219
1864.04	464.576
1864.91	481.361
1865.78	465.861
1866.65	487.218
1867.52	466.004
1868.39	462.504
1869.26	486.718
1870.13	480.646
1870.99	473.146
1871.86	482.217
1872.73	479.574
1873.59	470.645
1874.46	472.288
1875.33	473.074
1876.19	482.717
1877.06	484.645
1877.93	465.145
1878.79	465.645
1879.66	458.144
1880.52	460.359
1881.39	474.858
1882.25	451.644
1883.12	457.573
1883.98	472.072
1884.84	465.144
1885.71	463.072
1886.57	460.715
1887.43	468.072
1888.3	452.857
1889.16	447.357
1890.02	463.857
1890.89	458.928
1891.75	450
1892.61	450.785
1893.47	456.714
1894.33	455.213
1895.19	449.142
1896.05	455.642
1896.91	442.713
1897.78	451.213
1898.64	448.284
1899.5	444.213
1900.35	446.998
1901.21	441.498
1902.07	440.569
1902.93	451.926
1903.79	446.997
1904.65	444.926
1905.51	438.283
1906.37	444.211
1907.22	439.283
1908.08	426.354
1908.94	435.711
1909.8	440.497
1910.65	433.568
1911.51	444.068
1912.36	433.139
1913.22	431.067
1914.08	423.567
1914.93	431.496
1915.79	436.567
1916.64	431.352
1917.5	424.995
1918.35	434.638
1919.21	426.566
1920.06	418.495
1920.92	422.423
1921.77	424.352
1922.62	433.137
1923.48	417.637
1924.33	437.851
1925.18	423.208
1926.03	432.565
1926.89	424.779
1927.74	414.708
1928.59	424.922
1929.44	416.85
1930.29	419.064
1931.14	416.707
1932	419.207
1932.85	424.85
1933.7	415.064
1934.55	417.849
1935.4	423.778
1936.25	405.135
1937.1	414.777
1937.94	415.849
1938.79	419.777
1939.64	406.848
1940.49	414.777
1941.34	410.991
1942.19	408.348
1943.04	401.991
1943.88	404.205
1944.73	408.705
1945.58	412.062
1946.42	392.847
1947.27	402.49
1948.12	397.561
1948.96	409.775
1949.81	394.561
1950.65	399.061
1951.5	407.561
1952.34	395.489
1953.19	395.989
1954.03	397.632
1954.88	396.132
1955.72	397.774
1956.57	389.988
1957.41	391.06
1958.25	384.702
1959.1	382.631
1959.94	394.274
1960.78	385.345
1961.63	386.702
1962.47	395.202
1963.31	384.844
1964.15	385.916
1964.99	399.273
1965.84	382.63
1966.68	398.272
1967.52	375.629
1968.36	390.415
1969.2	387.486
1970.04	386.272
1970.88	381.629
1971.72	378.129
1972.56	392.628
1973.4	375.414
1974.24	381.057
1975.08	375.842
1975.91	390.628
1976.75	369.699
1977.59	381.342
1978.43	374.127
1979.27	378.913
1980.1	376.841
1980.94	373.056
1981.78	374.984
1982.62	378.341
1983.45	377.698
1984.29	371.341
1985.12	369.841
1985.96	364.912
1986.79	357.697
1987.63	364.483
1988.46	365.84
1989.3	363.197
1990.13	374.268
1990.97	367.054
1991.8	362.411
1992.64	365.768
1993.47	372.268
1994.3	357.91
1995.14	360.982
1995.97	365.196
1996.8	362.267
1997.64	349.624
1998.47	369.267
1999.3	362.624
2000.13	359.409
2000.96	350.481
2001.79	360.123
2002.63	356.337
2003.46	367.694
2004.29	352.194
2005.12	358.98
2005.95	350.623
2006.78	346.551
2007.61	357.051
2008.44	354.979
2009.27	355.479
2010.09	352.55
2010.92	351.622
2011.75	354.122
2012.58	354.336
2013.41	348.264
2014.24	348.764
2015.06	348.121
2015.89	328.049
2016.72	354.549
2017.54	351.335
2018.37	348.692
2019.2	340.049
2020.02	335.406
2020.85	346.477
2021.68	334.691
2022.5	336.334
2023.33	338.262
2024.15	326.476
2024.98	341.548
2025.8	317.762
2026.62	333.976
2027.45	335.047
2028.27	339.833
2029.1	325.19
2029.92	328.833
2030.74	329.618
2031.56	329.547
2032.39	336.046
2033.21	336.261
2034.03	332.76
2034.85	330.689
2035.68	322.617
2036.5	319.403
2037.32	321.046
2038.14	316.403
2038.96	324.045
2039.78	322.259
2040.6	317.902
2041.42	321.545
2042.24	321.759
2043.06	321.116
2043.88	337.33
2044.7	328.973
2045.52	312.33
2046.34	303.401
2047.16	314.758
2047.97	312.686
2048.79	313.758
2049.61	316.258
2050.43	315.043
2051.24	321.257
2052.06	318.329
2052.88	309.686
2053.69	307.614
2054.51	307.542
2055.33	302.042
2056.14	317.971
2056.96	312.185
2057.77	313.256
2058.59	311.185
2059.4	318.542
2060.22	312.47
2061.03	304.97
2061.85	297.47
2062.66	308.255
2063.48	303.898
2064.29	298.112
2065.1	302.612
2065.92	304.54
2066.73	310.183
2067.54	303.826
2068.35	304.326
2069.17	302.254
2069.98	295.325
2070.79	300.111
2071.6	306.896
2072.41	301.682
2073.22	303.896
2074.03	304.396
2074.84	307.467
2075.65	301.396
2076.46	312.181
2077.27	302.395
2078.08	298.895
2078.89	302.824
2079.7	289.609
2080.51	300.681
2081.32	292.323
2082.13	299.966
2082.94	292.18
2083.74	298.966
2084.55	286.894
2085.36	281.394
2086.17	291.037
2086.97	290.394
2087.78	289.751
2088.59	291.679
2089.39	298.465
2090.2	286.393
2091.01	283.179
2091.81	283.393
2092.62	290.75
2093.42	285.25
2094.23	286.035
2095.03	285.392
2095.84	287.035
2096.64	294.392
2097.45	281.463
2098.25	287.677
2099.05	277.32
2099.86	284.106
