150.31	2624.71
151.606	2616.71
152.902	2580.14
154.198	2613.57
155.492	2577.86
156.787	2564.14
158.081	2541.29
159.376	2551
160.669	2522.14
161.962	2554.43
163.256	2543.29
164.548	2540.71
165.841	2526.43
167.133	2484.43
168.424	2475.86
169.715	2487.86
171.006	2465.57
172.297	2463.86
173.587	2493
174.877	2448.43
176.166	2472.71
177.456	2476.14
178.745	2470.43
180.033	2464.43
181.321	2450.71
182.609	2434.43
183.897	2451.86
185.184	2428.14
186.471	2455
187.757	2476.43
189.044	2487.57
190.33	2493
191.615	2487.86
192.9	2500.71
194.185	2469.29
195.469	2507.86
196.753	2440.14
198.037	2451.86
199.321	2432.43
200.604	2394.71
201.887	2349.57
203.17	2375.57
204.451	2389.29
205.733	2381.86
207.014	2367.29
208.296	2351.29
209.576	2362.71
210.856	2372.71
212.137	2367.86
213.417	2356.43
214.696	2351.29
215.975	2371
217.253	2352.71
218.532	2385.86
219.81	2377.29
221.088	2366.43
222.365	2370.71
223.642	2388.71
224.919	2414.71
226.195	2414.43
227.471	2425.29
228.747	2450.1
230.022	2484.62
231.297	2487.72
232.572	2513.1
233.846	2525.91
235.12	2525.87
236.394	2499.82
237.667	2539.49
238.94	2517.44
240.213	2542.25
241.485	2559.64
242.757	2565.31
244.029	2587.26
245.3	2614.36
246.571	2629.74
247.842	2685.69
249.112	2693.65
250.381	2713.03
251.651	2735.27
252.921	2763.22
254.189	2832.89
255.457	2867.99
256.726	2940.23
257.994	2988.75
259.261	3071.85
260.529	3118.38
261.796	3229.47
263.062	3310.57
264.329	3389.1
265.595	3505.62
266.86	3568.72
268.125	3638.39
269.39	3712.91
270.655	3715.15
271.919	3655.1
273.182	3551.63
274.446	3450.44
275.71	3294.11
276.973	3149.78
278.234	2975.16
279.497	2884.83
280.759	2762.5
282.021	2681.31
283.281	2544.69
284.543	2514.65
285.803	2442.6
287.063	2423.7
288.322	2350.22
289.583	2339.6
290.842	2333.27
292.101	2297.51
293.358	2288.32
294.617	2249.71
295.875	2275.95
297.133	2265.33
298.389	2273.85
299.647	2278.95
300.903	2290.9
302.159	2280.29
303.415	2291.67
304.67	2331.62
305.925	2321.86
307.18	2342.39
308.435	2354.63
309.689	2333.44
310.943	2317.39
312.196	2329.06
313.45	2287.3
314.702	2281.54
315.954	2275.21
317.207	2271.16
318.459	2248.83
319.71	2280.79
320.961	2276.74
322.212	2248.69
323.463	2230.08
324.712	2208.89
325.962	2181.7
327.211	2156.23
328.461	2113.32
329.71	2072.7
330.958	2085.8
332.207	2068.04
333.454	2038.85
334.702	2046.23
335.949	2051.62
337.196	2053.86
338.442	2015.24
339.688	2029.48
340.933	2028.86
342.179	2050.82
343.424	2038.2
344.67	2033.01
345.914	2055.82
347.158	2064.06
348.402	2075.73
349.645	2043.97
350.888	2092.21
352.131	2094.73
353.373	2081.55
354.616	2106.36
355.857	2096.88
357.099	2070.55
358.34	2079.93
359.58	2097.03
360.821	2079.84
362.061	2085.79
363.301	2055.18
364.54	2064.27
365.78	2029.94
367.019	2038.47
368.257	2009.28
369.495	2042.09
370.733	2053.19
371.97	2049.71
373.208	2067.38
374.444	2035.62
375.681	2040.72
376.917	2013.24
378.153	2001.48
379.389	2000.58
380.623	2024.25
381.858	2015.92
383.092	1989.58
384.327	2006.97
385.561	2027.49
386.794	2030.02
388.027	2046.26
389.26	2023.07
390.492	2064.74
391.724	2035.83
392.956	2043.5
394.188	2020.03
395.419	1995.7
396.65	1999.08
397.88	2035.32
399.11	2014.42
400.341	2032.37
401.57	2005.47
402.799	2021.71
404.028	2057.37
405.257	2036.76
406.484	2050.43
407.712	2090.95
408.94	2102.62
410.167	2115.14
411.394	2111.96
412.621	2127.91
413.847	2105.01
415.073	2071.53
416.298	2072.34
417.523	2041.44
418.749	2042.25
419.973	2002.78
421.197	1985.59
422.421	2006.68
423.644	1974.64
424.867	1975.16
426.091	1971.98
427.313	1993.93
428.536	1982.74
429.757	2012.98
430.979	1996.65
432.201	2010.6
433.421	1985.41
434.642	2000.8
435.862	1998.46
437.082	2013.85
438.301	2001.52
439.52	1995.76
440.739	2003.71
441.958	2017.66
443.176	2025.9
444.394	2036.43
445.612	2045.53
446.83	2102.05
448.046	2148.58
449.263	2218.24
450.479	2303.06
451.695	2398.15
452.911	2581.25
454.126	2731.78
455.341	2862.87
456.556	2909.68
457.77	2899.64
458.985	2797.02
460.198	2689.26
461.411	2571.5
462.624	2444.02
463.837	2361.98
465.05	2293.36
466.262	2198.74
467.473	2232.13
468.685	2130.65
469.896	2156.03
471.106	2146.27
472.317	2118.51
473.527	2099.33
474.737	2063.28
475.946	2058.09
477.155	2039.47
478.364	2037.71
479.573	2019.38
480.781	2030.48
481.988	2053.57
483.195	2111.24
484.403	2155.77
485.609	2174.58
486.816	2127.39
488.022	2086.2
489.227	2039.58
490.434	1989.54
491.639	1959.78
492.844	1953.16
494.048	1927.97
495.252	1932.21
496.456	1967.88
497.66	1941.83
498.863	1951.22
500.065	1973.74
501.268	1946.84
502.47	1934.79
503.672	1918.18
504.874	1918.99
506.075	1864.94
507.275	1893.18
508.476	1924.28
509.677	1899.66
510.876	1887.04
512.076	1919.57
513.275	1919.24
514.474	1933.19
515.673	1907.43
516.871	1904.53
518.069	1915.62
519.267	1900.44
520.464	1908.39
521.661	1876.63
522.857	1883.44
524.054	1879.11
525.25	1888.21
526.445	1891.87
527.641	1882.68
528.836	1881.5
530.031	1911.45
531.225	1892.55
532.42	1883.64
533.613	1902.46
534.807	1923.27
536	1936.93
537.192	1945.17
538.384	1932.27
539.576	1957.94
540.768	1974.46
541.96	1969.85
543.151	2002.09
544.342	2045.76
545.532	2071.42
546.723	2073.66
547.912	2154.76
549.102	2197.29
550.291	2274.1
551.479	2339.48
552.668	2438.86
553.856	2589.39
555.045	2676.77
556.232	2768.15
557.419	2856.68
558.606	2844.63
559.793	2781.73
560.979	2697.11
562.165	2581.64
563.35	2481.02
564.536	2392.69
565.721	2317.21
566.906	2226.88
568.09	2183.69
569.274	2126.79
570.457	2105.32
571.64	2077.27
572.824	2081.51
574.007	2054.03
575.189	2095.7
576.37	2111.66
577.552	2170.47
578.734	2216.14
579.915	2342.38
581.096	2435.19
582.276	2492
583.456	2538.24
584.636	2506.76
585.816	2437.29
586.995	2370.96
588.173	2310.63
589.352	2230.58
590.53	2167.39
591.708	2125.63
592.886	2077.58
594.063	2051.54
595.239	2036.64
596.416	2008.59
597.592	1975.69
598.768	1982.21
599.944	1958.45
601.119	1957.83
602.294	1924.07
603.469	1924.31
604.643	1893.7
605.817	1891.94
606.99	1887.6
608.163	1906.42
609.336	1888.08
610.509	1870.04
611.682	1875.13
612.853	1858.23
614.026	1855.9
615.197	1863.28
616.368	1857.52
617.539	1838.05
618.709	1828
619.879	1835.38
621.049	1828.48
622.218	1821.01
623.388	1830.39
624.557	1840.06
625.725	1806.3
626.893	1816.54
628.061	1839.06
629.229	1815.87
630.396	1804.4
631.563	1790.07
632.729	1778.02
633.895	1771.69
635.062	1775.64
636.227	1792.46
637.392	1788.69
638.557	1806.65
639.722	1807.46
640.886	1894.84
642.05	1894.23
643.214	1859.61
644.377	1849.28
645.54	1788.66
646.703	1778.04
647.865	1779.14
649.027	1765.95
650.189	1768.47
651.35	1757.29
652.511	1766.67
653.672	1775.19
654.833	1781.15
655.993	1775.39
657.153	1760.77
658.312	1784.15
659.472	1772.11
660.631	1788.63
661.789	1769.73
662.947	1802.83
664.105	1769.07
665.262	1789.88
666.42	1807.26
667.576	1763.5
668.734	1765.74
669.89	1790.26
671.046	1757.93
672.201	1789.03
673.357	1784.98
674.512	1780.37
675.667	1767.46
676.821	1798.27
677.975	1820.23
679.129	1815.33
680.282	1809.56
681.435	1802.38
682.588	1801.47
683.741	1779.43
684.893	1785.67
686.045	1762.48
687.196	1759.57
688.347	1780.67
689.498	1770.63
690.649	1778.29
691.799	1777.96
692.949	1757.06
694.099	1780.16
695.248	1780.68
696.396	1759.21
697.545	1767.16
698.694	1782.83
699.842	1790.21
700.989	1799.02
702.137	1784.98
703.284	1818.07
704.43	1815.74
705.577	1811.98
706.723	1802.79
707.869	1800.75
709.014	1780.13
710.159	1776.08
711.305	1790.9
712.449	1799.99
713.593	1801.95
714.737	1826.19
715.881	1802.43
717.024	1823.24
718.167	1838.9
719.309	1838.86
720.452	1855.96
721.594	1871.34
722.735	1864.15
723.876	1888.96
725.018	1858.06
726.158	1858.58
727.299	1832.54
728.439	1837.06
729.579	1818.16
730.718	1784.11
731.857	1790.92
732.996	1762.88
734.134	1750.26
735.273	1742.5
736.411	1729.31
737.548	1736.41
738.685	1738.65
739.823	1724.32
740.959	1701.99
742.095	1712.23
743.231	1700.46
744.367	1709.28
745.502	1692.09
746.637	1705.76
747.771	1696.57
748.906	1687.66
750.04	1669.33
751.173	1675.86
752.308	1654.67
753.441	1668.62
754.574	1670.86
755.705	1667.39
756.838	1681.34
757.97	1674.72
759.101	1687.25
760.232	1656.35
761.364	1647.44
762.494	1683.11
763.624	1654.21
764.754	1666.45
765.883	1682.4
767.013	1665.5
768.143	1672.6
769.271	1655.12
770.399	1653.36
771.527	1674.17
772.655	1683.84
773.782	1660.37
774.909	1666.03
776.036	1677.13
777.162	1649.66
778.289	1658.47
779.415	1678.71
780.54	1696.66
781.666	1682.04
782.791	1660.28
783.915	1680.81
785.039	1681.62
786.163	1683
787.287	1702.67
788.411	1677.2
789.533	1687.44
790.656	1713.68
791.778	1700.77
792.9	1688.16
794.022	1714.4
795.144	1694.35
796.265	1693.16
797.386	1690.26
798.506	1671.07
799.626	1691.02
800.746	1695.26
801.866	1702.07
802.985	1671.74
804.104	1687.98
805.223	1701.65
806.341	1713.89
807.459	1712.7
808.577	1740.94
809.694	1743.75
810.811	1751.13
811.928	1778.8
813.044	1801.33
814.16	1796.14
815.277	1778.67
816.392	1798.05
817.507	1782
818.622	1780.24
819.737	1776.48
820.851	1767.29
821.964	1789.82
823.078	1772.63
824.192	1776.58
825.304	1788.25
826.417	1804.49
827.53	1798.73
828.642	1834.11
829.754	1839.78
830.865	1881.16
831.976	1881.98
833.087	1921.36
834.197	1918.46
835.308	1944.12
836.417	1972.08
837.527	2010.03
838.636	2036.84
839.745	2066.23
840.854	2062.18
841.962	2094.71
843.07	2074.94
844.177	2137.18
845.284	2189.71
846.392	2182.81
847.499	2225.9
848.605	2305.86
849.711	2322.95
850.817	2401.19
851.922	2410.58
853.028	2359.1
854.132	2394.2
855.237	2355.58
856.341	2323.25
857.445	2366.63
858.549	2408.3
859.653	2496.83
860.755	2541.35
861.858	2697.59
862.96	2864.69
864.062	3028.36
865.164	3320.6
866.266	3690.26
867.367	4176.22
868.468	4823.89
869.568	5526.13
870.669	6124.08
871.768	6384.89
872.868	6336.56
873.967	5968.23
875.066	5483.04
876.165	4880.99
877.263	4382.09
878.361	3908.04
879.458	3564.57
880.557	3180.81
881.653	2915.62
882.75	2699.29
883.847	2560.96
884.943	2379.77
886.038	2269.72
887.134	2169.96
888.229	2130.49
889.325	2044.16
890.419	1976.4
891.513	1940.06
892.607	1965.45
893.701	1909.4
894.794	1922.21
895.888	1894.74
896.98	1872.69
898.073	1881.22
899.165	1873.46
900.257	1863.7
901.349	1837.08
902.44	1807.32
903.53	1837.27
904.621	1832.66
905.711	1834.04
906.802	1808.56
907.891	1848.52
908.981	1862.76
910.07	1849.85
911.158	1876.95
912.247	1872.05
913.335	1896.86
914.423	1910.81
915.51	1887.05
916.597	1923.01
917.684	1936.1
918.771	1949.2
919.857	1958.3
920.943	1986.82
922.029	2034.21
923.114	2081.02
924.199	2135.54
925.284	2189.78
926.368	2292.59
927.453	2381.4
928.537	2438.22
929.62	2487.03
930.703	2549.27
931.786	2533.51
932.868	2480.6
933.95	2405.7
935.032	2295.94
936.114	2207.61
937.196	2132.7
938.277	2080.37
939.357	1997.47
940.438	1950.57
941.518	1920.52
942.598	1889.33
943.678	1857.29
944.756	1808.95
945.835	1799.77
946.914	1773.72
947.992	1753.67
949.07	1736.77
950.148	1729.3
951.225	1722.39
952.302	1696.35
953.379	1681.73
954.456	1670.54
955.531	1664.49
956.608	1669.59
957.683	1651.55
958.758	1637.79
959.833	1616.88
960.908	1601.12
961.982	1623.08
963.056	1607.6
964.13	1592.41
965.203	1593.22
966.276	1591.75
967.349	1592.27
968.421	1595.94
969.493	1595.33
970.565	1568.14
971.636	1599.81
972.708	1593.19
973.779	1586.57
974.849	1577.38
975.92	1597.34
976.99	1568.15
978.06	1594.39
979.129	1554.63
980.198	1564.58
981.267	1612.82
982.336	1584.2
983.404	1626.16
984.471	1605.25
985.539	1602.06
986.606	1620.02
987.673	1610.54
988.739	1618.78
989.806	1622.74
990.872	1622.69
991.938	1635.79
993.003	1614.89
994.069	1650.55
995.133	1667.65
996.198	1671.03
997.262	1670.7
998.326	1679.23
999.39	1703.47
1000.45	1731.42
1001.52	1745.95
1002.58	1768.19
1003.64	1781
1004.7	1768.95
1005.77	1741.76
1006.83	1753.14
1007.89	1727.38
1008.95	1717.34
1010.01	1716.44
1011.07	1677.82
1012.13	1688.34
1013.19	1678.01
1014.25	1685.11
1015.31	1665.63
1016.37	1667.3
1017.42	1664.69
1018.48	1654.64
1019.54	1669.16
1020.6	1661.98
1021.65	1642.79
1022.71	1659.6
1023.77	1621.84
1024.82	1655.79
1025.88	1667.17
1026.94	1673.99
1027.99	1660.51
1029.05	1696.75
1030.1	1694.13
1031.16	1714.94
1032.21	1725.76
1033.26	1728.57
1034.32	1732.24
1035.37	1759.9
1036.42	1778.43
1037.48	1801.24
1038.53	1825.19
1039.58	1844.58
1040.63	1891.67
1041.68	1947.91
1042.74	2019.58
1043.79	2090.11
1044.84	2205.78
1045.89	2351.73
1046.94	2527.97
1047.99	2749.07
1049.04	2941.31
1050.09	3116.97
1051.13	3145.21
1052.18	3005.74
1053.23	2829.98
1054.28	2599.08
1055.33	2379.89
1056.37	2186.41
1057.42	2067.51
1058.47	1971.46
1059.51	1907.13
1060.56	1842.51
1061.6	1803.33
1062.65	1758.42
1063.7	1776.66
1064.74	1775.19
1065.78	1774.86
1066.83	1780.52
1067.87	1823.05
1068.92	1830.72
1069.96	1876.67
1071	1897.2
1072.04	1863.44
1073.09	1873.39
1074.13	1830.2
1075.17	1798.73
1076.21	1751.54
1077.25	1784.64
1078.29	1797.45
1079.34	1799.97
1080.38	1852.21
1081.42	1856.17
1082.45	1871.55
1083.49	1850.65
1084.53	1799.74
1085.57	1753.41
1086.61	1691.65
1087.65	1682.46
1088.69	1632.99
1089.72	1601.51
1090.76	1597.47
1091.8	1593.71
1092.84	1568.52
1093.87	1603.61
1094.91	1594.71
1095.94	1594.67
1096.98	1587.48
1098.01	1589.43
1099.05	1599.96
1100.08	1606.48
1101.12	1617.01
1102.15	1634.39
1103.19	1630.92
1104.22	1639.15
1105.25	1667.39
1106.29	1664.21
1107.32	1674.45
1108.35	1696.4
1109.38	1719.21
1110.41	1754.59
1111.44	1737.69
1112.48	1771.36
1113.51	1756.17
1114.54	1732.41
1115.57	1769.79
1116.6	1727.75
1117.63	1766.56
1118.65	1780.51
1119.68	1775.89
1120.71	1808.7
1121.74	1890.66
1122.77	1881.47
1123.8	1930.85
1124.82	1923.09
1125.85	1917.62
1126.88	1902.71
1127.9	1866.67
1128.93	1834.34
1129.96	1774.01
1130.98	1761.96
1132.01	1740.77
1133.03	1688.72
1134.06	1691.25
1135.08	1651.78
1136.11	1620.59
1137.13	1624.26
1138.15	1623.64
1139.18	1619.59
1140.2	1579.55
1141.22	1598.64
1142.24	1607.45
1143.27	1592.26
1144.29	1599.36
1145.31	1601.89
1146.33	1577.27
1147.35	1594.65
1148.37	1610.89
1149.39	1604.27
1150.41	1604.51
1151.43	1613.61
1152.45	1604.71
1153.47	1605.52
1154.49	1592.04
1155.51	1594.57
1156.53	1591.38
1157.54	1549.34
1158.56	1594.15
1159.58	1588.67
1160.59	1582.63
1161.61	1556.01
1162.63	1581.96
1163.64	1565.92
1164.66	1565.01
1165.68	1552.68
1166.69	1572.35
1167.71	1550.88
1168.72	1557.12
1169.73	1527.36
1170.75	1529.31
1171.76	1534.98
1172.78	1508.07
1173.79	1513.46
1174.8	1492.84
1175.81	1520.51
1176.83	1476.18
1177.84	1525.84
1178.85	1510.94
1179.86	1493.75
1180.87	1519.14
1181.88	1496.8
1182.89	1515.33
1183.9	1503.28
1184.91	1508.09
1185.92	1490.33
1186.93	1519.14
1187.94	1507.67
1188.95	1507.91
1189.96	1527.58
1190.97	1547.82
1191.97	1522.63
1192.98	1541.15
1193.99	1534.25
1195	1533.63
1196	1538.45
1197.01	1582.4
1198.01	1588.92
1199.02	1602.02
1200.03	1599.4
1201.03	1609.93
1202.04	1629.6
1203.04	1636.41
1204.04	1632.65
1205.05	1650.32
1206.05	1611.13
1207.06	1636.51
1208.06	1653.04
1209.06	1630.13
1210.06	1627.8
1211.07	1587.76
1212.07	1585.42
1213.07	1587.09
1214.07	1581.05
1215.07	1582.43
1216.07	1571.24
1217.07	1567.19
1218.07	1581.72
1219.07	1599.39
1220.07	1609.91
1221.07	1588.72
1222.07	1630.96
1223.07	1627.49
1224.07	1635.44
1225.07	1629.97
1226.06	1671.64
1227.06	1656.73
1228.06	1693.83
1229.06	1692.36
1230.05	1710.31
1231.05	1707.41
1232.04	1731.08
1233.04	1759.6
1234.04	1729.27
1235.03	1791.8
1236.03	1770.61
1237.02	1817.28
1238.01	1820.27
1239.01	1853.17
1240	1848.29
1241	1892.97
1241.99	1902.97
1242.98	1911.54
1243.97	1910.6
1244.97	1891.83
1245.96	1885.4
1246.95	1900.66
1247.94	1855.02
1248.93	1869.69
1249.92	1849.64
1250.91	1842.73
1251.9	1863.45
1252.89	1879.3
1253.88	1879.05
1254.87	1904.73
1255.86	1951.23
1256.85	1959.27
1257.84	2017.48
1258.83	2055.44
1259.81	2101.26
1260.8	2160.68
1261.79	2199.42
1262.78	2218.11
1263.76	2216.36
1264.75	2227.9
1265.73	2215.94
1266.72	2212.84
1267.71	2193.01
1268.69	2177.61
1269.68	2175.42
1270.66	2109.42
1271.65	2076.76
1272.63	2020.03
1273.61	1981.23
1274.6	1923.71
1275.58	1899.64
1276.56	1891.43
1277.55	1847.58
1278.53	1839.82
1279.51	1835.08
1280.49	1828.38
1281.47	1843.91
1282.45	1868.62
1283.43	1899.53
1284.42	1940.01
1285.4	1974.75
1286.38	2009.62
1287.35	2034.38
1288.33	2038.15
1289.06	2050.79
1290.08	2050.71
1291.1	2015.2
1292.12	1973.4
1293.14	1904.46
1294.16	1838.66
1295.17	1785.43
1296.19	1784.21
1297.21	1753.55
1298.23	1688.9
1299.25	1647.96
1300.27	1642.73
1301.28	1612.36
1302.3	1610.28
1303.32	1582.77
1304.33	1568.4
1305.35	1562.31
1306.37	1552.52
1307.38	1539.29
1308.4	1535.21
1309.41	1527.12
1310.43	1537.04
1311.44	1541.53
1312.46	1526.3
1313.47	1517.07
1314.49	1526.71
1315.5	1508.34
1316.51	1514.25
1317.53	1501.88
1318.54	1494.09
1319.55	1474.86
1320.57	1457.92
1321.58	1473.84
1322.59	1454.61
1323.6	1419.67
1324.61	1432.73
1325.63	1440.36
1326.64	1422.28
1327.65	1410.76
1328.66	1405.54
1329.67	1370.03
1330.68	1407.09
1331.69	1388.72
1332.7	1395.49
1333.71	1393.69
1334.72	1379.04
1335.72	1387.24
1336.73	1372.3
1337.74	1365.36
1338.75	1356.13
1339.76	1336.05
1340.76	1330.25
1341.77	1346.45
1342.78	1321.23
1343.79	1318.57
1344.79	1327.92
1345.8	1318.69
1346.8	1324.89
1347.81	1317.38
1348.82	1305.87
1349.82	1307.79
1350.83	1326.27
1351.83	1300.19
1352.84	1311.54
1353.84	1322.31
1354.84	1301.37
1355.85	1288.43
1356.85	1314.06
1357.85	1329.4
1358.86	1299.61
1359.86	1300.67
1360.86	1324.01
1361.86	1308.5
1362.87	1314.7
1363.87	1330.62
1364.87	1341.68
1365.87	1355.31
1366.87	1345.22
1367.87	1321.43
1368.87	1356.77
1369.87	1350.69
1370.87	1353.18
1371.87	1356.52
1372.87	1366.44
1373.87	1353.21
1374.87	1366.84
1375.87	1376.47
1376.87	1400.1
1377.86	1398.02
1378.86	1374.51
1379.86	1386.14
1380.86	1372.91
1381.85	1408.54
1382.85	1399.03
1383.85	1404.66
1384.84	1405.72
1385.84	1409.35
1386.84	1392.98
1387.83	1390.04
1388.83	1390.25
1389.82	1385.3
1390.82	1378.65
1391.81	1372.28
1392.81	1367.63
1393.8	1344.4
1394.79	1353.46
1395.79	1343.38
1396.78	1352.72
1397.77	1364.64
1398.77	1387.41
1399.76	1382.18
1400.75	1360.1
1401.74	1379.16
1402.74	1390.51
1403.73	1391.85
1404.72	1391.77
1405.71	1378.54
1406.7	1345.89
1407.69	1339.23
1408.68	1351.43
1409.67	1332.21
1410.66	1318.98
1411.65	1304.33
1412.64	1324.53
1413.63	1333.02
1414.62	1328.65
1415.61	1282.56
1416.59	1307.91
1417.58	1302.11
1418.57	1314.03
1419.56	1307.94
1420.55	1288.15
1421.53	1308.92
1422.52	1315.12
1423.51	1284.18
1424.49	1304.96
1425.48	1313.16
1426.46	1333.07
1427.45	1335.56
1428.43	1332.91
1429.42	1361.4
1430.4	1362.17
1431.39	1381.23
1432.37	1379.43
1433.36	1407.35
1434.34	1413.55
1435.32	1398.04
1436.31	1422.81
1437.29	1439.01
1438.27	1457.79
1439.26	1463.42
1440.24	1468.76
1441.22	1423.25
1442.2	1412.6
1443.18	1418.8
1444.16	1421.29
1445.14	1434.63
1446.12	1412.55
1447.11	1450.18
1448.09	1509.24
1449.07	1584.58
1450.05	1655.93
1451.02	1752.7
1452	1856.05
1452.98	1883.68
1453.96	1875.88
1454.94	1862.66
1455.92	1824.86
1456.9	1755.63
1457.87	1690.4
1458.85	1624.61
1459.83	1606.24
1460.81	1580.15
1461.78	1542.64
1462.76	1499.42
1463.73	1458.48
1464.71	1434.96
1465.69	1409.45
1466.66	1388.8
1467.64	1378.14
1468.61	1356.92
1469.59	1348.55
1470.56	1320.18
1471.54	1321.52
1472.51	1299.72
1473.48	1293.36
1474.46	1260.99
1475.43	1269.76
1476.4	1258.25
1477.37	1239.02
1478.35	1224.94
1479.32	1198.86
1480.29	1196.2
1481.26	1161.83
1482.23	1156.03
1483.21	1149.95
1484.18	1129.58
1485.15	1136.64
1486.12	1119.13
1487.09	1108.19
1488.06	1120.1
1489.03	1112.02
1490	1125.08
1490.97	1121.85
1491.93	1104.91
1492.9	1114.83
1493.87	1106.75
1494.84	1108.95
1495.81	1104.29
1496.77	1098.21
1497.74	1088.13
1498.71	1091.19
1499.68	1095.96
1500.64	1066.73
1501.61	1088.08
1502.58	1080
1503.54	1061.63
1504.51	1071.54
1505.47	1071.75
1506.44	1055.95
1507.4	1039.01
1508.37	1062.35
1509.33	1059.13
1510.3	1076.47
1511.26	1069.24
1512.22	1059.45
1513.19	1090.79
1514.15	1066.71
1515.11	1095.77
1516.08	1090.83
1517.04	1101.6
1518	1059.8
1518.96	1070.86
1519.92	1066.78
1520.88	1052.7
1521.85	1049.76
1522.81	1047.67
1523.77	1045.3
1524.73	1034.65
1525.69	1046.56
1526.65	1033.34
1527.61	1047.83
1528.57	1031.46
1529.53	1022.52
1530.48	1031.86
1531.44	1021.49
1532.4	1025.12
1533.36	1019.04
1534.32	996.099
1535.28	1002.3
1536.23	1001.93
1537.19	1028.13
1538.15	996.337
1539.1	1008.82
1540.06	1014.17
1541.02	994.087
1541.97	1006.57
1542.93	1002.21
1543.88	999.55
1544.84	1006.61
1545.79	1001.96
1546.75	1023.59
1547.7	992.931
1548.66	1008.28
1549.61	973.336
1550.56	989.538
1551.52	990.026
1552.47	985.657
1553.42	1005
1554.38	985.776
1555.33	997.978
1556.28	999.609
1557.23	992.097
1558.18	984.299
1559.14	1009.07
1560.09	992.418
1561.04	991.477
1561.99	1015.39
1562.94	985.596
1563.89	978.941
1564.84	986.001
1565.79	984.774
1566.74	982.691
1567.69	987.75
1568.64	975.953
1569.59	991.583
1570.53	975.786
1571.48	987.131
1572.43	961.905
1573.38	972.678
1574.33	963.452
1575.27	982.797
1576.22	972.999
1577.17	970.916
1578.11	959.69
1579.06	965.892
1580	960.666
1580.95	954.296
1581.9	967.642
1582.84	958.13
1583.79	965.189
1584.73	949.677
1585.67	944.451
1586.62	931.796
1587.56	953.427
1588.51	948.486
1589.45	956.117
1590.39	927.748
1591.34	955.093
1592.28	942.152
1593.22	941.497
1594.16	930.557
1595.11	924.474
1596.05	950.39
1596.99	938.878
1597.93	946.509
1598.87	922.14
1599.81	952.342
1600.75	942.259
1601.69	923.318
1602.63	948.092
1603.57	926.58
1604.51	945.068
1605.45	940.413
1606.39	935.472
1607.33	939.96
1608.27	956.734
1609.21	960.365
1610.14	973.138
1611.08	961.912
1612.02	979.543
1612.96	979.174
1613.89	989.376
1614.83	955.007
1615.77	949.781
1616.7	951.697
1617.64	932.757
1618.58	924.102
1619.51	917.733
1620.45	932.221
1621.38	920.994
1622.32	891.768
1623.25	908.828
1624.19	881.887
1625.12	902.946
1626.05	900.006
1626.99	898.494
1627.92	895.267
1628.85	888.613
1629.79	905.672
1630.72	884.446
1631.65	898.934
1632.58	893.422
1633.52	904.767
1634.45	910.112
1635.38	918.886
1636.31	923.945
1637.24	939.862
1638.17	926.35
1639.1	922.838
1640.03	913.897
1640.96	934.671
1641.89	920.016
1642.82	923.933
1643.75	912.992
1644.68	911.766
1645.61	886.539
1646.54	871.599
1647.46	880.372
1648.39	884.86
1649.32	867.92
1650.25	851.551
1651.17	861.182
1652.1	851.955
1653.03	851.015
1653.95	849.788
1654.88	841.419
1655.81	854.193
1656.73	829.824
1657.66	826.883
1658.58	831.371
1659.51	846.716
1660.43	829.204
1661.36	823.407
1662.28	832.466
1663.21	831.24
1664.13	832.585
1665.05	807.359
1665.98	835.275
1666.9	827.477
1667.82	830.251
1668.74	821.882
1669.67	824.37
1670.59	806.858
1671.51	827.06
1672.43	816.977
1673.35	820.322
1674.27	825.096
1675.19	825.298
1676.12	814.357
1677.04	809.131
1677.96	805.619
1678.88	808.678
1679.79	820.881
1680.71	812.512
1681.63	813.571
1682.55	809.773
1683.47	804.261
1684.39	792.178
1685.31	802.38
1686.23	798.582
1687.14	784.499
1688.06	820.13
1688.98	811.189
1689.89	806.534
1690.81	794.165
1691.73	783.225
1692.64	801.427
1693.56	793.343
1694.48	792.117
1695.39	813.462
1696.31	787.664
1697.22	801.867
1698.14	803.783
1699.05	797.414
1699.96	788.474
1700.88	788.104
1701.79	777.164
1702.7	799.366
1703.62	798.997
1704.53	781.199
1705.44	787.116
1706.36	787.318
1707.27	780.663
1708.18	781.723
1709.09	800.211
1710	780.984
1710.92	793.758
1711.83	774.532
1712.74	786.448
1713.65	776.936
1714.56	774.281
1715.47	795.912
1716.38	802.972
1717.29	805.174
1718.2	788.234
1719.11	805.007
1720.01	806.352
1720.92	813.412
1721.83	799.614
1722.74	811.245
1723.65	812.876
1724.56	817.935
1725.46	828.709
1726.37	826.911
1727.28	850.256
1728.18	862.173
1729.09	877.232
1730	909.149
1730.9	940.208
1731.81	984.125
1732.71	1033.18
1733.62	1078.53
1734.52	1069.59
1735.43	1088.08
1736.33	1060.56
1737.24	1048.48
1738.14	1034.97
1739.04	1010.31
1739.95	995.374
1740.85	989.576
1741.75	977.779
1742.66	990.552
1743.56	985.04
1744.46	970.385
1745.36	978.302
1746.26	958.504
1747.17	961.278
1748.07	945.48
1748.97	937.968
1749.87	941.313
1750.77	935.23
1751.67	917.432
1752.57	903.063
1753.47	914.408
1754.37	898.039
1755.27	876.813
1756.17	866.729
1757.07	854.36
1757.97	862.277
1758.86	851.622
1759.76	827.538
1760.66	816.883
1761.56	822.514
1762.45	801.002
1763.35	810.919
1764.25	785.407
1765.15	788.466
1766.04	784.954
1766.94	767.442
1767.83	775.073
1768.73	757.847
1769.63	737.478
1770.52	739.68
1771.42	729.596
1772.31	728.942
1773.2	722.001
1774.1	721.06
1774.99	714.977
1775.89	711.751
1776.78	711.096
1777.67	705.298
1778.57	694.929
1779.46	698.274
1780.35	700.762
1781.24	708.679
1782.14	690.881
1783.03	682.797
1783.92	681.285
1784.81	694.059
1785.7	677.119
1786.59	663.607
1787.48	691.809
1788.37	685.44
1789.26	684.213
1790.15	679.844
1791.04	677.475
1791.93	668.82
1792.82	683.023
1793.71	670.653
1794.6	667.999
1795.49	671.629
1796.38	676.403
1797.26	670.32
1798.15	658.236
1799.04	667.296
1799.93	653.498
1800.81	672.557
1801.7	670.76
1802.59	667.248
1803.47	652.307
1804.36	657.081
1805.24	662.14
1806.13	664.628
1807.02	648.83
1807.9	663.604
1808.79	646.664
1809.67	646.866
1810.55	646.782
1811.44	652.985
1812.32	654.901
1813.21	641.389
1814.09	646.163
1814.97	646.365
1815.86	637.424
1816.74	643.913
1817.62	642.401
1818.5	633.746
1819.38	638.234
1820.27	627.865
1821.15	647.21
1822.03	638.84
1822.91	624.471
1823.79	632.959
1824.67	634.876
1825.55	627.364
1826.43	619.281
1827.31	631.483
1828.19	633.114
1829.07	640.459
1829.95	618.09
1830.83	620.292
1831.71	629.637
1832.58	626.982
1833.46	618.613
1834.34	623.101
1835.22	619.589
1836.1	632.077
1836.97	608.279
1837.85	605.91
1838.73	607.255
1839.6	606.315
1840.48	615.374
1841.35	609.862
1842.23	605.779
1843.11	613.124
1843.98	611.897
1844.86	609.528
1845.73	603.445
1846.6	602.504
1847.48	605.564
1848.35	607.195
1849.23	592.254
1850.1	602.171
1850.97	590.659
1851.85	595.147
1852.72	590.206
1853.59	585.837
1854.46	584.039
1855.34	582.527
1856.21	588.444
1857.08	582.932
1857.95	579.42
1858.82	584.479
1859.69	575.538
1860.56	585.455
1861.43	580.8
1862.3	587.859
1863.17	584.062
1864.04	591.693
1864.91	579.323
1865.78	577.526
1866.65	574.014
1867.52	579.359
1868.39	574.133
1869.26	579.478
1870.13	578.537
1870.99	572.168
1871.86	588.942
1872.73	562.001
1873.59	576.775
1874.46	573.263
1875.33	571.179
1876.19	575.953
1877.06	570.155
1877.93	558.643
1878.79	564.846
1879.66	560.762
1880.52	560.107
1881.39	555.167
1882.25	554.512
1883.12	567.571
1883.98	566.345
1884.84	555.404
1885.71	561.892
1886.57	564.38
1887.43	567.44
1888.3	561.071
1889.16	564.416
1890.02	567.19
1890.89	562.535
1891.75	552.165
1892.61	557.796
1893.47	551.999
1894.33	541.63
1895.19	550.117
1896.05	548.605
1896.91	543.379
1897.78	550.439
1898.64	546.927
1899.5	543.129
1900.35	549.045
1901.21	531.533
1902.07	533.164
1902.93	529.938
1903.79	544.426
1904.65	541.771
1905.51	536.259
1906.37	549.89
1907.22	522.378
1908.08	535.437
1908.94	531.925
1909.8	516.128
1910.65	539.759
1911.51	534.818
1912.36	532.163
1913.22	523.508
1914.08	517.139
1914.93	523.341
1915.79	531.829
1916.64	520.889
1917.5	523.662
1918.35	529.293
1919.21	512.638
1920.06	529.698
1920.92	518.757
1921.77	534.674
1922.62	507.733
1923.48	516.793
1924.33	514.709
1925.18	508.054
1926.03	512.542
1926.89	508.745
1927.74	496.661
1928.59	518.863
1929.44	512.78
1930.29	503.268
1931.14	502.613
1932	509.387
1932.85	503.303
1933.7	488.363
1934.55	505.994
1935.4	484.482
1936.25	501.827
1937.1	502.315
1937.94	506.517
1938.79	499.005
1939.64	499.207
1940.49	495.41
1941.34	488.469
1942.19	476.386
1943.04	498.588
1943.88	492.79
1944.73	478.421
1945.58	488.909
1946.42	480.54
1947.27	473.885
1948.12	498.373
1948.96	479.147
1949.81	487.92
1950.65	488.123
1951.5	477.754
1952.34	492.527
1953.19	469.587
1954.03	482.36
1954.88	485.706
1955.72	468.479
1956.57	492.681
1957.41	463.455
1958.25	470.515
1959.1	476.431
1959.94	479.491
1960.78	484.264
1961.63	467.324
1962.47	466.955
1963.31	464.3
1964.15	481.359
1964.99	461.276
1965.84	472.335
1966.68	457.68
1967.52	470.454
1968.36	460.371
1969.2	462.573
1970.04	461.918
1970.88	450.12
1971.72	457.751
1972.56	455.382
1973.4	464.727
1974.24	451.501
1975.08	459.703
1975.91	459.048
1976.75	450.965
1977.59	464.024
1978.43	445.084
1979.27	459.572
1980.1	450.345
1980.94	445.976
1981.78	454.75
1982.62	447.809
1983.45	440.297
1984.29	449.357
1985.12	441.845
1985.96	442.333
1986.79	436.535
1987.63	438.451
1988.46	439.511
1989.3	440.285
1990.13	440.773
1990.97	444.403
1991.8	442.034
1992.64	434.522
1993.47	442.439
1994.3	440.641
1995.14	438.843
1995.97	428.188
1996.8	438.676
1997.64	438.307
1998.47	438.795
1999.3	437.569
2000.13	426.628
2000.96	430.831
2001.79	438.176
2002.63	438.664
2003.46	430.866
2004.29	424.211
2005.12	439.556
2005.95	440.33
2006.78	430.247
2007.61	431.306
2008.44	422.08
2009.27	422.568
2010.09	423.056
2010.92	426.115
2011.75	432.032
2012.58	417.091
2013.41	432.436
2014.24	422.067
2015.06	411.127
2015.89	412.472
2016.72	416.388
2017.54	411.733
2018.37	416.793
2019.2	413.567
2020.02	406.912
2020.85	416.828
2021.68	422.459
2022.5	408.376
2023.33	415.435
2024.15	419.066
2024.98	415.268
2025.8	398.042
2026.62	399.958
2027.45	403.875
2028.27	406.077
2029.1	392.28
2029.92	393.339
2030.74	410.97
2031.56	382.886
2032.39	398.232
2033.21	394.72
2034.03	398.922
2034.85	388.553
2035.68	387.898
2036.5	387.529
2037.32	391.731
2038.14	398.79
2038.96	385.564
2039.78	384.909
2040.6	384.826
2041.42	388.742
2042.24	387.23
2043.06	394.29
2043.88	381.921
2044.7	380.409
2045.52	388.611
2046.34	382.813
2047.16	388.158
2047.97	375.503
2048.79	378.277
2049.61	381.622
2050.43	381.824
2051.24	379.455
2052.06	385.658
2052.88	378.431
2053.69	381.776
2054.51	384.836
2055.33	378.467
2056.14	373.526
2056.96	376.3
2057.77	389.074
2058.59	384.133
2059.4	374.907
2060.22	375.966
2061.03	381.026
2061.85	380.942
2062.66	381.144
2063.48	373.347
2064.29	372.692
2065.1	357.18
2065.92	367.096
2066.73	373.299
2067.54	354.072
2068.35	364.56
2069.17	373.048
2069.98	368.679
2070.79	375.453
2071.6	370.798
2072.41	375
2073.22	368.345
2074.03	351.976
2074.84	364.178
2075.65	362.667
2076.46	357.44
2077.27	364.785
2078.08	362.702
2078.89	357.761
2079.7	369.392
2080.51	357.88
2081.32	356.082
2082.13	362.57
2082.94	363.344
2083.74	366.118
2084.55	362.32
2085.36	354.237
2086.17	344.725
2086.97	356.356
2087.78	353.701
2088.59	345.617
2089.39	344.962
2090.2	356.022
2091.01	344.51
2091.81	348.141
2092.62	352.343
2093.42	346.831
2094.23	349.319
2095.03	343.235
2095.84	343.152
2096.64	338.783
2097.45	332.128
2098.25	350.902
2099.05	343.961
2099.86	334.735
