150.31	1375
151.606	1403.57
152.902	1408.71
154.198	1397
155.492	1398.71
156.787	1410.43
158.081	1395.86
159.376	1385.86
160.669	1383
161.962	1382.43
163.256	1360.14
164.548	1364.43
165.841	1372.71
167.133	1348.71
168.424	1362.43
169.715	1379.57
171.006	1370.43
172.297	1354.14
173.587	1381.29
174.877	1349.29
176.166	1381
177.456	1373.29
178.745	1371.86
180.033	1369.86
181.321	1359.57
182.609	1374.14
183.897	1369.86
185.184	1354.14
186.471	1382.71
187.757	1399.86
189.044	1383
190.33	1399.86
191.615	1389.57
192.9	1414.14
194.185	1392.14
195.469	1373.86
196.753	1387.86
198.037	1369
199.321	1352.14
200.604	1341.29
201.887	1332.71
203.17	1316.71
204.451	1347.29
205.733	1330.71
207.014	1308.14
208.296	1321.29
209.576	1352.71
210.856	1334.43
212.137	1344.43
213.417	1336.43
214.696	1355.29
215.975	1342.71
217.253	1368.71
218.532	1380.43
219.81	1375.86
221.088	1388.43
222.365	1384.14
223.642	1401
224.919	1435
226.195	1422.71
227.471	1437.86
228.747	1465.28
230.022	1495.85
231.297	1496.13
232.572	1530.99
233.846	1548.7
235.12	1532.98
236.394	1546.98
237.667	1518.69
238.94	1538.4
240.213	1552.11
241.485	1550.97
242.757	1573.54
244.029	1570.96
245.3	1609.24
246.571	1643.81
247.842	1665.24
249.112	1697.24
250.381	1692.66
251.651	1757.23
252.921	1802.37
254.189	1834.37
255.457	1906.36
256.726	1919.79
257.994	1995.79
259.261	2042.93
260.529	2080.92
261.796	2184.92
263.062	2234.06
264.329	2305.49
265.595	2371.77
266.86	2441.19
268.125	2485.76
269.39	2505.19
270.655	2501.47
271.919	2438.33
273.182	2349.75
274.446	2230.89
275.71	2112.03
276.973	1996.31
278.234	1870.6
279.497	1760.02
280.759	1689.16
282.021	1614.02
283.281	1586.87
284.543	1522.3
285.803	1485.44
287.063	1451.72
288.322	1427.72
289.583	1417.71
290.842	1399.42
292.101	1407.99
293.358	1391.42
294.617	1405.7
295.875	1368.55
297.133	1374.84
298.389	1389.41
299.647	1407.69
300.903	1387.69
302.159	1387.11
303.415	1394.54
304.67	1405.68
305.925	1419.39
307.18	1416.81
308.435	1443.67
309.689	1430.81
310.943	1431.66
312.196	1415.09
313.45	1411.08
314.702	1394.22
315.954	1411.08
317.207	1377.65
318.459	1386.79
319.71	1388.5
320.961	1381.07
322.212	1389.35
323.463	1357.63
324.712	1323.92
325.962	1297.34
327.211	1249.34
328.461	1250.76
329.71	1249.62
330.958	1229.9
332.207	1187.9
333.454	1201.61
334.702	1205.89
335.949	1201.6
337.196	1193.6
338.442	1178.45
339.688	1178.45
340.933	1179.88
342.179	1186.73
343.424	1187.87
344.67	1180.15
345.914	1175.58
347.158	1171.86
348.402	1181.57
349.645	1170.43
350.888	1209
352.131	1204.71
353.373	1207.28
354.616	1205.56
355.857	1199.84
357.099	1198.7
358.34	1170.98
359.58	1185.55
360.821	1176.12
362.061	1190.4
363.301	1166.11
364.54	1171.54
365.78	1179.25
367.019	1185.53
368.257	1195.24
369.495	1181.52
370.733	1194.09
371.97	1210.66
373.208	1262.09
374.444	1246.37
375.681	1213.51
376.917	1174.93
378.153	1171.5
379.389	1165.5
380.623	1141.78
381.858	1155.78
383.092	1138.92
384.327	1146.35
385.561	1128.63
386.794	1148.34
388.027	1152.91
389.26	1144.05
390.492	1160.62
391.724	1138.9
392.956	1137.18
394.188	1172.61
395.419	1141.18
396.65	1185.74
397.88	1165.17
399.11	1176.31
400.341	1192.31
401.57	1196.59
402.799	1193.73
404.028	1186.01
405.257	1181.15
406.484	1200.58
407.712	1206.29
408.94	1236.29
410.167	1240
411.394	1233.99
412.621	1203.13
413.847	1213.99
415.073	1213.13
416.298	1197.41
417.523	1205.41
418.749	1197.69
419.973	1199.12
421.197	1175.11
422.421	1176.82
423.644	1197.68
424.867	1171.96
426.091	1166.24
427.313	1205.96
428.536	1185.67
429.757	1211.09
430.979	1218.23
432.201	1196.23
433.421	1216.23
434.642	1202.51
435.862	1214.79
437.082	1205.08
438.301	1202.22
439.52	1233.07
440.739	1240.21
441.958	1260.49
443.176	1266.2
444.394	1272.2
445.612	1285.63
446.83	1344.19
448.046	1402.76
449.263	1489.05
450.479	1567.04
451.695	1685.9
452.911	1799.32
454.126	1933.61
455.341	1953.6
456.556	1951.31
457.77	1865.88
458.985	1769.88
460.198	1655.3
461.411	1574.16
462.624	1476.73
463.837	1428.72
465.05	1374.15
466.262	1358.15
467.473	1346.43
468.685	1316.71
469.896	1305.85
471.106	1291.28
472.317	1274.99
473.527	1291.56
474.737	1268.41
475.946	1262.12
477.155	1258.69
478.364	1265.83
479.573	1267.54
480.781	1290.68
481.988	1328.11
483.195	1362.11
484.403	1406.39
485.609	1387.24
486.816	1338.38
488.022	1256.95
489.227	1235.23
490.434	1195.52
491.639	1180.09
492.844	1170.94
494.048	1150.36
495.252	1143.5
496.456	1160.93
497.66	1158.93
498.863	1150.35
500.065	1163.21
501.268	1162.63
502.47	1160.06
503.672	1132.63
504.874	1154.62
506.075	1152.91
507.275	1149.76
508.476	1153.47
509.677	1174.9
510.876	1175.75
512.076	1196.89
513.275	1225.46
514.474	1206.03
515.673	1189.74
516.871	1187.17
518.069	1195.45
519.267	1166.59
520.464	1152.87
521.661	1156.58
522.857	1147.15
524.054	1165.72
525.25	1159.43
526.445	1166.57
527.641	1171.43
528.836	1165.42
530.031	1179.71
531.225	1163.42
532.42	1209.98
533.613	1199.7
534.807	1192.84
536	1224.83
537.192	1236.54
538.384	1238.54
539.576	1270.25
540.768	1248.82
541.96	1284.25
543.151	1301.67
544.342	1307.1
545.532	1347.38
546.723	1401.95
547.912	1438.52
549.102	1497.37
550.291	1565.37
551.479	1629.94
552.668	1723.65
553.856	1836.79
555.045	1941.36
556.232	2009.64
557.419	2017.35
558.606	1973.35
559.793	1920.77
560.979	1816.2
562.165	1747.63
563.35	1662.77
564.536	1585.33
565.721	1501.05
566.906	1451.9
568.09	1408.18
569.274	1394.18
570.457	1360.46
571.64	1347.03
572.824	1360.17
574.007	1351.31
575.189	1352.74
576.37	1381.88
577.552	1430.44
578.734	1483.87
579.915	1582.44
581.096	1639.29
582.276	1672.43
583.456	1661.29
584.636	1639.85
585.816	1597.28
586.995	1539.56
588.173	1484.99
589.352	1428.41
590.53	1392.41
591.708	1376.41
592.886	1334.41
594.063	1313.83
595.239	1310.11
596.416	1274.68
597.592	1268.11
598.768	1263.25
599.944	1253.25
601.119	1247.24
602.294	1248.38
603.469	1222.95
604.643	1214.09
605.817	1212.94
606.99	1191.51
608.163	1197.51
609.336	1188.94
610.509	1194.36
611.682	1194.07
612.853	1196.93
614.026	1181.21
615.197	1158.64
616.368	1181.49
617.539	1160.06
618.709	1168.63
619.879	1151.77
621.049	1163.19
622.218	1181.76
623.388	1170.9
624.557	1163.18
625.725	1156.04
626.893	1158.03
628.061	1176.6
629.229	1159.46
630.396	1160.31
631.563	1151.74
632.729	1132.59
633.895	1131.16
635.062	1136.87
636.227	1144.01
637.392	1149.44
638.557	1138.29
639.722	1167.72
640.886	1176.86
642.05	1175.71
643.214	1176.28
644.377	1159.13
645.54	1157.99
646.703	1128.27
647.865	1127.7
649.027	1160.26
650.189	1122.55
651.35	1133.97
652.511	1128.83
653.672	1131.4
654.833	1148.25
655.993	1140.82
657.153	1139.67
658.312	1129.67
659.472	1147.67
660.631	1124.81
661.789	1154.52
662.947	1148.8
664.105	1156.51
665.262	1147.08
666.42	1156.51
667.576	1149.36
668.734	1129.64
669.89	1137.92
671.046	1155.06
672.201	1146.78
673.357	1117.63
674.512	1160.48
675.667	1146.2
676.821	1129.34
677.975	1109.05
679.129	1117.04
680.282	1144.18
681.435	1142.18
682.588	1144.46
683.741	1145.03
684.893	1140.74
686.045	1139.6
687.196	1121.59
688.347	1129.02
689.498	1130.73
690.649	1149.59
691.799	1142.44
692.949	1144.72
694.099	1147.86
695.248	1166.15
696.396	1147.57
697.545	1152.43
698.694	1153.28
699.842	1167.56
700.989	1163.85
702.137	1174.7
703.284	1176.7
704.43	1176.12
705.577	1174.4
706.723	1160.12
707.869	1169.26
709.014	1185.25
710.159	1187.82
711.305	1210.96
712.449	1187.82
713.593	1183.53
714.737	1185.81
715.881	1210.66
717.024	1201.52
718.167	1229.52
719.309	1220.66
720.452	1248.08
721.594	1243.22
722.735	1241.22
723.876	1255.79
725.018	1250.07
726.158	1243.49
727.299	1233.21
728.439	1214.35
729.579	1201.77
730.718	1170.05
731.857	1182.62
732.996	1150.05
734.134	1159.19
735.273	1142.61
736.411	1153.47
737.548	1136.04
738.685	1152.89
739.823	1144.6
740.959	1146.31
742.095	1128.6
743.231	1123.74
744.367	1114.88
745.502	1114.3
746.637	1126.3
747.771	1114.01
748.906	1121.44
750.04	1122.29
751.173	1102.57
752.308	1123.43
753.441	1110.85
754.574	1113.71
755.705	1107.99
756.838	1125.13
757.97	1110.84
759.101	1119.98
760.232	1102.83
761.364	1102.55
762.494	1102.26
763.624	1107.97
764.754	1108.54
765.883	1107.39
767.013	1108.25
768.143	1121.96
769.271	1103.67
770.399	1104.24
771.527	1120.23
772.655	1107.09
773.782	1118.8
774.909	1111.08
776.036	1107.94
777.162	1119.93
778.289	1131.07
779.415	1113.93
780.54	1112.5
781.666	1121.06
782.791	1125.06
783.915	1137.63
785.039	1130.77
786.163	1121.91
787.287	1156.48
788.411	1125.62
789.533	1123.61
790.656	1121.33
791.778	1125.89
792.9	1152.75
794.022	1139.89
795.144	1134.74
796.265	1129.88
797.386	1145.02
798.506	1125.59
799.626	1146.45
800.746	1158.44
801.866	1153.58
802.985	1149.87
804.104	1165.01
805.223	1165.57
806.341	1162.43
807.459	1178.71
808.577	1175.28
809.694	1190.7
810.811	1210.13
811.928	1181.27
813.044	1199.84
814.16	1213.26
815.277	1223.26
816.392	1223.83
817.507	1224.11
818.622	1224.11
819.737	1223.82
820.851	1226.96
821.964	1216.39
823.078	1244.38
824.192	1262.38
825.304	1245.81
826.417	1283.8
827.53	1309.23
828.642	1310.65
829.754	1305.22
830.865	1335.51
831.976	1381.79
833.087	1367.79
834.197	1375.21
835.308	1409.21
836.417	1435.21
837.527	1457.2
838.636	1470.34
839.745	1508.63
840.854	1508.34
841.962	1525.48
843.07	1550.62
844.177	1576.33
845.284	1636.32
846.392	1652.61
847.499	1684.89
848.605	1744.6
849.711	1745.46
850.817	1796.02
851.922	1798.31
853.028	1775.45
854.132	1731.16
855.237	1738.01
856.341	1768.87
857.445	1793.72
858.549	1835.72
859.653	1928.86
860.755	2022.28
861.858	2137.99
862.96	2309.71
864.062	2561.13
865.164	2843.7
866.266	3262.55
867.367	3796.84
868.468	4394.55
869.568	4965.12
870.669	5309.68
871.768	5358.25
872.868	5137.68
873.967	4693.1
875.066	4162.25
876.165	3676.81
877.263	3271.95
878.361	2893.38
879.458	2613.95
880.557	2376.23
881.653	2128.8
882.75	1980.8
883.847	1846.22
884.943	1714.22
886.038	1659.36
887.134	1561.64
888.229	1533.35
889.325	1490.78
890.419	1461.06
891.513	1444.2
892.607	1422.48
893.701	1388.77
894.794	1395.33
895.888	1377.62
896.98	1353.04
898.073	1369.04
899.165	1347.61
900.257	1346.18
901.349	1349.89
902.44	1324.74
903.53	1335.6
904.621	1329.88
905.711	1349.3
906.802	1342.16
907.891	1320.44
908.981	1364.15
910.07	1372.72
911.158	1372.72
912.247	1380.72
913.335	1402.71
914.423	1407
915.51	1415.85
916.597	1422.13
917.684	1409.27
918.771	1483.56
919.857	1464.98
920.943	1518.69
922.029	1543.83
923.114	1588.97
924.199	1631.83
925.284	1727.54
926.368	1807.53
927.453	1879.25
928.537	1931.24
929.62	2000.67
930.703	1972.95
931.786	1946.95
932.868	1886.37
933.95	1791.23
935.032	1710.94
936.114	1637.51
937.196	1560.36
938.277	1519.5
939.357	1472.07
940.438	1432.07
941.518	1400.06
942.598	1355.2
943.678	1356.92
944.756	1338.34
945.835	1310.62
946.914	1291.76
947.992	1287.19
949.07	1256.62
950.148	1251.47
951.225	1245.75
952.302	1256.32
953.379	1231.75
954.456	1220.6
955.531	1204.88
956.608	1200.88
957.683	1205.73
958.758	1193.73
959.833	1182.3
960.908	1160.87
961.982	1168.87
963.056	1154.01
964.13	1158.57
965.203	1172
966.276	1156.57
967.349	1152.85
968.421	1147.42
969.493	1120.27
970.565	1140.84
971.636	1139.7
972.708	1147.69
973.779	1150.26
974.849	1139.4
975.92	1143.68
976.99	1150.82
978.06	1159.96
979.129	1157.68
980.198	1166.82
981.267	1157.1
982.336	1156.24
983.404	1173.09
984.471	1163.66
985.539	1173.94
986.606	1159.08
987.673	1174.22
988.739	1190.51
989.806	1199.65
990.872	1174.21
991.938	1204.78
993.003	1211.64
994.069	1193.06
995.133	1222.49
996.198	1231.63
997.262	1260.48
998.326	1248.19
999.39	1266.19
1000.45	1307.9
1001.52	1305.61
1002.58	1318.18
1003.64	1333.61
1004.7	1316.75
1005.77	1303.32
1006.83	1287.03
1007.89	1293.02
1008.95	1261.59
1010.01	1274.73
1011.07	1254.73
1012.13	1249.58
1013.19	1256.44
1014.25	1230.15
1015.31	1242.72
1016.37	1224.14
1017.42	1220.71
1018.48	1240.42
1019.54	1240.13
1020.6	1224.13
1021.65	1213.84
1022.71	1214.7
1023.77	1240.98
1024.82	1248.98
1025.88	1238.69
1026.94	1242.4
1027.99	1250.68
1029.05	1285.54
1030.1	1276.11
1031.16	1293.53
1032.21	1317.24
1033.26	1322.67
1034.32	1330.66
1035.37	1340.95
1036.42	1368.37
1037.48	1386.66
1038.53	1418.65
1039.58	1444.36
1040.63	1516.08
1041.68	1545.22
1042.74	1626.64
1043.79	1704.64
1044.84	1807.78
1045.89	1996.63
1046.94	2163.49
1047.99	2371.2
1049.04	2500.91
1050.09	2596.33
1051.13	2496.05
1052.18	2336.9
1053.23	2149.75
1054.28	1958.61
1055.33	1778.32
1056.37	1643.17
1057.42	1542.6
1058.47	1464.6
1059.51	1403.45
1060.56	1364.88
1061.6	1362.3
1062.65	1347.73
1063.7	1334.87
1064.74	1351.15
1065.78	1360.29
1066.83	1378.86
1067.87	1415.71
1068.92	1416.28
1069.96	1437.14
1071	1439.13
1072.04	1432.84
1073.09	1401.98
1074.13	1367.12
1075.17	1348.55
1076.21	1311.98
1077.25	1289.12
1078.29	1239.97
1079.34	1201.68
1080.38	1200.53
1081.42	1208.53
1082.45	1203.67
1083.49	1201.38
1084.53	1193.67
1085.57	1195.38
1086.61	1189.66
1087.65	1201.94
1088.69	1179.65
1089.72	1183.65
1090.76	1191.36
1091.8	1180.22
1092.84	1176.5
1093.87	1173.35
1094.91	1179.06
1095.94	1187.35
1096.98	1196.49
1098.01	1203.06
1099.05	1217.34
1100.08	1203.34
1101.12	1222.48
1102.15	1239.04
1103.19	1223.04
1104.22	1240.47
1105.25	1270.18
1106.29	1286.75
1107.32	1306.46
1108.35	1320.17
1109.38	1316.45
1110.41	1369.88
1111.44	1351.59
1112.48	1358.16
1113.51	1345.87
1114.54	1369.87
1115.57	1355.58
1116.6	1357
1117.63	1388.71
1118.65	1404.43
1119.68	1392.71
1120.71	1452.13
1121.74	1484.99
1122.77	1522.7
1123.8	1532.41
1124.82	1550.12
1125.85	1512.98
1126.88	1486.4
1127.9	1448.97
1128.93	1412.4
1129.96	1372.96
1130.98	1352.39
1132.01	1324.39
1133.03	1279.24
1134.06	1283.52
1135.08	1258.95
1136.11	1235.8
1137.13	1245.23
1138.15	1213.51
1139.18	1240.65
1140.2	1208.93
1141.22	1216.36
1142.24	1207.5
1143.27	1225.5
1144.29	1211.21
1145.31	1198.63
1146.33	1215.49
1147.35	1176.91
1148.37	1188.91
1149.39	1198.34
1150.41	1199.48
1151.43	1188.9
1152.45	1187.47
1153.47	1190.33
1154.49	1182.61
1155.51	1188.6
1156.53	1181.74
1157.54	1171.74
1158.56	1183.74
1159.58	1184.88
1160.59	1157.45
1161.61	1174.59
1162.63	1153.16
1163.64	1150.58
1164.66	1163.72
1165.68	1162.86
1166.69	1168.57
1167.71	1147.43
1168.72	1160.28
1169.73	1121.99
1170.75	1125.99
1171.76	1151.99
1172.78	1114.84
1173.79	1125.41
1174.8	1103.98
1175.81	1117.97
1176.83	1119.69
1177.84	1137.4
1178.85	1154.54
1179.86	1146.82
1180.87	1172.25
1181.88	1162.81
1182.89	1137.67
1183.9	1130.52
1184.91	1146.23
1185.92	1141.66
1186.93	1147.37
1187.94	1140.8
1188.95	1160.51
1189.96	1135.36
1190.97	1151.64
1191.97	1165.36
1192.98	1163.92
1193.99	1195.06
1195	1173.92
1196	1206.49
1197.01	1220.48
1198.01	1215.91
1199.02	1236.19
1200.03	1244.76
1201.03	1249.04
1202.04	1264.75
1203.04	1264.18
1204.04	1271.03
1205.05	1282.75
1206.05	1273.6
1207.06	1258.74
1208.06	1268.74
1209.06	1239.02
1210.06	1235.59
1211.07	1237.87
1212.07	1201.3
1213.07	1205.87
1214.07	1192.43
1215.07	1201.29
1216.07	1191.86
1217.07	1188.71
1218.07	1184.42
1219.07	1194.42
1220.07	1190.99
1221.07	1192.41
1222.07	1197.55
1223.07	1218.41
1224.07	1222.12
1225.07	1213.54
1226.06	1244.68
1227.06	1251.54
1228.06	1238.11
1229.06	1283.82
1230.05	1267.81
1231.05	1285.53
1232.04	1307.81
1233.04	1296.38
1234.04	1322.09
1235.03	1337.8
1236.03	1324.65
1237.02	1360.3
1238.01	1380.26
1239.01	1379.99
1240	1396.4
1241	1432.56
1241.99	1427.61
1242.98	1421.61
1243.97	1403.38
1244.97	1393.39
1245.96	1375.45
1246.95	1349.65
1247.94	1332.33
1248.93	1328.18
1249.92	1304.47
1250.91	1295.99
1251.9	1293.18
1252.89	1302.41
1253.88	1279.14
1254.87	1254.52
1255.86	1263.97
1256.85	1254.86
1257.84	1251.91
1258.83	1253.64
1259.81	1245.03
1260.8	1246.49
1261.79	1240.86
1262.78	1245.33
1263.76	1275.94
1264.75	1303.73
1265.73	1318.49
1266.72	1340.33
1267.71	1348.61
1268.69	1349.93
1269.68	1371.51
1270.66	1362.89
1271.65	1351.26
1272.63	1345.42
1273.61	1360.22
1274.6	1347.59
1275.58	1342.46
1276.56	1354.37
1277.55	1356.77
1278.53	1376.14
1279.51	1390.03
1280.49	1408.58
1281.47	1437.48
1282.45	1473.25
1283.43	1523.74
1284.42	1569.98
1285.4	1608.46
1286.38	1640.01
1287.35	1662.84
1288.33	1671.26
1289.06	1671.68
1290.08	1635.65
1291.1	1613.05
1292.12	1551.87
1293.14	1502.7
1294.16	1465.52
1295.17	1440.06
1296.19	1397.46
1297.21	1352.57
1298.23	1341.68
1299.25	1327.07
1300.27	1292.76
1301.28	1295.87
1302.3	1282.12
1303.32	1253.52
1304.33	1233.2
1305.35	1241.17
1306.37	1233.99
1307.38	1225.1
1308.4	1194.21
1309.41	1200.75
1310.43	1194.43
1311.44	1181.26
1312.46	1168.94
1313.47	1162.62
1314.49	1168.02
1315.5	1160.84
1316.51	1151.95
1317.53	1148.78
1318.54	1147.6
1319.55	1147.28
1320.57	1130.97
1321.58	1141.79
1322.59	1125.76
1323.6	1118.87
1324.61	1125.69
1325.63	1125.38
1326.64	1103.06
1327.65	1097.88
1328.66	1086.71
1329.67	1092.67
1330.68	1097.5
1331.69	1080.9
1332.7	1067.43
1333.71	1077.69
1334.72	1081.94
1335.72	1091.91
1336.73	1083.59
1337.74	1080.99
1338.75	1065.81
1339.76	1084.35
1340.76	1075.75
1341.77	1050.57
1342.78	1063.11
1343.79	1068.79
1344.79	1052.19
1345.8	1061.87
1346.8	1056.41
1347.81	1077.52
1348.82	1070.06
1349.82	1056.88
1350.83	1046.28
1351.83	1063.39
1352.84	1063.64
1353.84	1065.61
1354.84	1056.72
1355.85	1056.98
1356.85	1064.37
1357.85	1066.63
1358.86	1076.59
1359.86	1045.13
1360.86	1077.67
1361.86	1070.78
1362.87	1082.75
1363.87	1087.57
1364.87	1079.54
1365.87	1090.65
1366.87	1072.91
1367.87	1077.73
1368.87	1074.84
1369.87	1074.24
1370.87	1065.35
1371.87	1084.46
1372.87	1068.43
1373.87	1071.82
1374.87	1077.5
1375.87	1090.9
1376.87	1085.44
1377.86	1104.55
1378.86	1095.37
1379.86	1087.63
1380.86	1087.02
1381.85	1073.85
1382.85	1070.39
1383.85	1071.5
1384.84	1069.75
1385.84	1059.72
1386.84	1067.12
1387.83	1059.08
1388.83	1053.34
1389.82	1064.45
1390.82	1069.84
1391.81	1055.24
1392.81	1065.49
1393.8	1061.75
1394.79	1079.14
1395.79	1082.82
1396.78	1084.51
1397.77	1089.05
1398.77	1093.01
1399.76	1123.55
1400.75	1127.52
1401.74	1157.49
1402.74	1155.46
1403.73	1155.71
1404.72	1174.25
1405.71	1171.36
1406.7	1145.33
1407.69	1154.15
1408.68	1125.26
1409.67	1101.8
1410.66	1111.77
1411.65	1124.88
1412.64	1114.85
1413.63	1129.39
1414.62	1130.5
1415.61	1125.89
1416.59	1126.43
1417.58	1140.97
1418.57	1131.22
1419.56	1126.91
1420.55	1112.87
1421.53	1129.98
1422.52	1128.52
1423.51	1134.78
1424.49	1143.89
1425.48	1152.71
1426.46	1170.39
1427.45	1173.79
1428.43	1181.76
1429.42	1198.58
1430.4	1225.98
1431.39	1224.23
1432.37	1219.63
1433.36	1243.88
1434.34	1251.56
1435.32	1255.82
1436.31	1279.21
1437.29	1279.18
1438.27	1293.72
1439.26	1294.54
1440.24	1268.51
1441.22	1255.91
1442.2	1254.45
1443.18	1253.56
1444.16	1268.1
1445.14	1263.49
1446.12	1311.17
1447.11	1360
1448.09	1405.4
1449.07	1485.65
1450.05	1567.62
1451.02	1664.16
1452	1718.41
1452.98	1735.81
1453.96	1684.34
1454.94	1650.6
1455.92	1557.14
1456.9	1497.96
1457.87	1477.64
1458.85	1434.47
1459.83	1412.44
1460.81	1362.12
1461.78	1344.94
1462.76	1305.2
1463.73	1292.88
1464.71	1253.13
1465.69	1231.67
1466.66	1210.5
1467.64	1223.03
1468.61	1204.15
1469.59	1196.11
1470.56	1162.08
1471.54	1127.19
1472.51	1148.59
1473.48	1131.41
1474.46	1111.09
1475.43	1088.78
1476.4	1087.03
1477.37	1077
1478.35	1061.54
1479.32	1065.22
1480.29	1038.04
1481.26	1018.3
1482.23	1023.41
1483.21	1017.37
1484.18	1007.91
1485.15	1015.31
1486.12	1018.71
1487.09	994.388
1488.06	998.641
1489.03	990.609
1490	997.719
1490.97	994.258
1491.93	985.94
1492.9	989.908
1493.87	995.304
1494.84	986.986
1495.81	979.811
1496.77	978.921
1497.74	977.174
1498.71	977.714
1499.68	980.824
1500.64	959.077
1501.61	973.045
1502.58	956.727
1503.54	969.552
1504.51	965.234
1505.47	956.059
1506.44	939.169
1507.4	976.28
1508.37	950.247
1509.33	944.215
1510.3	955.325
1511.26	972.722
1512.22	960.118
1513.19	946.085
1514.15	956.91
1515.11	970.878
1516.08	965.703
1517.04	975.099
1518	945.924
1518.96	967.034
1519.92	961.002
1520.88	959.255
1521.85	944.366
1522.81	952.619
1523.77	947.158
1524.73	946.84
1525.69	942.236
1526.65	938.49
1527.61	946.172
1528.57	954.996
1529.53	939.25
1530.48	928.074
1531.44	948.328
1532.4	941.438
1533.36	933.692
1534.32	938.517
1535.28	937.913
1536.23	935.595
1537.19	940.991
1538.15	942.959
1539.1	943.783
1540.06	938.608
1541.02	940.004
1541.97	938.258
1542.93	935.368
1543.88	930.193
1544.84	935.304
1545.79	948.414
1546.75	934.096
1547.7	944.349
1548.66	932.031
1549.61	931.713
1550.56	923.681
1551.52	937.363
1552.47	929.902
1553.42	948.727
1554.38	936.98
1555.33	930.09
1556.28	928.63
1557.23	934.597
1558.18	941.422
1559.14	943.39
1560.09	914.786
1561.04	933.611
1561.99	927.293
1562.94	948.117
1563.89	948.085
1564.84	944.053
1565.79	947.163
1566.74	935.131
1567.69	915.098
1568.64	937.066
1569.59	925.034
1570.53	926.43
1571.48	926.683
1572.43	924.937
1573.38	941.761
1574.33	921.729
1575.27	936.554
1576.22	921.093
1577.17	913.918
1578.11	941.314
1579.06	925.853
1580	916.392
1580.95	905.788
1581.9	922.613
1582.84	921.438
1583.79	912.548
1584.73	915.373
1585.67	907.341
1586.62	932.737
1587.56	930.419
1588.51	911.815
1589.45	928.926
1590.39	915.465
1591.34	906.861
1592.28	919.686
1593.22	892.225
1594.16	903.907
1595.11	909.017
1596.05	916.128
1596.99	911.524
1597.93	899.777
1598.87	885.174
1599.81	889.713
1600.75	904.538
1601.69	888.219
1602.63	903.616
1603.57	902.155
1604.51	902.694
1605.45	910.947
1606.39	916.058
1607.33	909.454
1608.27	915.422
1609.21	915.675
1610.14	918.5
1611.08	921.039
1612.02	920.435
1612.96	931.831
1613.89	913.513
1614.83	918.338
1615.77	905.448
1616.7	895.988
1617.64	889.955
1618.58	899.923
1619.51	884.462
1620.45	885.287
1621.38	895.54
1622.32	873.222
1623.25	876.047
1624.19	879.729
1625.12	891.982
1626.05	877.95
1626.99	874.775
1627.92	873.314
1628.85	887.567
1629.79	883.535
1630.72	865.217
1631.65	868.041
1632.58	884.58
1633.52	893.405
1634.45	891.659
1635.38	888.483
1636.31	901.594
1637.24	912.99
1638.17	903.529
1639.1	910.925
1640.03	907.464
1640.96	900.289
1641.89	887.971
1642.82	880.225
1643.75	889.049
1644.68	887.017
1645.61	877.842
1646.54	872.667
1647.46	874.063
1648.39	874.888
1649.32	874.855
1650.25	863.394
1651.17	855.076
1652.1	861.615
1653.03	853.869
1653.95	842.694
1654.88	848.947
1655.81	855.486
1656.73	855.454
1657.66	845.993
1658.58	838.246
1659.51	824.785
1660.43	851.039
1661.36	844.72
1662.28	842.402
1663.21	830.656
1664.13	854.623
1665.05	830.305
1665.98	838.273
1666.9	827.669
1667.82	825.351
1668.74	841.319
1669.67	832.144
1670.59	824.968
1671.51	828.936
1672.43	834.904
1673.35	840.3
1674.27	826.267
1675.19	845.092
1676.12	830.203
1677.04	829.885
1677.96	824.709
1678.88	831.534
1679.79	817.788
1680.71	821.184
1681.63	814.58
1682.55	820.262
1683.47	830.23
1684.39	819.912
1685.31	826.736
1686.23	831.275
1687.14	830.1
1688.06	836.068
1688.98	832.036
1689.89	818.289
1690.81	828.828
1691.73	816.51
1692.64	818.192
1693.56	822.731
1694.48	820.699
1695.39	818.952
1696.31	830.062
1697.22	835.173
1698.14	828.569
1699.05	828.251
1699.96	819.076
1700.88	823.901
1701.79	816.44
1702.7	818.979
1703.62	811.232
1704.53	799.486
1705.44	820.882
1706.36	816.849
1707.27	812.246
1708.18	815.642
1709.09	817.895
1710	844.434
1710.92	820.402
1711.83	818.37
1712.74	816.909
1713.65	812.019
1714.56	826.273
1715.47	822.24
1716.38	799.636
1717.29	810.175
1718.2	820.715
1719.11	829.539
1720.01	832.364
1720.92	844.332
1721.83	838.871
1722.74	862.838
1723.65	839.378
1724.56	870.774
1725.46	877.599
1726.37	884.995
1727.28	908.105
1728.18	915.216
1729.09	922.612
1730	946.58
1730.9	1019.12
1731.81	1028.8
1732.71	1095.34
1733.62	1100.74
1734.52	1101.85
1735.43	1096.39
1736.33	1086.92
1737.24	1069.18
1738.14	1039.72
1739.04	1020.54
1739.95	1031.37
1740.85	1007.91
1741.75	1016.73
1742.66	996.698
1743.56	1003.24
1744.46	982.919
1745.36	1008.03
1746.26	998.855
1747.17	992.822
1748.07	985.933
1748.97	954.472
1749.87	962.154
1750.77	954.407
1751.67	947.803
1752.57	934.342
1753.47	926.881
1754.37	916.563
1755.27	917.102
1756.17	899.641
1757.07	891.609
1757.97	881.577
1758.86	884.973
1759.76	878.655
1760.66	861.765
1761.56	843.162
1762.45	840.558
1763.35	841.383
1764.25	828.493
1765.15	822.461
1766.04	823.286
1766.94	819.825
1767.83	806.364
1768.73	790.617
1769.63	788.013
1770.52	792.267
1771.42	778.806
1772.31	776.488
1773.2	761.027
1774.1	760.994
1774.99	755.248
1775.89	753.215
1776.78	744.326
1777.67	753.722
1778.57	743.404
1779.46	751.086
1780.35	747.054
1781.24	752.164
1782.14	748.703
1783.03	743.528
1783.92	736.353
1784.81	729.749
1785.7	739.145
1786.59	749.399
1787.48	742.795
1788.37	738.477
1789.26	722.159
1790.15	734.698
1791.04	724.094
1791.93	727.49
1792.82	722.886
1793.71	713.997
1794.6	732.822
1795.49	737.646
1796.38	720.186
1797.26	721.01
1798.15	715.264
1799.04	728.374
1799.93	721.199
1800.81	716.595
1801.7	711.42
1802.59	711.388
1803.47	725.927
1804.36	706.752
1805.24	712.148
1806.13	711.83
1807.02	710.083
1807.9	721.194
1808.79	708.59
1809.67	718.272
1810.55	724.811
1811.44	716.779
1812.32	711.032
1813.21	713.857
1814.09	701.253
1814.97	691.506
1815.86	704.045
1816.74	702.584
1817.62	717.981
1818.5	685.662
1819.38	682.202
1820.27	687.312
1821.15	682.994
1822.03	700.104
1822.91	693.215
1823.79	683.754
1824.67	694.293
1825.55	674.547
1826.43	693.371
1827.31	680.768
1828.19	694.164
1829.07	704.703
1829.95	694.099
1830.83	673.495
1831.71	683.177
1832.58	696.002
1833.46	684.827
1834.34	685.937
1835.22	674.762
1836.1	669.873
1836.97	666.412
1837.85	682.094
1838.73	680.918
1839.6	669.172
1840.48	679.425
1841.35	673.679
1842.23	670.218
1843.11	662.471
1843.98	656.153
1844.86	663.263
1845.73	661.231
1846.6	673.77
1847.48	670.023
1848.35	668.848
1849.23	655.959
1850.1	654.212
1850.97	650.751
1851.85	646.433
1852.72	662.115
1853.59	647.797
1854.46	645.765
1855.34	661.447
1856.21	647.7
1857.08	651.096
1857.95	654.492
1858.82	646.746
1859.69	650.713
1860.56	641.253
1861.43	648.363
1862.3	646.045
1863.17	637.441
1864.04	655.98
1864.91	652.519
1865.78	646.773
1866.65	642.169
1867.52	640.136
1868.39	646.961
1869.26	641.786
1870.13	638.039
1870.99	645.436
1871.86	635.975
1872.73	636.228
1873.59	631.91
1874.46	641.592
1875.33	625.274
1876.19	636.956
1877.06	626.352
1877.93	626.32
1878.79	639.43
1879.66	632.826
1880.52	625.651
1881.39	628.19
1882.25	620.444
1883.12	624.126
1883.98	622.665
1884.84	632.347
1885.71	633.171
1886.57	634.853
1887.43	631.392
1888.3	618.217
1889.16	628.756
1890.02	626.438
1890.89	623.263
1891.75	626.945
1892.61	626.627
1893.47	616.88
1894.33	636.562
1895.19	608.244
1896.05	619.355
1896.91	616.751
1897.78	615.004
1898.64	626.4
1899.5	611.225
1900.35	608.907
1901.21	611.16
1902.07	609.7
1902.93	613.667
1903.79	604.778
1904.65	613.888
1905.51	612.999
1906.37	604.681
1907.22	602.934
1908.08	606.616
1908.94	602.584
1909.8	590.837
1910.65	601.947
1911.51	602.201
1912.36	596.169
1913.22	592.993
1914.08	587.247
1914.93	594.643
1915.79	607.182
1916.64	584.864
1917.5	598.26
1918.35	593.371
1919.21	581.052
1920.06	599.592
1920.92	586.988
1921.77	588.098
1922.62	584.923
1923.48	588.034
1924.33	590.858
1925.18	575.683
1926.03	591.651
1926.89	578.761
1927.74	567.586
1928.59	577.268
1929.44	585.236
1930.29	578.918
1931.14	573.742
1932	576.853
1932.85	577.106
1933.7	577.645
1934.55	563.327
1935.4	566.152
1936.25	569.834
1937.1	572.945
1937.94	565.769
1938.79	572.023
1939.64	556.562
1940.49	562.244
1941.34	566.783
1942.19	565.322
1943.04	574.718
1943.88	563.543
1944.73	570.939
1945.58	560.05
1946.42	563.446
1947.27	569.128
1948.12	559.953
1948.96	546.206
1949.81	558.174
1950.65	559.284
1951.5	537.252
1952.34	557.791
1953.19	550.044
1954.03	562.012
1954.88	554.551
1955.72	537.947
1956.57	541.058
1957.41	542.168
1958.25	555.564
1959.1	551.246
1959.94	542.357
1960.78	526.324
1961.63	539.149
1962.47	546.831
1963.31	541.084
1964.15	536.766
1964.99	533.305
1965.84	543.559
1966.68	532.384
1967.52	540.066
1968.36	535.462
1969.2	539.144
1970.04	545.683
1970.88	525.65
1971.72	543.618
1972.56	536.729
1973.4	537.553
1974.24	536.092
1975.08	528.346
1975.91	528.028
1976.75	532.567
1977.59	539.106
1978.43	523.074
1979.27	534.755
1980.1	534.723
1980.94	519.548
1981.78	526.944
1982.62	516.912
1983.45	521.451
1984.29	524.847
1985.12	521.1
1985.96	521.354
1986.79	520.464
1987.63	506.718
1988.46	527.257
1989.3	521.51
1990.13	510.335
1990.97	522.588
1991.8	513.984
1992.64	520.524
1993.47	520.491
1994.3	506.173
1995.14	515.569
1995.97	508.394
1996.8	515.79
1997.64	501.758
1998.47	516.011
1999.3	499.122
2000.13	520.232
2000.96	512.486
2001.79	509.025
2002.63	496.421
2003.46	508.96
2004.29	514.356
2005.12	497.181
2005.95	507.149
2006.78	499.402
2007.61	506.227
2008.44	498.195
2009.27	495.305
2010.09	494.13
2010.92	502.098
2011.75	498.922
2012.58	505.461
2013.41	503.429
2014.24	493.397
2015.06	496.221
2015.89	484.761
2016.72	490.442
2017.54	498.124
2018.37	488.949
2019.2	483.488
2020.02	486.313
2020.85	493.995
2021.68	487.963
2022.5	477.359
2023.33	480.469
2024.15	477.294
2024.98	473.833
2025.8	488.087
2026.62	479.769
2027.45	479.451
2028.27	481.704
2029.1	477.671
2029.92	486.782
2030.74	485.035
2031.56	474.717
2032.39	483.256
2033.21	470.367
2034.03	467.477
2034.85	463.159
2035.68	471.698
2036.5	469.38
2037.32	474.491
2038.14	465.601
2038.96	476.426
2039.78	463.537
2040.6	457.79
2041.42	466.615
2042.24	462.582
2043.06	468.836
2043.88	461.946
2044.7	474.485
2045.52	465.31
2046.34	464.706
2047.16	460.674
2047.97	453.785
2048.79	453.181
2049.61	456.863
2050.43	453.402
2051.24	461.655
2052.06	451.051
2052.88	459.305
2053.69	455.272
2054.51	445.811
2055.33	454.351
2056.14	447.747
2056.96	454
2057.77	457.396
2058.59	444.792
2059.4	452.76
2060.22	459.014
2061.03	457.838
2061.85	436.092
2062.66	453.774
2063.48	442.598
2064.29	439.995
2065.1	454.534
2065.92	449.93
2066.73	439.326
2067.54	454.151
2068.35	430.976
2069.17	444.086
2069.98	439.768
2070.79	445.164
2071.6	451.703
2072.41	436.814
2073.22	436.782
2074.03	448.749
2074.84	439.288
2075.65	435.827
2076.46	440.081
2077.27	439.763
2078.08	442.587
2078.89	445.412
2079.7	428.523
2080.51	433.919
2081.32	435.601
2082.13	437.569
2082.94	428.108
2083.74	425.218
2084.55	422.614
2085.36	429.439
2086.17	423.121
2086.97	435.089
2087.78	424.771
2088.59	421.31
2089.39	417.563
2090.2	420.102
2091.01	430.927
2091.81	434.038
2092.62	419.434
2093.42	414.83
2094.23	427.083
2095.03	418.48
2095.84	401.019
2096.64	422.129
2097.45	416.954
2098.25	401.207
2099.05	412.603
2099.86	410
