150.31	1648.14
151.606	1617.86
152.902	1631.57
154.198	1625.29
155.492	1628.71
156.787	1629.29
158.081	1633
159.376	1611.86
160.669	1639.57
161.962	1634.71
163.256	1639.57
164.548	1620.14
165.841	1635.57
167.133	1629.86
168.424	1633.57
169.715	1654.43
171.006	1631.57
172.297	1646.71
173.587	1636.14
174.877	1651.86
176.166	1647
177.456	1631.57
178.745	1632.14
180.033	1630.14
181.321	1644.43
182.609	1635.29
183.897	1642.14
185.184	1635.29
186.471	1634.43
187.757	1664.43
189.044	1652.43
190.33	1645.29
191.615	1657.86
192.9	1671.86
194.185	1678.71
195.469	1653
196.753	1645
198.037	1640.14
199.321	1620.71
200.604	1595.57
201.887	1594.14
203.17	1578.43
204.451	1585.57
205.733	1569.86
207.014	1580.71
208.296	1587.29
209.576	1572.71
210.856	1583
212.137	1591
213.417	1585.57
214.696	1594.71
215.975	1592.14
217.253	1610.43
218.532	1617
219.81	1613.86
221.088	1629.57
222.365	1653.29
223.642	1667
224.919	1658.14
226.195	1684.43
227.471	1713.29
228.747	1719.82
230.022	1738.07
231.297	1756.03
232.572	1758.28
233.846	1790.81
235.12	1787.06
236.394	1803.88
237.667	1805.84
238.94	1821.8
240.213	1825.2
241.485	1847.73
242.757	1860.26
244.029	1915.08
245.3	1901.05
246.571	1927.01
247.842	1970.68
249.112	2010.93
250.381	2044.32
251.651	2060.86
252.921	2113.11
254.189	2170.78
255.457	2244.75
256.726	2288.99
257.994	2396.1
259.261	2444.92
260.529	2564.88
261.796	2633.13
263.062	2702.23
264.329	2836.77
265.595	2895.87
266.86	2969.26
268.125	3016.08
269.39	3073.19
270.655	3048.29
271.919	2972.83
273.182	2856.79
274.446	2728.18
275.71	2589
276.973	2402.96
278.234	2276.93
279.497	2159.46
280.759	2057.42
282.021	1959.1
283.281	1866.78
284.543	1830.17
285.803	1782.13
287.063	1718.38
288.322	1683.2
289.583	1675.16
290.842	1636.55
292.101	1642.51
293.358	1646.19
294.617	1640.44
295.875	1630.69
297.133	1630.36
298.389	1631.18
299.647	1643.43
300.903	1653.11
302.159	1652.78
303.415	1654.17
304.67	1647.85
305.925	1664.67
307.18	1691.2
308.435	1691.17
309.689	1668.27
310.943	1671.09
312.196	1650.48
313.45	1657.87
314.702	1634.69
315.954	1614.66
317.207	1648.9
318.459	1645.72
319.71	1619.4
320.961	1608.79
322.212	1574.47
323.463	1579
324.712	1534.11
325.962	1504.93
327.211	1489.75
328.461	1466.28
329.71	1416.81
330.958	1405.06
332.207	1407.02
333.454	1392.7
334.702	1391.24
335.949	1369.77
337.196	1378.02
338.442	1376.27
339.688	1360.51
340.933	1363.05
342.179	1373.01
343.424	1357.26
344.67	1340.08
345.914	1369.47
347.158	1347.15
348.402	1356.54
349.645	1360.5
350.888	1355.03
352.131	1381.85
353.373	1362.39
354.616	1369.78
355.857	1364.6
357.099	1373.13
358.34	1381.66
359.58	1341.06
360.821	1364.16
362.061	1353.27
363.301	1363.51
364.54	1350.33
365.78	1347.73
367.019	1366.26
368.257	1355.65
369.495	1346.76
370.733	1371.57
371.97	1352.68
373.208	1378.07
374.444	1370.89
375.681	1364
376.917	1357.39
378.153	1353.92
379.389	1347.88
380.623	1336.42
381.858	1322.09
383.092	1326.34
384.327	1305.73
385.561	1314.84
386.794	1324.23
388.027	1305.05
389.26	1327.3
390.492	1304.97
391.724	1325.22
392.956	1329.18
394.188	1340.86
395.419	1324.54
396.65	1347.64
397.88	1346.18
399.11	1359.28
400.341	1360.96
401.57	1357.78
402.799	1362.6
404.028	1367.42
405.257	1374.52
406.484	1361.06
407.712	1371.02
408.94	1365.27
410.167	1377.23
411.394	1372.05
412.621	1376.87
413.847	1375.12
415.073	1375.65
416.298	1392.76
417.523	1378.72
418.749	1382.68
419.973	1359.21
421.197	1388.89
422.421	1391.14
423.644	1371.1
424.867	1375.64
426.091	1366.46
427.313	1374.7
428.536	1360.09
429.757	1380.06
430.979	1392.02
432.201	1397.7
433.421	1395.37
434.642	1395.91
435.862	1394.16
437.082	1409.26
438.301	1426.65
439.52	1416.61
440.739	1438.29
441.958	1452.25
443.176	1442.22
444.394	1481.04
445.612	1513
446.83	1573.53
448.046	1613.21
449.263	1670.89
450.479	1830.85
451.695	1954.52
452.911	2107.63
454.126	2236.73
455.341	2324.41
456.556	2296.37
457.77	2235.76
458.985	2126.01
460.198	1969.98
461.411	1842.22
462.624	1743.61
463.837	1695.01
465.05	1641.54
466.262	1610.64
467.473	1575.46
468.685	1530.57
469.896	1536.53
471.106	1503.92
472.317	1499.89
473.527	1497.85
474.737	1479.24
475.946	1465.77
477.155	1451.74
478.364	1461.98
479.573	1442.8
480.781	1454.19
481.988	1483.58
483.195	1500.69
484.403	1510.08
485.609	1494.04
486.816	1516.29
488.022	1464.25
489.227	1433.36
490.434	1396.46
491.639	1353.86
492.844	1345.53
494.048	1337.49
495.252	1327.74
496.456	1333.13
497.66	1314.53
498.863	1339.34
500.065	1342.45
501.268	1339.27
502.47	1343.23
503.672	1336.91
504.874	1332.87
506.075	1332.83
507.275	1323.65
508.476	1345.33
509.677	1361.86
510.876	1357.25
512.076	1358.65
513.275	1368.04
514.474	1384.28
515.673	1360.82
516.871	1394.21
518.069	1363.03
519.267	1359.28
520.464	1348.95
521.661	1347.49
522.857	1354.31
524.054	1365.13
525.25	1359.38
526.445	1367.62
527.641	1375.01
528.836	1364.12
530.031	1373.8
531.225	1369.19
532.42	1396.58
533.613	1400.83
534.807	1378.79
536	1424.47
537.192	1412.43
538.384	1445.53
539.576	1472.07
540.768	1491.17
541.96	1478.56
543.151	1538.24
544.342	1561.35
545.532	1615.31
546.723	1609.84
547.912	1685.8
549.102	1755.77
550.291	1838.3
551.479	1919.12
552.668	2024.51
553.856	2151.9
555.045	2288.15
556.232	2366.97
557.419	2401.79
558.606	2352.61
559.793	2281.71
560.979	2189.68
562.165	2078.78
563.35	1940.46
564.536	1867.28
565.721	1790.67
566.906	1732.63
568.09	1636.31
569.274	1612.27
570.457	1591.38
571.64	1580.48
572.824	1565.3
574.007	1580.69
575.189	1591.8
576.37	1602.9
577.552	1668.29
578.734	1749.4
579.915	1862.79
581.096	1918.75
582.276	2002.72
583.456	2004.96
584.636	1956.64
585.816	1887.75
586.995	1836.56
588.173	1761.67
589.352	1690.78
590.53	1644.74
591.708	1607.56
592.886	1563.81
594.063	1552.05
595.239	1542.3
596.416	1518.84
597.592	1522.51
598.768	1471.33
599.944	1457.29
601.119	1443.83
602.294	1435.51
603.469	1437.18
604.643	1423.72
605.817	1431.96
606.99	1425.64
608.163	1397.03
609.336	1406.14
610.509	1410.96
611.682	1390.35
612.853	1394.6
614.026	1359.13
615.197	1395.38
616.368	1378.77
617.539	1363.02
618.709	1369.27
619.879	1377.23
621.049	1349.19
622.218	1357.15
623.388	1357.4
624.557	1362.22
625.725	1360.47
626.893	1346.72
628.061	1367.25
629.229	1372.36
630.396	1356.32
631.563	1337.14
632.729	1334.81
633.895	1337.63
635.062	1345.6
636.227	1340.7
637.392	1325.52
638.557	1340.34
639.722	1342.3
640.886	1347.12
642.05	1352.51
643.214	1359.9
644.377	1336.44
645.54	1316.97
646.703	1337.51
647.865	1346.61
649.027	1338.57
650.189	1341.39
651.35	1330.5
652.511	1323.6
653.672	1333.57
654.833	1336.39
655.993	1342.35
657.153	1340.6
658.312	1361.7
659.472	1351.95
660.631	1358.2
661.789	1334.73
662.947	1347.84
664.105	1349.51
665.262	1350.62
666.42	1352.87
667.576	1351.69
668.734	1344.79
669.89	1340.75
671.046	1343.29
672.201	1342.11
673.357	1350.64
674.512	1338.6
675.667	1336
676.821	1340.24
677.975	1331.06
679.129	1333.88
680.282	1364.13
681.435	1338.95
682.588	1329.48
683.741	1330.88
684.893	1335.7
686.045	1354.8
687.196	1352.19
688.347	1345.3
689.498	1340.12
690.649	1353.51
691.799	1343.18
692.949	1347.43
694.099	1356.25
695.248	1347.64
696.396	1360.46
697.545	1364.14
698.694	1357.82
699.842	1369.21
700.989	1378.03
702.137	1371.13
703.284	1396.24
704.43	1388.77
705.577	1382.16
706.723	1400.12
707.869	1394.37
709.014	1405.19
710.159	1401.73
711.305	1404.26
712.449	1401.94
713.593	1404.18
714.737	1419
715.881	1439.25
717.024	1456.93
718.167	1473.75
719.309	1470.85
720.452	1489.96
721.594	1475.35
722.735	1503.88
723.876	1493.56
725.018	1482.95
726.158	1469.77
727.299	1477.16
728.439	1449.12
729.579	1448.8
730.718	1423.62
731.857	1397.01
732.996	1392.4
734.134	1392.94
735.273	1372.61
736.411	1352.29
737.548	1362.25
738.685	1365.64
739.823	1350.18
740.959	1359.85
742.095	1355.82
743.231	1358.35
744.367	1343.46
745.502	1342.56
746.637	1349.67
747.771	1339.34
748.906	1336.45
750.04	1324.7
751.173	1335.8
752.308	1327.48
753.441	1302.3
754.574	1332.55
755.705	1337.94
756.838	1327.33
757.97	1320.43
759.101	1334.4
760.232	1321.79
761.364	1330.61
762.494	1326
763.624	1327.1
764.754	1330.78
765.883	1333.31
767.013	1351.85
768.143	1336.95
769.271	1328.92
770.399	1342.59
771.527	1337.7
772.655	1336.23
773.782	1346.19
774.909	1341.58
776.036	1342.98
777.162	1326.37
778.289	1358.04
779.415	1350.58
780.54	1361.4
781.666	1355.93
782.791	1351.61
783.915	1339.86
785.039	1359.82
786.163	1349.21
787.287	1350.31
788.411	1357.99
789.533	1363.38
790.656	1367.06
791.778	1353.88
792.9	1382.7
794.022	1372.95
795.144	1366.62
796.265	1364.01
797.386	1370.55
798.506	1366.51
799.626	1360.19
800.746	1361.01
801.866	1388.97
802.985	1383.5
804.104	1393.18
805.223	1398.57
806.341	1398.82
807.459	1393.07
808.577	1402.46
809.694	1405.85
810.811	1420.38
811.928	1424.63
813.044	1429.45
814.16	1441.7
815.277	1443.95
816.392	1434.19
817.507	1441.59
818.622	1474.12
819.737	1471.8
820.851	1473.47
821.964	1454.58
823.078	1468.54
824.192	1485.93
825.304	1493.89
826.417	1529.57
827.53	1547.53
828.642	1558.35
829.754	1572.6
830.865	1603.71
831.976	1609.95
833.087	1626.49
834.197	1655.59
835.308	1679.84
836.417	1698.38
837.527	1718.34
838.636	1728.87
839.745	1772.55
840.854	1802.23
841.962	1814.76
843.07	1858.72
844.177	1870.11
845.284	1924.93
846.392	1940.32
847.499	2018.57
848.605	2047.68
849.711	2082.5
850.817	2109.89
851.922	2108.14
853.028	2106.1
854.132	2106.92
855.237	2068.31
856.341	2102.27
857.445	2125.38
858.549	2181.62
859.653	2249.87
860.755	2371.83
861.858	2510.94
862.96	2669.19
864.062	2943.72
865.164	3288.54
866.266	3731.65
867.367	4320.47
868.468	5033
869.568	5740.11
870.669	6177.5
871.768	6340.03
872.868	6102.56
873.967	5586.53
875.066	4998.49
876.165	4387.6
877.263	3901.27
878.361	3484.09
879.458	3130.05
880.557	2833.73
881.653	2581.69
882.75	2372.23
883.847	2211.05
884.943	2095.01
886.038	1988.4
887.134	1895.5
888.229	1830.32
889.325	1790
890.419	1746.25
891.513	1715.07
892.607	1721.89
893.701	1674.42
894.794	1660.1
895.888	1662.92
896.98	1635.45
898.073	1635.99
899.165	1617.09
900.257	1608.77
901.349	1591.3
902.44	1606.69
903.53	1596.66
904.621	1577.48
905.711	1590.29
906.802	1591.11
907.891	1617.36
908.981	1619.32
910.07	1646.72
911.158	1626.68
912.247	1669.78
913.335	1667.46
914.423	1682.28
915.51	1669.1
916.597	1697.35
917.684	1706.74
918.771	1752.13
919.857	1754.95
920.943	1814.34
922.029	1827.45
923.114	1883.41
924.199	1962.23
925.284	2049.9
926.368	2130.44
927.453	2191.26
928.537	2294.08
929.62	2311.18
930.703	2348.86
931.786	2296.54
932.868	2254.21
933.95	2134.18
935.032	2082.42
936.114	1973.53
937.196	1896.35
938.277	1825.74
939.357	1767.99
940.438	1747.66
941.518	1679.63
942.598	1638.16
943.678	1644.98
944.756	1598.37
945.835	1592.62
946.914	1540.3
947.992	1541.4
949.07	1516.22
950.148	1515.61
951.225	1509.86
952.302	1495.25
953.379	1462.64
954.456	1458.03
955.531	1448.57
956.608	1433.39
957.683	1435.35
958.758	1441.88
959.833	1414.13
960.908	1418.09
961.982	1405.2
963.056	1406.88
964.13	1403.98
965.203	1398.8
966.276	1393.62
967.349	1375.01
968.421	1368.69
969.493	1379.79
970.565	1373.76
971.636	1372.57
972.708	1379.11
973.779	1388.21
974.849	1379.89
975.92	1376.71
976.99	1382.1
978.06	1384.06
979.129	1401.45
980.198	1389.42
981.267	1394.52
982.336	1391.91
983.404	1404.73
984.471	1419.55
985.539	1414.66
986.606	1400.33
987.673	1426.3
988.739	1413.12
989.806	1428.51
990.872	1443.61
991.938	1444.72
993.003	1458.4
994.069	1465.21
995.133	1460.32
996.198	1476.57
997.262	1490.24
998.326	1507.06
999.39	1519.03
1000.45	1547.85
1001.52	1562.95
1002.58	1574.06
1003.64	1570.59
1004.7	1607.12
1005.77	1562.8
1006.83	1556.76
1007.89	1529.01
1008.95	1528.97
1010.01	1504.08
1011.07	1505.18
1012.13	1498.29
1013.19	1475.97
1014.25	1479.36
1015.31	1454.46
1016.37	1477
1017.42	1463.53
1018.48	1456.92
1019.54	1456.03
1020.6	1484.56
1021.65	1461.09
1022.71	1467.63
1023.77	1479.02
1024.82	1488.7
1025.88	1472.09
1026.94	1502.05
1027.99	1496.3
1029.05	1528.55
1030.1	1527.08
1031.16	1534.76
1032.21	1542.15
1033.26	1541.25
1034.32	1596.64
1035.37	1593.75
1036.42	1626.57
1037.48	1659.67
1038.53	1681.35
1039.58	1706.46
1040.63	1757.85
1041.68	1813.81
1042.74	1911.77
1043.79	1988.02
1044.84	2126.84
1045.89	2283.95
1046.94	2511.62
1047.99	2732.16
1049.04	2908.12
1050.09	2986.65
1051.13	2964.04
1052.18	2843.43
1053.23	2573.4
1054.28	2334.5
1055.33	2132.18
1056.37	1966.71
1057.42	1858.1
1058.47	1766.64
1059.51	1690.89
1060.56	1652.28
1061.6	1611.95
1062.65	1597.63
1063.7	1592.74
1064.74	1597.84
1065.78	1616.95
1066.83	1638.62
1067.87	1670.01
1068.92	1689.4
1069.96	1701.37
1071	1690.47
1072.04	1658.43
1073.09	1612.4
1074.13	1564.93
1075.17	1545.18
1076.21	1507.43
1077.25	1503.39
1078.29	1452.78
1079.34	1462.74
1080.38	1449.56
1081.42	1442.38
1082.45	1428.63
1083.49	1439.45
1084.53	1440.56
1085.57	1433.38
1086.61	1455.62
1087.65	1425.59
1088.69	1428.69
1089.72	1398.94
1090.76	1419.47
1091.8	1422.86
1092.84	1423.68
1093.87	1416.5
1094.91	1415.89
1095.94	1413.57
1096.98	1426.39
1098.01	1423.21
1099.05	1439.17
1100.08	1462.56
1101.12	1437.67
1102.15	1484.77
1103.19	1467.31
1104.22	1492.7
1105.25	1513.23
1106.29	1519.48
1107.32	1534.01
1108.35	1551.41
1109.38	1563.37
1110.41	1590.19
1111.44	1615.58
1112.48	1632.11
1113.51	1593.22
1114.54	1616.61
1115.57	1625.71
1116.6	1615.68
1117.63	1629.35
1118.65	1633.32
1119.68	1667.56
1120.71	1702.1
1121.74	1740.63
1122.77	1792.31
1123.8	1772.84
1124.82	1792.8
1125.85	1795.62
1126.88	1750.16
1127.9	1698.98
1128.93	1682.08
1129.96	1639.19
1130.98	1576.86
1132.01	1584.26
1133.03	1553.36
1134.06	1513.04
1135.08	1496.43
1136.11	1484.68
1137.13	1449.78
1138.15	1442.03
1139.18	1445.71
1140.2	1435.1
1141.22	1446.49
1142.24	1428.45
1143.27	1443.27
1144.29	1431.23
1145.31	1432.05
1146.33	1441.73
1147.35	1429.69
1148.37	1452.51
1149.39	1410.76
1150.41	1442.72
1151.43	1440.69
1152.45	1419.5
1153.47	1424.61
1154.49	1433.43
1155.51	1411.96
1156.53	1402.21
1157.54	1405.03
1158.56	1410.14
1159.58	1406.67
1160.59	1416.35
1161.61	1377.45
1162.63	1402.27
1163.64	1390.81
1164.66	1375.63
1165.68	1395.02
1166.69	1388.41
1167.71	1372.94
1168.72	1366.62
1169.73	1360.87
1170.75	1350.54
1171.76	1351.93
1172.78	1344.47
1173.79	1334.14
1174.8	1343.82
1175.81	1343.5
1176.83	1348.89
1177.84	1349.14
1178.85	1359.1
1179.86	1345.06
1180.87	1351.31
1181.88	1360.7
1182.89	1355.52
1183.9	1373.48
1184.91	1348.87
1185.92	1361.41
1186.93	1342.51
1187.94	1365.9
1188.95	1368.44
1189.96	1393.83
1190.97	1388.36
1191.97	1395.75
1192.98	1391.43
1193.99	1416.25
1195	1421.64
1196	1399.89
1197.01	1439.85
1198.01	1449.81
1199.02	1448.06
1200.03	1459.74
1201.03	1497.99
1202.04	1484.52
1203.04	1486.77
1204.04	1511.87
1205.05	1507.55
1206.05	1513.8
1207.06	1480.62
1208.06	1483.44
1209.06	1470.83
1210.06	1447.08
1211.07	1463.04
1212.07	1437.86
1213.07	1434.11
1214.07	1408.93
1215.07	1402.32
1216.07	1382
1217.07	1396.81
1218.07	1385.63
1219.07	1382.17
1220.07	1384.99
1221.07	1393.24
1222.07	1406.91
1223.07	1419.45
1224.07	1415.69
1225.07	1409.09
1226.06	1405.33
1227.06	1410.44
1228.06	1430.12
1229.06	1448.36
1230.05	1457.76
1231.05	1462.29
1232.04	1491.11
1233.04	1509.07
1234.04	1526.75
1235.03	1532.71
1236.03	1535.24
1237.02	1558.7
1238.01	1553.02
1239.01	1559.18
1240	1573.05
1241	1588.47
1241.99	1585.97
1242.98	1586.4
1243.97	1591.65
1244.97	1585.51
1245.96	1562.08
1246.95	1547.7
1247.94	1527.05
1248.93	1520.81
1249.92	1486.18
1250.91	1480.2
1251.9	1488.01
1252.89	1461.05
1253.88	1466.03
1254.87	1455.72
1255.86	1438.28
1256.85	1456.48
1257.84	1431.16
1258.83	1448.08
1259.81	1441.13
1260.8	1446.48
1261.79	1449.19
1262.78	1454.74
1263.76	1472.44
1264.75	1493.7
1265.73	1513.14
1266.72	1535.56
1267.71	1542.06
1268.69	1550.68
1269.68	1579.04
1270.66	1570.95
1271.65	1557.25
1272.63	1561.35
1273.61	1569.75
1274.6	1561.07
1275.58	1551.12
1276.56	1557.79
1277.55	1554.39
1278.53	1569.81
1279.51	1581.14
1280.49	1600.84
1281.47	1631.32
1282.45	1669.95
1283.43	1725.65
1284.42	1788.45
1285.4	1833.22
1286.38	1856.37
1287.35	1874.94
1288.33	1883.18
1289.06	1867.25
1290.08	1851.14
1291.1	1826.17
1292.12	1800.63
1293.14	1737.95
1294.16	1692.98
1295.17	1633.44
1296.19	1617.9
1297.21	1574.93
1298.23	1559.67
1299.25	1522.42
1300.27	1513.45
1301.28	1494.19
1302.3	1466.65
1303.32	1463.4
1304.33	1439.86
1305.35	1445.46
1306.37	1422.78
1307.38	1421.52
1308.4	1396.27
1309.41	1369.3
1310.43	1375.47
1311.44	1373.36
1312.46	1377.25
1313.47	1356.56
1314.49	1342.74
1315.5	1352.34
1316.51	1335.09
1317.53	1314.12
1318.54	1322
1319.55	1302.18
1320.57	1300.35
1321.58	1305.1
1322.59	1290.41
1323.6	1306.87
1324.61	1284.47
1325.63	1264.65
1326.64	1278.25
1327.65	1280.42
1328.66	1270.03
1329.67	1266.77
1330.68	1258.09
1331.69	1239.12
1332.7	1239.01
1333.71	1269.75
1334.72	1248.78
1335.72	1243.81
1336.73	1262.84
1337.74	1272.16
1338.75	1251.19
1339.76	1242.51
1340.76	1249.25
1341.77	1238.28
1342.78	1236.46
1343.79	1242.06
1344.79	1234.23
1345.8	1248.69
1346.8	1247.15
1347.81	1235.04
1348.82	1224.36
1349.82	1249.96
1350.83	1247.56
1351.83	1231.45
1352.84	1238.2
1353.84	1223.23
1354.84	1231.97
1355.85	1243.29
1356.85	1221.46
1357.85	1235.06
1358.86	1248.09
1359.86	1223.13
1360.86	1240.44
1361.86	1237.76
1362.87	1246.5
1363.87	1252.11
1364.87	1256.28
1365.87	1271.6
1366.87	1265.77
1367.87	1262.23
1368.87	1254.4
1369.87	1246.58
1370.87	1281.89
1371.87	1257.5
1372.87	1265.38
1373.87	1274.13
1374.87	1258.02
1375.87	1260.76
1376.87	1264.65
1377.86	1259.11
1378.86	1255
1379.86	1251.46
1380.86	1258.2
1381.85	1263.52
1382.85	1261.12
1383.85	1241.01
1384.84	1244.9
1385.84	1235.07
1386.84	1262.39
1387.83	1252.56
1388.83	1240.73
1389.82	1237.77
1390.82	1241.37
1391.81	1233.26
1392.81	1228.86
1393.8	1227.6
1394.79	1260.06
1395.79	1261.38
1396.78	1274.12
1397.77	1280.01
1398.77	1262.19
1399.76	1277.22
1400.75	1274.82
1401.74	1294.14
1402.74	1317.74
1403.73	1322.77
1404.72	1318.66
1405.71	1313.97
1406.7	1307.86
1407.69	1301.46
1408.68	1295.92
1409.67	1290.38
1410.66	1292.84
1411.65	1290.16
1412.64	1273.76
1413.63	1292.51
1414.62	1303.82
1415.61	1302.85
1416.59	1287.03
1417.58	1308.34
1418.57	1301.66
1419.56	1301.83
1420.55	1310.86
1421.53	1293.32
1422.52	1313.78
1423.51	1315.39
1424.49	1317.56
1425.48	1312.3
1426.46	1331.62
1427.45	1353.51
1428.43	1356.25
1429.42	1367.86
1430.4	1402.89
1431.39	1388.49
1432.37	1416.38
1433.36	1445.41
1434.34	1440.44
1435.32	1452.61
1436.31	1459.64
1437.29	1470.96
1438.27	1496.85
1439.26	1468.45
1440.24	1460.91
1441.22	1453.65
1442.2	1452.69
1443.18	1445.72
1444.16	1453.32
1445.14	1434.64
1446.12	1507.95
1447.11	1521.55
1448.09	1588.01
1449.07	1668.76
1450.05	1781.79
1451.02	1866.82
1452	1916.71
1452.98	1931.17
1453.96	1895.63
1454.94	1842.09
1455.92	1796.26
1456.9	1732.43
1457.87	1689.75
1458.85	1649.64
1459.83	1614.1
1460.81	1562.56
1461.78	1557.02
1462.76	1499.48
1463.73	1482.22
1464.71	1452.11
1465.69	1427.14
1466.66	1408.74
1467.64	1394.92
1468.61	1373.95
1469.59	1352.41
1470.56	1348.29
1471.54	1335.61
1472.51	1300.64
1473.48	1285.96
1474.46	1285.56
1475.43	1269.73
1476.4	1259.62
1477.37	1242.94
1478.35	1224.26
1479.32	1226.71
1480.29	1208.89
1481.26	1182.21
1482.23	1195.24
1483.21	1185.7
1484.18	1176.73
1485.15	1163.47
1486.12	1150.22
1487.09	1149.25
1488.06	1143.99
1489.03	1151.02
1490	1138.34
1490.97	1138.8
1491.93	1151.26
1492.9	1146
1493.87	1144.18
1494.84	1129.49
1495.81	1133.1
1496.77	1139.84
1497.74	1141.44
1498.71	1120.19
1499.68	1113.79
1500.64	1113.96
1501.61	1103.57
1502.58	1104.88
1503.54	1109.63
1504.51	1093.52
1505.47	1103.98
1506.44	1117.58
1507.4	1099.75
1508.37	1091.64
1509.33	1107.81
1510.3	1092.27
1511.26	1097.88
1512.22	1101.48
1513.19	1101.94
1514.15	1121.25
1515.11	1090
1516.08	1116.17
1517.04	1090.63
1518	1099.09
1518.96	1102.41
1519.92	1114.01
1520.88	1079.9
1521.85	1086.64
1522.81	1073.39
1523.77	1091.85
1524.73	1081.16
1525.69	1086.48
1526.65	1094.65
1527.61	1073.69
1528.57	1081.57
1529.53	1067.75
1530.48	1078.78
1531.44	1088.95
1532.4	1087.98
1533.36	1075.01
1534.32	1085.76
1535.28	1083.36
1536.23	1086.39
1537.19	1065.71
1538.15	1063.02
1539.1	1077.2
1540.06	1065.66
1541.02	1070.12
1541.97	1077.15
1542.93	1064.75
1543.88	1062.64
1544.84	1075.38
1545.79	1058.7
1546.75	1074.59
1547.7	1066.76
1548.66	1076.94
1549.61	1067.39
1550.56	1082.14
1551.52	1055.17
1552.47	1070.77
1553.42	1082.38
1554.38	1058.55
1555.33	1049.29
1556.28	1051.18
1557.23	1080.5
1558.18	1074.1
1559.14	1061.99
1560.09	1058.73
1561.04	1070.05
1561.99	1041.37
1562.94	1060.11
1563.89	1066.57
1564.84	1030.17
1565.79	1077.49
1566.74	1038.81
1567.69	1048.41
1568.64	1059.15
1569.59	1043.04
1570.53	1055.5
1571.48	1043.68
1572.43	1039.56
1573.38	1052.02
1574.33	1047.63
1575.27	1053.51
1576.22	1048.26
1577.17	1052.72
1578.11	1055.18
1579.06	1039.64
1580	1048.67
1580.95	1054.84
1581.9	1025.02
1582.84	1028.9
1583.79	1019.08
1584.73	1036.39
1585.67	1059.71
1586.62	1015.88
1587.56	1026.91
1588.51	1017.09
1589.45	1019.26
1590.39	1004.29
1591.34	1019.04
1592.28	1021.21
1593.22	1027.1
1594.16	1015.56
1595.11	1004.59
1596.05	1020.19
1596.99	1003.22
1597.93	999.682
1598.87	1014.43
1599.81	1006.03
1600.75	1014.2
1601.69	1007.52
1602.63	999.979
1603.57	1002.15
1604.51	1015.47
1605.45	1003.07
1606.39	992.96
1607.33	1005.42
1608.27	1000.45
1609.21	1023.48
1610.14	1019.37
1611.08	1022.4
1612.02	1014
1612.96	1017.03
1613.89	1016.06
1614.83	997.952
1615.77	990.411
1616.7	1002.58
1617.64	993.33
1618.58	983.504
1619.51	990.534
1620.45	981.851
1621.38	984.31
1622.32	963.056
1623.25	968.086
1624.19	965.974
1625.12	949.005
1626.05	973.465
1626.99	957.638
1627.92	961.812
1628.85	947.129
1629.79	975.302
1630.72	960.619
1631.65	965.65
1632.58	955.538
1633.52	964.569
1634.45	979.314
1635.38	969.487
1636.31	966.518
1637.24	974.692
1638.17	985.437
1639.1	975.325
1640.03	968.07
1640.96	970.244
1641.89	982.132
1642.82	968.02
1643.75	962.479
1644.68	962.939
1645.61	943.684
1646.54	964.715
1647.46	942.317
1648.39	945.633
1649.32	950.379
1650.25	943.981
1651.17	941.583
1652.1	930.9
1653.03	918.502
1653.95	925.247
1654.88	923.992
1655.81	923.023
1656.73	908.34
1657.66	903.942
1658.58	930.687
1659.51	914.004
1660.43	913.606
1661.36	912.922
1662.28	920.525
1663.21	904.127
1664.13	921.158
1665.05	928.474
1665.98	904.648
1666.9	899.393
1667.82	894.138
1668.74	921.169
1669.67	896.771
1670.59	905.516
1671.51	913.404
1672.43	893.578
1673.35	903.752
1674.27	896.211
1675.19	896.385
1676.12	896.559
1677.04	898.447
1677.96	892.335
1678.88	897.08
1679.79	877.539
1680.71	872.284
1681.63	895.315
1682.55	893.203
1683.47	869.948
1684.39	886.693
1685.31	883.153
1686.23	895.612
1687.14	898.929
1688.06	889.103
1688.98	892.133
1689.89	888.878
1690.81	882.195
1691.73	890.083
1692.64	858.828
1693.56	889.288
1694.48	887.461
1695.39	875.349
1696.31	882.666
1697.22	876.268
1698.14	864.728
1699.05	880.615
1699.96	876.503
1700.88	865.249
1701.79	858.279
1702.7	871.882
1703.62	875.77
1704.53	861.658
1705.44	853.546
1706.36	876.291
1707.27	853.322
1708.18	870.352
1709.09	868.24
1710	852.7
1710.92	864.016
1711.83	861.904
1712.74	853.792
1713.65	860.252
1714.56	871.283
1715.47	881.171
1716.38	867.059
1717.29	877.518
1718.2	878.263
1719.11	874.151
1720.01	854.611
1720.92	896.213
1721.83	890.958
1722.74	884.846
1723.65	892.448
1724.56	922.622
1725.46	912.224
1726.37	921.826
1727.28	948
1728.18	939.317
1729.09	980.062
1730	1015.95
1730.9	1036.12
1731.81	1089.15
1732.71	1117.61
1733.62	1136.36
1734.52	1162.25
1735.43	1145.28
1736.33	1120.59
1737.24	1110.48
1738.14	1079.51
1739.04	1063.12
1739.95	1065.29
1740.85	1048.89
1741.75	1046.49
1742.66	1066.1
1743.56	1047.41
1744.46	1048.16
1745.36	1046.62
1746.26	1033.08
1747.17	1027.25
1748.07	1020.85
1748.97	1005.6
1749.87	1003.2
1750.77	994.516
1751.67	976.69
1752.57	977.435
1753.47	963.323
1754.37	954.354
1755.27	945.671
1756.17	923.273
1757.07	909.732
1757.97	924.192
1758.86	904.651
1759.76	887.968
1760.66	898.427
1761.56	883.172
1762.45	871.632
1763.35	866.663
1764.25	848.55
1765.15	853.581
1766.04	835.184
1766.94	816.786
1767.83	831.531
1768.73	816.276
1769.63	805.878
1770.52	800.623
1771.42	798.226
1772.31	794.399
1773.2	790.287
1774.1	789.89
1774.99	775.778
1775.89	770.237
1776.78	753.839
1777.67	777.727
1778.57	755.615
1779.46	764.932
1780.35	758.534
1781.24	759.565
1782.14	755.167
1783.03	738.77
1783.92	761.229
1784.81	762.831
1785.7	756.434
1786.59	755.75
1787.48	743.067
1788.37	752.383
1789.26	747.128
1790.15	728.445
1791.04	741.761
1791.93	745.364
1792.82	742.395
1793.71	731.997
1794.6	716.456
1795.49	745.201
1796.38	737.089
1797.26	727.834
1798.15	721.151
1799.04	733.325
1799.93	730.927
1800.81	732.244
1801.7	725.846
1802.59	731.448
1803.47	722.765
1804.36	723.51
1805.24	739.112
1806.13	730.714
1807.02	729.745
1807.9	719.347
1808.79	711.521
1809.67	711.409
1810.55	721.583
1811.44	713.757
1812.32	711.073
1813.21	717.818
1814.09	703.706
1814.97	705.023
1815.86	692.625
1816.74	705.084
1817.62	713.258
1818.5	686.86
1819.38	695.32
1820.27	700.636
1821.15	699.667
1822.03	705.555
1822.91	689.729
1823.79	694.76
1824.67	678.076
1825.55	682.25
1826.43	692.424
1827.31	692.597
1828.19	680.2
1829.07	675.516
1829.95	683.404
1830.83	683.292
1831.71	681.752
1832.58	680.211
1833.46	678.67
1834.34	685.13
1835.22	668.732
1836.1	672.049
1836.97	666.508
1837.85	651.539
1838.73	658.856
1839.6	673.315
1840.48	665.774
1841.35	664.519
1842.23	660.693
1843.11	667.724
1843.98	659.041
1844.86	653.5
1845.73	647.674
1846.6	668.133
1847.48	651.45
1848.35	652.481
1849.23	647.511
1850.1	651.399
1850.97	655.573
1851.85	647.747
1852.72	647.635
1853.59	654.38
1854.46	627.411
1855.34	629.584
1856.21	617.758
1857.08	628.789
1857.95	636.677
1858.82	639.422
1859.69	641.881
1860.56	626.341
1861.43	637.657
1862.3	633.831
1863.17	639.148
1864.04	627.321
1864.91	641.781
1865.78	617.383
1866.65	633.271
1867.52	623.445
1868.39	609.904
1869.26	618.649
1870.13	621.966
1870.99	609.282
1871.86	615.742
1872.73	611.63
1873.59	622.375
1874.46	612.834
1875.33	610.151
1876.19	610.61
1877.06	606.784
1877.93	627.529
1878.79	622.274
1879.66	616.162
1880.52	612.336
1881.39	605.081
1882.25	611.826
1883.12	600.286
1883.98	612.174
1884.84	603.205
1885.71	598.235
1886.57	610.123
1887.43	599.44
1888.3	597.614
1889.16	593.787
1890.02	613.39
1890.89	602.135
1891.75	609.451
1892.61	590.768
1893.47	589.513
1894.33	585.972
1895.19	591.003
1896.05	584.605
1896.91	593.922
1897.78	598.381
1898.64	588.841
1899.5	579.3
1900.35	582.617
1901.21	575.076
1902.07	579.536
1902.93	592.566
1903.79	577.883
1904.65	580.057
1905.51	570.802
1906.37	578.118
1907.22	576.292
1908.08	572.752
1908.94	573.497
1909.8	580.528
1910.65	579.273
1911.51	571.732
1912.36	561.334
1913.22	566.079
1914.08	570.539
1914.93	568.998
1915.79	562.315
1916.64	566.774
1917.5	570.091
1918.35	565.407
1919.21	557.295
1920.06	546.612
1920.92	564.214
1921.77	535.245
1922.62	555.704
1923.48	556.735
1924.33	543.766
1925.18	540.511
1926.03	545.828
1926.89	540.573
1927.74	558.461
1928.59	540.92
1929.44	545.665
1930.29	531.553
1931.14	548.87
1932	538.472
1932.85	530.646
1933.7	552.534
1934.55	540.136
1935.4	526.024
1936.25	534.769
1937.1	530.372
1937.94	529.402
1938.79	542.719
1939.64	530.036
1940.49	539.924
1941.34	524.954
1942.19	519.7
1943.04	527.873
1943.88	528.333
1944.73	524.792
1945.58	524.394
1946.42	512.282
1947.27	526.456
1948.12	522.63
1948.96	518.518
1949.81	510.977
1950.65	517.437
1951.5	519.039
1952.34	515.498
1953.19	504.243
1954.03	520.131
1954.88	512.876
1955.72	521.336
1956.57	497.224
1957.41	505.683
1958.25	498.714
1959.1	501.459
1959.94	504.204
1960.78	500.092
1961.63	504.552
1962.47	493.297
1963.31	502.042
1964.15	489.644
1964.99	494.961
1965.84	508.277
1966.68	500.737
1967.52	496.053
1968.36	495.37
1969.2	495.258
1970.04	490.289
1970.88	490.177
1971.72	486.636
1972.56	485.381
1973.4	484.126
1974.24	488.586
1975.08	486.76
1975.91	488.076
1976.75	484.536
1977.59	484.138
1978.43	488.883
1979.27	471.628
1980.1	488.087
1980.94	477.404
1981.78	486.435
1982.62	485.18
1983.45	478.782
1984.29	469.813
1985.12	465.701
1985.96	468.446
1986.79	465.477
1987.63	469.936
1988.46	462.682
1989.3	469.427
1990.13	466.172
1990.97	463.774
1991.8	467.376
1992.64	464.979
1993.47	473.152
1994.3	477.04
1995.14	460.357
1995.97	467.388
1996.8	462.419
1997.64	456.592
1998.47	463.052
1999.3	445.797
2000.13	445.685
2000.96	461.859
2001.79	453.461
2002.63	450.777
2003.46	468.665
2004.29	454.839
2005.12	442.441
2005.95	454.044
2006.78	458.217
2007.61	445.82
2008.44	431.708
2009.27	453.881
2010.09	437.198
2010.92	455.372
2011.75	447.831
2012.58	428.862
2013.41	438.464
2014.24	437.209
2015.06	428.24
2015.89	437.842
2016.72	438.302
2017.54	431.333
2018.37	425.506
2019.2	424.537
2020.02	424.139
2020.85	426.884
2021.68	427.058
2022.5	421.803
2023.33	428.263
2024.15	423.579
2024.98	414.896
2025.8	429.355
2026.62	417.815
2027.45	428.846
2028.27	416.162
2029.1	407.479
2029.92	421.938
2030.74	412.112
2031.56	424.285
2032.39	424.745
2033.21	413.204
2034.03	415.664
2034.85	416.695
2035.68	411.154
2036.5	410.185
2037.32	407.501
2038.14	395.675
2038.96	408.42
2039.78	405.451
2040.6	410.196
2041.42	405.798
2042.24	412.544
2043.06	415.574
2043.88	398.891
2044.7	400.493
2045.52	396.953
2046.34	394.841
2047.16	401.014
2047.97	396.331
2048.79	400.79
2049.61	394.678
2050.43	395.995
2051.24	385.883
2052.06	385.771
2052.88	387.945
2053.69	381.547
2054.51	397.435
2055.33	388.751
2056.14	393.782
2056.96	387.384
2057.77	392.987
2058.59	388.875
2059.4	379.048
2060.22	371.794
2061.03	379.967
2061.85	373.855
2062.66	376.029
2063.48	387.06
2064.29	383.233
2065.1	381.979
2065.92	385.867
2066.73	386.897
2067.54	370.214
2068.35	377.53
2069.17	381.99
2069.98	374.449
2070.79	386.623
2071.6	381.082
2072.41	384.399
2073.22	372.287
2074.03	360.461
2074.84	374.349
2075.65	379.951
2076.46	367.839
2077.27	371.441
2078.08	363.615
2078.89	371.217
2079.7	371.962
2080.51	364.422
2081.32	372.024
2082.13	369.912
2082.94	369.229
2083.74	366.545
2084.55	358.147
2085.36	355.75
2086.17	357.066
2086.97	359.526
2087.78	361.985
2088.59	365.016
2089.39	365.761
2090.2	355.649
2091.01	350.394
2091.81	347.996
2092.62	354.741
2093.42	350.058
2094.23	357.375
2095.03	357.834
2095.84	349.436
2096.64	336.467
2097.45	344.927
2098.25	347.957
2099.05	349.274
2099.86	346.876
