150.31	4910.71
151.606	4981.86
152.902	5023
154.198	5076.14
155.492	5027.86
156.787	5032.14
158.081	4983
159.376	4923
160.669	4848.71
161.962	4838.71
163.256	4841.29
164.548	4806.14
165.841	4842.71
167.133	4824.71
168.424	4825.57
169.715	4836.43
171.006	4844.71
172.297	4841.29
173.587	4856.43
174.877	4835
176.166	4858.71
177.456	4849.29
178.745	4841.29
180.033	4873.57
181.321	4841.29
182.609	4848.14
183.897	4845.29
185.184	4855.86
186.471	4846.43
187.757	4846.43
189.044	4881.57
190.33	4831.86
191.615	4900.43
192.9	4869.86
194.185	4863.86
195.469	4837.29
196.753	4864.14
198.037	4841.29
199.321	4858.14
200.604	4841
201.887	4863.29
203.17	4868.71
204.451	4836.71
205.733	4826.43
207.014	4879.86
208.296	4883.86
209.576	4878.71
210.856	4891.57
212.137	4918.14
213.417	4962.14
214.696	4913.29
215.975	4941
217.253	4964.71
218.532	4973.29
219.81	4962.71
221.088	4965.57
222.365	5013
223.642	5016.71
224.919	5042.43
226.195	5059.57
227.471	5157
228.747	5255.41
230.022	5325.82
231.297	5350.8
232.572	5389.78
233.846	5450.47
235.12	5339.46
236.394	5323.58
237.667	5229.7
238.94	5221.25
240.213	5209.09
241.485	5201.5
242.757	5218.2
244.029	5225.75
245.3	5269.3
246.571	5288.28
247.842	5332.98
249.112	5368.24
250.381	5406.65
251.651	5434.49
252.921	5447.18
254.189	5443.02
255.457	5448
256.726	5462.7
257.994	5529.96
259.261	5518.09
260.529	5575.64
261.796	5604.62
263.062	5694.17
264.329	5704.87
265.595	5762.42
266.86	5810.54
268.125	5772.09
269.39	5832.5
270.655	5822.91
271.919	5736.46
273.182	5643.16
274.446	5617.57
275.71	5519.98
276.973	5416.67
278.234	5363.08
279.497	5299.78
280.759	5250.76
282.021	5208.02
283.281	5173.86
284.543	5133.13
285.803	5106.68
287.063	5074.8
288.322	5092.07
289.583	5090.77
290.842	5071.17
292.101	5089.01
293.358	5088.85
294.617	5039.26
295.875	5081.1
297.133	5112.65
298.389	5119.34
299.647	5139.18
300.903	5081.59
302.159	5110
303.415	5129.55
304.67	5173.39
305.925	5137.8
307.18	5148.49
308.435	5159.76
309.689	5171.6
310.943	5171.44
312.196	5195.56
313.45	5151.4
314.702	5180.38
315.954	5185.36
317.207	5184.91
318.459	5186.46
319.71	5167.16
320.961	5247
322.212	5259.98
323.463	5300.1
324.712	5231.94
325.962	5208.63
327.211	5160.47
328.461	5048.02
329.71	5031
330.958	4988.56
332.207	5006.11
333.454	5015.09
334.702	4992.92
335.949	5012.19
337.196	5019.74
338.442	4984.44
339.688	5006.85
340.933	5004.97
342.179	5049.38
343.424	5024.36
344.67	4995.91
345.914	5056.89
347.158	5055.87
348.402	5090.57
349.645	5088.12
350.888	5115.96
352.131	5174.37
353.373	5241.35
354.616	5215.76
355.857	5195.02
357.099	5181.43
358.34	5102.7
359.58	5158.82
360.821	5133.8
362.061	5121.36
363.301	5143.19
364.54	5153.6
365.78	5144.87
367.019	5207.56
368.257	5247.4
369.495	5309.81
370.733	5396.51
371.97	5464.92
373.208	5492.47
374.444	5409.45
375.681	5361.86
376.917	5238.27
378.153	5211.82
379.389	5116.51
380.623	5135.78
381.858	5076.48
383.092	5130.88
384.327	5062.72
385.561	5067.7
386.794	5090.97
388.027	5080.24
389.26	5100.07
390.492	5137.62
391.724	5098.32
392.956	5127.02
394.188	5113.71
395.419	5159.83
396.65	5181.96
397.88	5215.79
399.11	5243.06
400.341	5243.18
401.57	5299.88
402.799	5277.15
404.028	5283.27
405.257	5327.39
406.484	5421.8
407.712	5468.78
408.94	5529.48
410.167	5533.32
411.394	5500.01
412.621	5438.99
413.847	5377.11
415.073	5292.1
416.298	5285.08
417.523	5314.91
418.749	5314.75
419.973	5291.16
421.197	5273
422.421	5278.84
423.644	5314.96
424.867	5300.8
426.091	5313.21
427.313	5322.19
428.536	5335.74
429.757	5345.58
430.979	5331.13
432.201	5311.25
433.421	5339.95
434.642	5306.93
435.862	5334.48
437.082	5296.32
438.301	5335.3
439.52	5320.28
440.739	5324.97
441.958	5350.53
443.176	5298.94
444.394	5335.34
445.612	5393.75
446.83	5408.16
448.046	5401.71
449.263	5530.98
450.479	5591.68
451.695	5660.37
452.911	5751.64
454.126	5800.9
455.341	5889.03
456.556	5892.86
457.77	5858.13
458.985	5781.11
460.198	5706.66
461.411	5590.22
462.624	5592.63
463.837	5526.18
465.05	5504.87
466.262	5476.42
467.473	5505.12
468.685	5453.81
469.896	5468.22
471.106	5454.92
472.317	5449.04
473.527	5486.88
474.737	5427
475.946	5480.56
477.155	5444.39
478.364	5533.37
479.573	5668.93
480.781	5811.05
481.988	6015.46
483.195	6248.15
484.403	6291.42
485.609	6188.11
486.816	5929.67
488.022	5742.36
489.227	5574.49
490.434	5516.61
491.639	5445.59
492.844	5420.57
494.048	5408.98
495.252	5393.39
496.456	5409.51
497.66	5429.64
498.863	5415.19
500.065	5414.74
501.268	5400.58
502.47	5391.56
503.672	5354.82
504.874	5331.81
506.075	5323.64
507.275	5380.05
508.476	5380.46
509.677	5476.01
510.876	5540.42
512.076	5584.83
513.275	5600.67
514.474	5543.65
515.673	5500.34
516.871	5439.04
518.069	5422.59
519.267	5383.57
520.464	5405.13
521.661	5357.82
522.857	5414.23
524.054	5393.21
525.25	5416.76
526.445	5402.6
527.641	5409.29
528.836	5453.13
530.031	5422.4
531.225	5420.81
532.42	5439.22
533.613	5422.2
534.807	5461.46
536	5460.44
537.192	5478.57
538.384	5504.12
539.576	5473.67
540.768	5490.94
541.96	5524.78
543.151	5531.47
544.342	5573.31
545.532	5584.86
546.723	5590.98
547.912	5601.11
549.102	5687.52
550.291	5682.21
551.479	5759.19
552.668	5826.75
553.856	5910.3
555.045	6002.99
556.232	6002.54
557.419	5996.67
558.606	6002.79
559.793	5994.34
560.979	5885.32
562.165	5841.16
563.35	5831.86
564.536	5777.41
565.721	5740.96
566.906	5726.51
568.09	5738.06
569.274	5682.76
570.457	5663.45
571.64	5627.58
572.824	5700.27
574.007	5647.54
575.189	5678.23
576.37	5694.36
577.552	5708.48
578.734	5783.75
579.915	5819.3
581.096	5872.85
582.276	5883.26
583.456	5917.38
584.636	5904.36
585.816	5836.77
586.995	5827.75
588.173	5795.59
589.352	5788.29
590.53	5750.98
591.708	5720.82
592.886	5702.09
594.063	5657.07
595.239	5695.19
596.416	5686.74
597.592	5676.58
598.768	5685.85
599.944	5689.97
601.119	5675.81
602.294	5679.07
603.469	5640.91
604.643	5650.18
605.817	5655.16
606.99	5631.57
608.163	5607.98
609.336	5605.53
610.509	5624.8
611.682	5612.92
612.853	5615.04
614.026	5586.88
615.197	5618.72
616.368	5575.41
617.539	5611.82
618.709	5617.95
619.879	5627.21
621.049	5646.19
622.218	5632.89
623.388	5641.87
624.557	5635.71
625.725	5656.12
626.893	5663.67
628.061	5649.79
629.229	5645.63
630.396	5607.75
631.563	5575.59
632.729	5566
633.895	5554.12
635.062	5561.67
636.227	5582.37
637.392	5568.78
638.557	5638.62
639.722	5688.17
640.886	5745.15
642.05	5722.13
643.214	5680.25
644.377	5697.81
645.54	5662.5
646.703	5616.34
647.865	5597.32
649.027	5607.16
650.189	5615.85
651.35	5579.69
652.511	5588.67
653.672	5589.94
654.833	5652.63
655.993	5621.04
657.153	5637.45
658.312	5610.72
659.472	5679.41
660.631	5674.68
661.789	5646.51
662.947	5670.64
664.105	5647.62
665.262	5648.6
666.42	5698.44
667.576	5651.99
668.734	5639.54
669.89	5646.81
671.046	5605.5
672.201	5637.91
673.357	5606.32
674.512	5602.16
675.667	5592.28
676.821	5571.83
677.975	5630.53
679.129	5572.08
680.282	5607.92
681.435	5593.47
682.588	5541.02
683.741	5621.15
684.893	5632.98
686.045	5588.25
687.196	5576.95
688.347	5614.21
689.498	5596.34
690.649	5651.89
691.799	5640.3
692.949	5645.28
694.099	5676.83
695.248	5661.52
696.396	5716.51
697.545	5727.77
698.694	5701.9
699.842	5725.45
700.989	5723.86
702.137	5757.41
703.284	5757.82
704.43	5746.51
705.577	5727.49
706.723	5737.04
707.869	5756.03
709.014	5796.72
710.159	5778.56
711.305	5794.11
712.449	5810.81
713.593	5775.5
714.737	5777.05
715.881	5774.32
717.024	5772.16
718.167	5820.85
719.309	5763.83
720.452	5778.24
721.594	5792.65
722.735	5773.35
723.876	5773.75
725.018	5763.59
726.158	5786.86
727.299	5792.41
728.439	5733.68
729.579	5708.66
730.718	5747.07
731.857	5708.62
732.996	5705.6
734.134	5679.15
735.273	5658.13
736.411	5668.26
737.548	5632.95
738.685	5649.65
739.823	5614.63
740.959	5640.46
742.095	5653.73
743.231	5637.28
744.367	5570.26
745.502	5613.82
746.637	5628.8
747.771	5618.92
748.906	5636.47
750.04	5628.02
751.173	5593
752.308	5614.84
753.441	5618.39
754.574	5607.38
755.705	5596.93
756.838	5598.48
757.97	5616.32
759.101	5611.58
760.232	5607.42
761.364	5606.4
762.494	5596.81
763.624	5654.93
764.754	5661.34
765.883	5640.04
767.013	5627.3
768.143	5646.57
769.271	5643.27
770.399	5677.67
771.527	5653.8
772.655	5633.64
773.782	5644.9
774.909	5658.45
776.036	5708.86
777.162	5681.27
778.289	5674.25
779.415	5718.66
780.54	5735.36
781.666	5720.91
782.791	5732.46
783.915	5741.44
785.039	5758.14
786.163	5713.98
787.287	5746.96
788.411	5757.94
789.533	5734.06
790.656	5757.33
791.778	5711.16
792.9	5719.86
794.022	5749.98
795.144	5740.96
796.265	5743.09
797.386	5732.35
798.506	5714.76
799.626	5730.89
800.746	5727.01
801.866	5715.99
802.985	5722.68
804.104	5758.52
805.223	5696.36
806.341	5727.91
807.459	5736.04
808.577	5735.59
809.694	5786.57
810.811	5753.83
811.928	5767.67
813.044	5812.37
814.16	5771.63
815.277	5811.19
816.392	5816.45
817.507	5779.43
818.622	5774.98
819.737	5759.11
820.851	5748.09
821.964	5752.21
823.078	5692.62
824.192	5721.32
825.304	5714.3
826.417	5728.42
827.53	5689.97
828.642	5701.24
829.754	5729.36
830.865	5731.77
831.976	5778.75
833.087	5777.45
834.197	5813
835.308	5825.69
836.417	5864.39
837.527	5865.37
838.636	5859.78
839.745	5904.47
840.854	5933.46
841.962	5977.29
843.07	6038.84
844.177	5994.68
845.284	6039.95
846.392	6083.21
847.499	6096.48
848.605	6180.32
849.711	6225.87
850.817	6176.85
851.922	6195.55
853.028	6151.38
854.132	6170.36
855.237	6162.77
856.341	6133.18
857.445	6213.31
858.549	6259.72
859.653	6282.98
860.755	6371.11
861.858	6464.94
862.96	6629.35
864.062	6764.91
865.164	7009.03
866.266	7279.44
867.367	7648.99
868.468	8073.4
869.568	8395.81
870.669	8611.36
871.768	8648.63
872.868	8469.32
873.967	8174.87
875.066	7883.85
876.165	7561.12
877.263	7264.96
878.361	6979.94
879.458	6748.92
880.557	6546.19
881.653	6361.45
882.75	6225
883.847	6170.84
884.943	6032.68
886.038	5957.09
887.134	5947.5
888.229	5874.48
889.325	5889.17
890.419	5864.44
891.513	5776.28
892.607	5805.26
893.701	5805.1
894.794	5767.51
895.888	5776.77
896.98	5744.61
898.073	5782.73
899.165	5710.86
900.257	5732.69
901.349	5695.1
902.44	5745.8
903.53	5701.35
904.621	5729.76
905.711	5738.46
906.802	5727.72
907.891	5736.42
908.981	5739.4
910.07	5718.38
911.158	5773.36
912.247	5730.05
913.335	5731.6
914.423	5746.58
915.51	5727
916.597	5786.26
917.684	5798.39
918.771	5792.22
919.857	5802.92
920.943	5840.47
922.029	5842.59
923.114	5948.43
924.199	5961.7
925.284	5972.11
926.368	6034.52
927.453	6130.92
928.537	6157.05
929.62	6190.03
930.703	6163.01
931.786	6152.85
932.868	6135.54
933.95	6026.81
935.032	5946.36
936.114	5957.34
937.196	5862.32
938.277	5840.16
939.357	5763.43
940.438	5799.26
941.518	5719.67
942.598	5737.51
943.678	5725.06
944.756	5705.76
945.835	5708.74
946.914	5709.15
947.992	5623.27
949.07	5640.82
950.148	5642.38
951.225	5601.07
952.302	5582.91
953.379	5563.03
954.456	5596.01
955.531	5568.14
956.608	5586.26
957.683	5576.95
958.758	5570.79
959.833	5509.49
960.908	5548.75
961.982	5554.59
963.056	5544.71
964.13	5558.84
965.203	5564.96
966.276	5507.94
967.349	5518.35
968.421	5531.9
969.493	5515.17
970.565	5539.29
971.636	5519.42
972.708	5551.25
973.779	5487.38
974.849	5514.64
975.92	5534.48
976.99	5503.75
978.06	5521.3
979.129	5530
980.198	5551.55
981.267	5546.81
982.336	5546.37
983.404	5543.06
984.471	5553.18
985.539	5541.88
986.606	5563.72
987.673	5585.27
988.739	5589.39
989.806	5612.09
990.872	5572.5
991.938	5605.19
993.003	5584.17
994.069	5609.44
995.133	5627.56
996.198	5645.97
997.262	5687.52
998.326	5699.08
999.39	5685.2
1000.45	5703.04
1001.52	5712.3
1002.58	5706.43
1003.64	5707.69
1004.7	5694.67
1005.77	5698.23
1006.83	5709.78
1007.89	5688.47
1008.95	5637.17
1010.01	5661
1011.07	5657.7
1012.13	5614.4
1013.19	5638.52
1014.25	5646.07
1015.31	5617.34
1016.37	5646.32
1017.42	5639.3
1018.48	5635.71
1019.54	5604.69
1020.6	5619.67
1021.65	5606.08
1022.71	5617.92
1023.77	5649.75
1024.82	5585.88
1025.88	5582
1026.94	5606.98
1027.99	5602.53
1029.05	5608.66
1030.1	5630.49
1031.16	5570.33
1032.21	5637.03
1033.26	5628.86
1034.32	5601.56
1035.37	5588.83
1036.42	5665.24
1037.48	5643.07
1038.53	5648.34
1039.58	5733.03
1040.63	5726.01
1041.68	5763
1042.74	5803.69
1043.79	5899.81
1044.84	5966.79
1045.89	6069.2
1046.94	6226.47
1047.99	6379.45
1049.04	6468.43
1050.09	6465.7
1051.13	6386.39
1052.18	6259.37
1053.23	6114.93
1054.28	6036.76
1055.33	5916.6
1056.37	5774.15
1057.42	5781.42
1058.47	5710.4
1059.51	5663.09
1060.56	5682.08
1061.6	5691.63
1062.65	5641.46
1063.7	5674.16
1064.74	5670.28
1065.78	5717.55
1066.83	5753.96
1067.87	5835.8
1068.92	5929.06
1069.96	5946.9
1071	6021.02
1072.04	6072.86
1073.09	6078.7
1074.13	6026.54
1075.17	5955.23
1076.21	5844.79
1077.25	5797.48
1078.29	5655.89
1079.34	5643.44
1080.38	5624.99
1081.42	5623.4
1082.45	5596.67
1083.49	5582.79
1084.53	5558.06
1085.57	5573.33
1086.61	5598.31
1087.65	5553.86
1088.69	5535.41
1089.72	5569.25
1090.76	5528.51
1091.8	5535.78
1092.84	5543.33
1093.87	5550.03
1094.91	5533.58
1095.94	5510.85
1096.98	5520.11
1098.01	5533.09
1099.05	5532.07
1100.08	5491.34
1101.12	5506.61
1102.15	5487.59
1103.19	5520.85
1104.22	5497.83
1105.25	5532.81
1106.29	5518.94
1107.32	5561.35
1108.35	5543.18
1109.38	5577.31
1110.41	5575.43
1111.44	5503.27
1112.48	5560.82
1113.51	5555.52
1114.54	5529.07
1115.57	5538.05
1116.6	5542.46
1117.63	5518.58
1118.65	5566.99
1119.68	5570.54
1120.71	5631.81
1121.74	5573.65
1122.77	5604.34
1123.8	5636.47
1124.82	5588.88
1125.85	5576.71
1126.88	5603.41
1127.9	5593.82
1128.93	5531.37
1129.96	5508.64
1130.98	5464.76
1132.01	5521.17
1133.03	5515.86
1134.06	5435.41
1135.08	5455.54
1136.11	5485.09
1137.13	5434.36
1138.15	5442.19
1139.18	5451.75
1140.2	5428.44
1141.22	5469.99
1142.24	5485.55
1143.27	5479.38
1144.29	5495.22
1145.31	5485.63
1146.33	5495.47
1147.35	5517.59
1148.37	5471.71
1149.39	5503.55
1150.41	5492.53
1151.43	5482.09
1152.45	5514.78
1153.47	5507.76
1154.49	5472.74
1155.51	5476.87
1156.53	5513.85
1157.54	5514.54
1158.56	5522.95
1159.58	5501.07
1160.59	5509.77
1161.61	5510.46
1162.63	5495.73
1163.64	5530.42
1164.66	5535.4
1165.68	5511.24
1166.69	5513.94
1167.71	5474.92
1168.72	5479.9
1169.73	5430.02
1170.75	5447.57
1171.76	5428.27
1172.78	5414.68
1173.79	5416.23
1174.8	5429.78
1175.81	5472.76
1176.83	5520.03
1177.84	5535.3
1178.85	5603.71
1179.86	5651.83
1180.87	5606.52
1181.88	5566.65
1182.89	5556.77
1183.9	5443.47
1184.91	5414.45
1185.92	5439.43
1186.93	5432.12
1187.94	5366.53
1188.95	5408.08
1189.96	5423.64
1190.97	5400.62
1191.97	5405.31
1192.98	5404.86
1193.99	5404.42
1195	5402.82
1196	5387.23
1197.01	5388.79
1198.01	5429.19
1199.02	5423.03
1200.03	5433.16
1201.03	5460.99
1202.04	5459.97
1203.04	5471.81
1204.04	5470.79
1205.05	5474.34
1206.05	5466.18
1207.06	5474.59
1208.06	5466.43
1209.06	5481.7
1210.06	5445.25
1211.07	5461.09
1212.07	5482.92
1213.07	5479.9
1214.07	5470.6
1215.07	5497.87
1216.07	5511.99
1217.07	5530.4
1218.07	5554.52
1219.07	5601.5
1220.07	5655.63
1221.07	5701.18
1222.07	5752.16
1223.07	5792
1224.07	5813.55
1225.07	5824.53
1226.06	5888.94
1227.06	5916.2
1228.06	5958.33
1229.06	5960.74
1230.05	5936
1231.05	5957.56
1232.04	5950.54
1233.04	5963.8
1234.04	6005.93
1235.03	5981.48
1236.03	6046.74
1237.02	6143.07
1238.01	6215.09
1239.01	6295.47
1240	6360.58
1241	6382.02
1241.99	6341.33
1242.98	6309.13
1243.97	6225.16
1244.97	6167.61
1245.96	6033.26
1246.95	6005.6
1247.94	5940.81
1248.93	5854.27
1249.92	5806.57
1250.91	5784.57
1251.9	5730.56
1252.89	5680.87
1253.88	5632.38
1254.87	5624.1
1255.86	5577.33
1256.85	5520.82
1257.84	5497.09
1258.83	5444.92
1259.81	5437.64
1260.8	5369.79
1261.79	5373.53
1262.78	5380.14
1263.76	5338.25
1264.75	5314.54
1265.73	5333.44
1266.72	5341.53
1267.71	5341.97
1268.69	5328.75
1269.68	5335.37
1270.66	5356.43
1271.65	5350.79
1272.63	5313.59
1273.61	5339.91
1274.6	5331.19
1275.58	5332.74
1276.56	5316.39
1277.55	5317.39
1278.53	5310.1
1279.51	5329.78
1280.49	5353.37
1281.47	5362.96
1282.45	5373.84
1283.43	5425.55
1284.42	5462.43
1285.4	5470.58
1286.38	5484.2
1287.35	5481.87
1288.33	5499.51
1289.06	5492.3
1290.08	5472.41
1291.1	5423.1
1292.12	5363.21
1293.14	5307.89
1294.16	5237.14
1295.17	5184.4
1296.19	5196.22
1297.21	5135.76
1298.23	5136.73
1299.25	5149.13
1300.27	5086.95
1301.28	5080.78
1302.3	5036.03
1303.32	5079.28
1304.33	5027.11
1305.35	5044.08
1306.37	5018.19
1307.38	5032.59
1308.4	5052.98
1309.41	5071.67
1310.43	5072.92
1311.44	5062.17
1312.46	5107.14
1313.47	5088.68
1314.49	5051.08
1315.5	5063.47
1316.51	5036.73
1317.53	5044.55
1318.54	5067.24
1319.55	5094.2
1320.57	5132.03
1321.58	5147.85
1322.59	5113.11
1323.6	5075.79
1324.61	5041.62
1325.63	5018.58
1326.64	5014.41
1327.65	4969.38
1328.66	4949.77
1329.67	4931.6
1330.68	4890.57
1331.69	4917.54
1332.7	4950.79
1333.71	4932.04
1334.72	4911.87
1335.72	4911.41
1336.73	4947.81
1337.74	4932.2
1338.75	4941.74
1339.76	4888.14
1340.76	4879.68
1341.77	4881.22
1342.78	4833.33
1343.79	4864.01
1344.79	4766.98
1345.8	4840.8
1346.8	4833.2
1347.81	4783.88
1348.82	4796.57
1349.82	4753.53
1350.83	4797.65
1351.83	4756.9
1352.84	4761.87
1353.84	4733.98
1354.84	4762.66
1355.85	4771.91
1356.85	4726.03
1357.85	4710.71
1358.86	4733.1
1359.86	4726.93
1360.86	4732.76
1361.86	4750.29
1362.87	4747.55
1363.87	4742.23
1364.87	4742.06
1365.87	4730.45
1366.87	4724.85
1367.87	4752.39
1368.87	4754.5
1369.87	4728.9
1370.87	4754.72
1371.87	4769.12
1372.87	4770.37
1373.87	4769.63
1374.87	4776.31
1375.87	4762.99
1376.87	4760.25
1377.86	4836.64
1378.86	4788.47
1379.86	4766.86
1380.86	4790.69
1381.85	4703.66
1382.85	4719.77
1383.85	4731.02
1384.84	4690.85
1385.84	4686.96
1386.84	4687.36
1387.83	4655.18
1388.83	4648.72
1389.82	4667.4
1390.82	4706.66
1391.81	4673.91
1392.81	4689.45
1393.8	4709.85
1394.79	4755.67
1395.79	4742.64
1396.78	4762.75
1397.77	4810.58
1398.77	4888.97
1399.76	4929.66
1400.75	4973.77
1401.74	5102.16
1402.74	5091.13
1403.73	5138.96
1404.72	5149.93
1405.71	5080.61
1406.7	4999.01
1407.69	4916.26
1408.68	4856.37
1409.67	4799.05
1410.66	4814.02
1411.65	4755.27
1412.64	4756.81
1413.63	4746.07
1414.62	4739.89
1415.61	4737.15
1416.59	4747.54
1417.58	4715.37
1418.57	4682.91
1419.56	4679.88
1420.55	4649.99
1421.53	4642.67
1422.52	4617.07
1423.51	4616.61
1424.49	4582.72
1425.48	4607.11
1426.46	4611.51
1427.45	4569.91
1428.43	4590.02
1429.42	4579.27
1430.4	4618.81
1431.39	4623.21
1432.37	4592.18
1433.36	4591.72
1434.34	4633.26
1435.32	4631.65
1436.31	4623.77
1437.29	4627.88
1438.27	4610.56
1439.26	4629.81
1440.24	4635.35
1441.22	4568.32
1442.2	4605.86
1443.18	4573.69
1444.16	4634.94
1445.14	4632.19
1446.12	4625.45
1447.11	4643.27
1448.09	4720.81
1449.07	4748.64
1450.05	4832.46
1451.02	4888.57
1452	4873.26
1452.98	4912.51
1453.96	4889.19
1454.94	4854.45
1455.92	4836.84
1456.9	4776.1
1457.87	4751.64
1458.85	4701.18
1459.83	4681.29
1460.81	4644.83
1461.78	4612.37
1462.76	4581.33
1463.73	4563.44
1464.71	4527.84
1465.69	4498.24
1466.66	4497.21
1467.64	4529.89
1468.61	4472.86
1469.59	4510.4
1470.56	4440.51
1471.54	4447.19
1472.51	4467.59
1473.48	4464.27
1474.46	4423.24
1475.43	4406.49
1476.4	4409.75
1477.37	4341.86
1478.35	4407.4
1479.32	4395.51
1480.29	4311.05
1481.26	4353.16
1482.23	4340.98
1483.21	4332.24
1484.18	4332.92
1485.15	4320.17
1486.12	4289.71
1487.09	4314.4
1488.06	4295.36
1489.03	4293.19
1490	4303.59
1490.97	4289.98
1491.93	4294.09
1492.9	4280.49
1493.87	4271.46
1494.84	4288.43
1495.81	4280.82
1496.77	4310.93
1497.74	4273.33
1498.71	4262.87
1499.68	4279.84
1500.64	4239.38
1501.61	4240.92
1502.58	4227.89
1503.54	4220.57
1504.51	4212.11
1505.47	4142.79
1506.44	4150.04
1507.4	4183.87
1508.37	4144.55
1509.33	4152.95
1510.3	4141.06
1511.26	4150.89
1512.22	4182.14
1513.19	4177.39
1514.15	4198.07
1515.11	4204.76
1516.08	4196.01
1517.04	4255.55
1518	4212.52
1518.96	4234.06
1519.92	4211.03
1520.88	4228.57
1521.85	4215.25
1522.81	4171.65
1523.77	4167.76
1524.73	4138.15
1525.69	4131.69
1526.65	4116.09
1527.61	4158.77
1528.57	4105.74
1529.53	4134.42
1530.48	4106.53
1531.44	4087.5
1532.4	4103.61
1533.36	4092.58
1534.32	4102.41
1535.28	4088.52
1536.23	4096.91
1537.19	4084.74
1538.15	4101.99
1539.1	4098.96
1540.06	4094.79
1541.02	4090.9
1541.97	4052.15
1542.93	4067.41
1543.88	4058.66
1544.84	4111.34
1545.79	4078.88
1546.75	4105.28
1547.7	4061.39
1548.66	4080.36
1549.61	4032.75
1550.56	4052.01
1551.52	4069.83
1552.47	4052.52
1553.42	4063.77
1554.38	4060.17
1555.33	4077.71
1556.28	4073.53
1557.23	4077.07
1558.18	4032.33
1559.14	4062.15
1560.09	4042.55
1561.04	4018.66
1561.99	4042.77
1562.94	4084.02
1563.89	4048.71
1564.84	4007.1
1565.79	4028.07
1566.74	4033.61
1567.69	3993.15
1568.64	3992.4
1569.59	3993.66
1570.53	4004.34
1571.48	4030.45
1572.43	3977.42
1573.38	3977.82
1574.33	3999.93
1575.27	3946.9
1576.22	3960.43
1577.17	3967.97
1578.11	3976.37
1579.06	4005.62
1580	3995.74
1580.95	3976.99
1581.9	3955.96
1582.84	3978.93
1583.79	3969.04
1584.73	3962.29
1585.67	3931.83
1586.62	3943.37
1587.56	3914.05
1588.51	3913.59
1589.45	3939.42
1590.39	3925.24
1591.34	3879.35
1592.28	3892.61
1593.22	3890.15
1594.16	3882.83
1595.11	3860.66
1596.05	3854.48
1596.99	3891.73
1597.93	3856.13
1598.87	3848.24
1599.81	3889.21
1600.75	3894.46
1601.69	3870.29
1602.63	3867.26
1603.57	3860.51
1604.51	3875.19
1605.45	3880.16
1606.39	3861.13
1607.33	3939.24
1608.27	3906.21
1609.21	3952.32
1610.14	3939.29
1611.08	3903.11
1612.02	3929.51
1612.96	3949.91
1613.89	3880.3
1614.83	3837.27
1615.77	3838.53
1616.7	3854.92
1617.64	3849.89
1618.58	3776
1619.51	3822.68
1620.45	3768.22
1621.38	3788.91
1622.32	3785.3
1623.25	3785.7
1624.19	3768.38
1625.12	3750.49
1626.05	3758.6
1626.99	3746.43
1627.92	3761.97
1628.85	3795.79
1629.79	3760.19
1630.72	3786.02
1631.65	3772.41
1632.58	3814.52
1633.52	3832.06
1634.45	3853.6
1635.38	3848.57
1636.31	3894.11
1637.24	3941.37
1638.17	3945.19
1639.1	3915.59
1640.03	3890.56
1640.96	3872.95
1641.89	3808.49
1642.82	3785.46
1643.75	3783
1644.68	3752.25
1645.61	3729.79
1646.54	3691.9
1647.46	3684.02
1648.39	3660.13
1649.32	3657.09
1650.25	3682.63
1651.17	3636.75
1652.1	3629.14
1653.03	3651.82
1653.95	3622.79
1654.88	3638.33
1655.81	3608.73
1656.73	3590.27
1657.66	3581.81
1658.58	3559.06
1659.51	3580.32
1660.43	3569
1661.36	3573.4
1662.28	3598.36
1663.21	3575.33
1664.13	3561.16
1665.05	3594.98
1665.98	3542.81
1666.9	3549.2
1667.82	3525.89
1668.74	3534.28
1669.67	3565.82
1670.59	3554.79
1671.51	3555.76
1672.43	3545.01
1673.35	3516.27
1674.27	3538.95
1675.19	3524.77
1676.12	3532.6
1677.04	3513.85
1677.96	3494.54
1678.88	3477.5
1679.79	3490.19
1680.71	3470.87
1681.63	3482.98
1682.55	3466.52
1683.47	3461.49
1684.39	3465.03
1685.31	3491.42
1686.23	3462.68
1687.14	3475.65
1688.06	3479.76
1688.98	3457.3
1689.89	3490.84
1690.81	3457.52
1691.73	3464.77
1692.64	3477.46
1693.56	3452.14
1694.48	3447.39
1695.39	3442.65
1696.31	3438.47
1697.22	3441.15
1698.14	3414.69
1699.05	3421.09
1699.96	3431.2
1700.88	3425.88
1701.79	3425.42
1702.7	3446.96
1703.62	3442.5
1704.53	3422.33
1705.44	3406.72
1706.36	3416.84
1707.27	3430.37
1708.18	3389.06
1709.09	3379.45
1710	3376.42
1710.92	3412.25
1711.83	3433.5
1712.74	3399.9
1713.65	3377.72
1714.56	3385.26
1715.47	3397.95
1716.38	3336.91
1717.29	3381.02
1718.2	3427.14
1719.11	3433.82
1720.01	3401.93
1720.92	3386.33
1721.83	3391.87
1722.74	3400.55
1723.65	3388.37
1724.56	3413.34
1725.46	3402.02
1726.37	3396.42
1727.28	3423.96
1728.18	3427.5
1729.09	3438.75
1730	3454.86
1730.9	3521.26
1731.81	3497.37
1732.71	3557.77
1733.62	3533.02
1734.52	3567.42
1735.43	3521.82
1736.33	3508.5
1737.24	3500.9
1738.14	3515.58
1739.04	3497.98
1739.95	3444.66
1740.85	3441.05
1741.75	3467.17
1742.66	3454.7
1743.56	3452.82
1744.46	3442.64
1745.36	3435.04
1746.26	3438.58
1747.17	3393.83
1748.07	3410.51
1748.97	3387.48
1749.87	3399.88
1750.77	3366.56
1751.67	3369.81
1752.57	3371.64
1753.47	3333.18
1754.37	3336.43
1755.27	3314.54
1756.17	3322.66
1757.07	3316.48
1757.97	3277.16
1758.86	3297.56
1759.76	3273.39
1760.66	3258.93
1761.56	3235.04
1762.45	3231.72
1763.35	3216.12
1764.25	3232.23
1765.15	3226.91
1766.04	3217.88
1766.94	3190.27
1767.83	3168.1
1768.73	3192.5
1769.63	3182.89
1770.52	3169
1771.42	3178.83
1772.31	3139.23
1773.2	3148.19
1774.1	3113.16
1774.99	3121.84
1775.89	3150.81
1776.78	3096.64
1777.67	3109.32
1778.57	3110.29
1779.46	3120.4
1780.35	3137.65
1781.24	3097.76
1782.14	3105.02
1783.03	3074.56
1783.92	3096.1
1784.81	3084.21
1785.7	3075.18
1786.59	3059.86
1787.48	3063.4
1788.37	3048.94
1789.26	3047.62
1790.15	3048.87
1791.04	3025.84
1791.93	3053.1
1792.82	3061.21
1793.71	3047.89
1794.6	3031.72
1795.49	3017.26
1796.38	3029.37
1797.26	3016.05
1798.15	3026.16
1799.04	3024.56
1799.93	2988.95
1800.81	3019.64
1801.7	3028.6
1802.59	3014.72
1803.47	3005.68
1804.36	2968.37
1805.24	3000.48
1806.13	2982.59
1807.02	2971.27
1807.9	2974.24
1808.79	2962.06
1809.67	2965.32
1810.55	2974
1811.44	2963.25
1812.32	2938.22
1813.21	2942.05
1814.09	2939.87
1814.97	2964.84
1815.86	2956.09
1816.74	2937.92
1817.62	2896.03
1818.5	2927
1819.38	2957.11
1820.27	2909.79
1821.15	2901.62
1822.03	2914.3
1822.91	2907.55
1823.79	2882.81
1824.67	2885.49
1825.55	2891.6
1826.43	2877.43
1827.31	2898.11
1828.19	2893.93
1829.07	2898.33
1829.95	2886.73
1830.83	2859.98
1831.71	2856.66
1832.58	2877.63
1833.46	2885.46
1834.34	2851
1835.22	2835.39
1836.1	2838.08
1836.97	2809.04
1837.85	2866.3
1838.73	2837.55
1839.6	2841.09
1840.48	2844.92
1841.35	2797.03
1842.23	2814.57
1843.11	2821.25
1843.98	2782.79
1844.86	2812.9
1845.73	2788.73
1846.6	2810.27
1847.48	2812.95
1848.35	2776.77
1849.23	2746.88
1850.1	2774.42
1850.97	2763.39
1851.85	2727.22
1852.72	2751.9
1853.59	2761.15
1854.46	2733.84
1855.34	2750.23
1856.21	2713.2
1857.08	2759.03
1857.95	2737.99
1858.82	2734.11
1859.69	2737.07
1860.56	2724.9
1861.43	2757.3
1862.3	2710.55
1863.17	2704.38
1864.04	2724.77
1864.91	2745.74
1865.78	2690.71
1866.65	2702.53
1867.52	2701.22
1868.39	2702.76
1869.26	2692.87
1870.13	2691.55
1870.99	2666.8
1871.86	2684.06
1872.73	2674.17
1873.59	2667.42
1874.46	2679.25
1875.33	2667.93
1876.19	2688.9
1877.06	2669.01
1877.93	2685.12
1878.79	2677.23
1879.66	2681.06
1880.52	2656.6
1881.39	2636.42
1882.25	2643.96
1883.12	2639.21
1883.98	2633.61
1884.84	2652.29
1885.71	2657.55
1886.57	2616.23
1887.43	2629.48
1888.3	2595.6
1889.16	2631.71
1890.02	2611.53
1890.89	2633.36
1891.75	2601.18
1892.61	2620.72
1893.47	2613.69
1894.33	2622.37
1895.19	2620.2
1896.05	2607.17
1896.91	2610.13
1897.78	2619.39
1898.64	2579.5
1899.5	2571.04
1900.35	2585.72
1901.21	2595.83
1902.07	2555.66
1902.93	2544.63
1903.79	2574.74
1904.65	2551.99
1905.51	2560.96
1906.37	2537.36
1907.22	2563.18
1908.08	2558.15
1908.94	2541.4
1909.8	2554.94
1910.65	2540.2
1911.51	2552.59
1912.36	2482.99
1913.22	2505.39
1914.08	2531.21
1914.93	2506.75
1915.79	2515.43
1916.64	2511.26
1917.5	2520.51
1918.35	2522.05
1919.21	2479.02
1920.06	2487.7
1920.92	2489.24
1921.77	2480.5
1922.62	2473.75
1923.48	2453
1924.33	2499.97
1925.18	2453.23
1926.03	2474.19
1926.89	2467.73
1927.74	2460.13
1928.59	2447.96
1929.44	2468.92
1930.29	2467.61
1931.14	2451.72
1932	2420.4
1932.85	2423.94
1933.7	2417.48
1934.55	2409.88
1935.4	2402.56
1936.25	2410.67
1937.1	2450.21
1937.94	2431.75
1938.79	2417.29
1939.64	2399.11
1940.49	2409.8
1941.34	2404.48
1942.19	2390.88
1943.04	2377.84
1943.88	2368.24
1944.73	2368.07
1945.58	2366.75
1946.42	2364.29
1947.27	2358.97
1948.12	2346.8
1948.96	2370.62
1949.81	2364.73
1950.65	2344.56
1951.5	2342.38
1952.34	2322.78
1953.19	2345.46
1954.03	2331
1954.88	2332.54
1955.72	2326.37
1956.57	2359.05
1957.41	2342.59
1958.25	2336.98
1959.1	2301.38
1959.94	2333.78
1960.78	2299.6
1961.63	2316.57
1962.47	2298.97
1963.31	2305.94
1964.15	2300.91
1964.99	2294.73
1965.84	2293.41
1966.68	2300.67
1967.52	2300.21
1968.36	2289.75
1969.2	2259
1970.04	2262.83
1970.88	2285.22
1971.72	2282.76
1972.56	2268.3
1973.4	2276.41
1974.24	2260.52
1975.08	2260.06
1975.91	2255.03
1976.75	2246
1977.59	2248.97
1978.43	2233.65
1979.27	2215.76
1980.1	2219.3
1980.94	2222.55
1981.78	2241.52
1982.62	2226.2
1983.45	2191.46
1984.29	2201.85
1985.12	2202.82
1985.96	2190.36
1986.79	2202.19
1987.63	2173.16
1988.46	2223.55
1989.3	2189.95
1990.13	2183.2
1990.97	2172.46
1991.8	2163.71
1992.64	2196.97
1993.47	2173.08
1994.3	2161.47
1995.14	2147.58
1995.97	2160.55
1996.8	2160.38
1997.64	2160.77
1998.47	2156.6
1999.3	2159.28
2000.13	2170.54
2000.96	2145.79
2001.79	2132.47
2002.63	2117.16
2003.46	2096.98
2004.29	2147.09
2005.12	2102.34
2005.95	2107.03
2006.78	2156.85
2007.61	2132.96
2008.44	2113.65
2009.27	2096.33
2010.09	2111.3
2010.92	2115.12
2011.75	2098.09
2012.58	2090.77
2013.41	2079.17
2014.24	2063.85
2015.06	2075.68
2015.89	2070.07
2016.72	2078.47
2017.54	2077.15
2018.37	2075.26
2019.2	2091.95
2020.02	2067.49
2020.85	2083.6
2021.68	2042.28
2022.5	2020.39
2023.33	2039.36
2024.15	2036.61
2024.98	2021.87
2025.8	2033.12
2026.62	2022.37
2027.45	2021.91
2028.27	2018.31
2029.1	2032.42
2029.92	2009.68
2030.74	1980.93
2031.56	2005.33
2032.39	2002.29
2033.21	2002.12
2034.03	1977.09
2034.85	1968.63
2035.68	1966.74
2036.5	1974.28
2037.32	1972.1
2038.14	1978.79
2038.96	1966.9
2039.78	1982.72
2040.6	1983.12
2041.42	1977.52
2042.24	1979.91
2043.06	1982.02
2043.88	1960.42
2044.7	1976.53
2045.52	1936.93
2046.34	1937.9
2047.16	1928.01
2047.97	1912.12
2048.79	1922.8
2049.61	1940.34
2050.43	1921.02
2051.24	1947.71
2052.06	1924.1
2052.88	1912.78
2053.69	1929.47
2054.51	1924.43
2055.33	1928.26
2056.14	1900.94
2056.96	1908.77
2057.77	1907.74
2058.59	1915.28
2059.4	1910.82
2060.22	1906.35
2061.03	1898.47
2061.85	1891.43
2062.66	1896.97
2063.48	1883.37
2064.29	1884.05
2065.1	1874.45
2065.92	1869.13
2066.73	1852.67
2067.54	1864.78
2068.35	1847.47
2069.17	1867.29
2069.98	1869.69
2070.79	1858.94
2071.6	1850.48
2072.41	1873.73
2073.22	1851.85
2074.03	1841.96
2074.84	1847.21
2075.65	1864.18
2076.46	1839.72
2077.27	1844.4
2078.08	1816.23
2078.89	1814.91
2079.7	1816.73
2080.51	1841.13
2081.32	1846.96
2082.13	1810.5
2082.94	1801.18
2083.74	1811
2084.55	1793.4
2085.36	1792.37
2086.17	1791.05
2086.97	1803.45
2087.78	1782.99
2088.59	1775.1
2089.39	1792.07
2090.2	1784.18
2091.01	1784
2091.81	1798.11
2092.62	1763.65
2093.42	1768.62
2094.23	1763.59
2095.03	1764.84
2095.84	1745.81
2096.64	1758.21
2097.45	1770.32
2098.25	1741.29
2099.05	1750.83
2099.86	1753.51
