150.31	3827.57
151.606	3902.43
152.902	3915
154.198	3931
155.492	3918.71
156.787	3870.14
158.081	3813.86
159.376	3788.14
160.669	3761.29
161.962	3745
163.256	3749.57
164.548	3720.14
165.841	3718.71
167.133	3725.57
168.424	3735.86
169.715	3746.71
171.006	3718.43
172.297	3716.14
173.587	3728.71
174.877	3750.14
176.166	3715.86
177.456	3729.29
178.745	3739.86
180.033	3749.57
181.321	3715.29
182.609	3749.86
183.897	3719.57
185.184	3763.57
186.471	3751.57
187.757	3740.14
189.044	3709.29
190.33	3727.86
191.615	3787.29
192.9	3737.29
194.185	3734.14
195.469	3734.71
196.753	3720.14
198.037	3700.43
199.321	3694.14
200.604	3736.71
201.887	3680.43
203.17	3703.57
204.451	3715.57
205.733	3716.71
207.014	3698.14
208.296	3737.57
209.576	3716.43
210.856	3741.86
212.137	3723.86
213.417	3745.29
214.696	3761.86
215.975	3761
217.253	3779.86
218.532	3780.14
219.81	3813.86
221.088	3849.29
222.365	3853.29
223.642	3876.14
224.919	3874.71
226.195	3936.71
227.471	3973.57
228.747	4017.03
230.022	4152.5
231.297	4229.67
232.572	4213.7
233.846	4168.31
235.12	4100.91
236.394	4042.95
237.667	4031.55
238.94	4011.58
240.213	3995.9
241.485	4050.79
242.757	4031.68
244.029	4071.43
245.3	4126.89
246.571	4157.78
247.842	4195.53
249.112	4189.85
250.381	4263.31
251.651	4256.2
252.921	4297.09
254.189	4329.98
255.457	4342.3
256.726	4396.05
257.994	4404.65
259.261	4484.69
260.529	4505.01
261.796	4542.18
263.062	4609.36
264.329	4660.82
265.595	4716.85
266.86	4743.46
268.125	4764.35
269.39	4728.38
270.655	4693.56
271.919	4625.88
273.182	4509.91
274.446	4416.51
275.71	4333.12
276.973	4246.87
278.234	4139.76
279.497	4066.93
280.759	4005.82
282.021	3979.86
283.281	3927.03
284.543	3904.21
285.803	3863.96
287.063	3870.28
288.322	3836.31
289.583	3860.34
290.842	3856.66
292.101	3831.26
293.358	3860.44
294.617	3839.9
295.875	3860.22
297.133	3889.4
298.389	3877.43
299.647	3844.61
300.903	3884.07
302.159	3912.67
303.415	3894.14
304.67	3918.17
305.925	3926.77
307.18	3908.81
308.435	3905.98
309.689	3899.16
310.943	3893.48
312.196	3911.8
313.45	3894.69
314.702	3923.29
315.954	3900.47
317.207	3901.36
318.459	3913.11
319.71	3899.42
320.961	3969.74
322.212	3987.49
323.463	3946.1
324.712	3943.84
325.962	3854.16
327.211	3800.48
328.461	3798.23
329.71	3697.4
330.958	3710.01
332.207	3695.18
333.454	3684.36
334.702	3710.39
335.949	3723.28
337.196	3703.6
338.442	3716.21
339.688	3687.1
340.933	3683.13
342.179	3713.17
343.424	3724.34
344.67	3718.95
345.914	3725.55
347.158	3755.3
348.402	3740.19
349.645	3750.51
350.888	3810.54
352.131	3863.72
353.373	3915.46
354.616	3930.07
355.857	3870.1
357.099	3798.99
358.34	3791.88
359.58	3798.49
360.821	3758.52
362.061	3767.98
363.301	3771.16
364.54	3779.76
365.78	3812.37
367.019	3849.83
368.257	3870.15
369.495	3991.9
370.733	4112.79
371.97	4163.1
373.208	4120.28
374.444	3995.17
375.681	3928.35
376.917	3860.38
378.153	3793.84
379.389	3747.59
380.623	3767.34
381.858	3767.08
383.092	3733.12
384.327	3748.87
385.561	3740.61
386.794	3721.5
388.027	3734.11
389.26	3757.57
390.492	3760.75
391.724	3769.92
392.956	3733.67
394.188	3780.56
395.419	3780.59
396.65	3856.05
397.88	3838.37
399.11	3858.69
400.341	3920.15
401.57	3876.19
402.799	3877.08
404.028	3896.25
405.257	3950.57
406.484	4026.61
407.712	4094.93
408.94	4139.81
410.167	4057.56
411.394	4014.17
412.621	3959.92
413.847	3928.52
415.073	3890.27
416.298	3888.3
417.523	3899.48
418.749	3853.22
419.973	3865.54
421.197	3869.86
422.421	3862.47
423.644	3865.93
424.867	3892.53
426.091	3929.42
427.313	3884.6
428.536	3918.92
429.757	3894.67
430.979	3932.41
432.201	3904.73
433.421	3899.34
434.642	3882.8
435.862	3865.12
437.082	3907.44
438.301	3893.47
439.52	3882.65
440.739	3913.54
441.958	3947.85
443.176	3953.89
444.394	3948.78
445.612	3977.1
446.83	4062.56
448.046	4106.88
449.263	4204.05
450.479	4249.52
451.695	4400.69
452.911	4496.73
454.126	4521.9
455.341	4590.79
456.556	4519.68
457.77	4428.29
458.985	4290.03
460.198	4244.07
461.411	4132.39
462.624	4120.42
463.837	4080.74
465.05	4067.06
466.262	4059.09
467.473	4019.41
468.685	4000.87
469.896	3994.33
471.106	3980.37
472.317	4012.11
473.527	4006.15
474.737	3977.32
475.946	3984.5
477.155	4027.39
478.364	4100.85
479.573	4200.03
480.781	4392.06
481.988	4641.81
483.195	4767.27
484.403	4698.16
485.609	4501.05
486.816	4222.51
488.022	4104.83
489.227	3984.58
490.434	3968.9
491.639	3934.65
492.844	3917.25
494.048	3907.28
495.252	3893.6
496.456	3947.35
497.66	3945.95
498.863	3953.42
500.065	3931.16
501.268	3914.05
502.47	3870.37
503.672	3877.83
504.874	3867.3
506.075	3877.04
507.275	3879.08
508.476	3949.68
509.677	3980.86
510.876	4068.03
512.076	4116.35
513.275	4080.39
514.474	3980.7
515.673	3930.45
516.871	3927.06
518.069	3920.8
519.267	3888.84
520.464	3856.01
521.661	3902.9
522.857	3936.37
524.054	3920.4
525.25	3925.57
526.445	3900.18
527.641	3891.93
528.836	3923.1
530.031	3942.85
531.225	3924.6
532.42	3925.2
533.613	3926.95
534.807	3949.84
536	3959.87
537.192	3939.62
538.384	3981.94
539.576	4007.69
540.768	3992.58
541.96	4027.75
543.151	4045.22
544.342	4075.25
545.532	4091
546.723	4144.46
547.912	4169.06
549.102	4226.24
550.291	4307.13
551.479	4392.59
552.668	4471.2
553.856	4534.09
555.045	4633.26
556.232	4607.58
557.419	4589.9
558.606	4533.93
559.793	4440.25
560.979	4396.29
562.165	4351.46
563.35	4334.35
564.536	4228.39
565.721	4198.99
566.906	4180.17
568.09	4168.77
569.274	4139.95
570.457	4118.27
571.64	4113.16
572.824	4106.05
574.007	4114.65
575.189	4134.97
576.37	4179
577.552	4201.32
578.734	4293.07
579.915	4345.67
581.096	4393.71
582.276	4359.45
583.456	4350.92
584.636	4314.66
585.816	4270.98
586.995	4231.3
588.173	4229.62
589.352	4164.23
590.53	4156.26
591.708	4122.58
592.886	4092.9
594.063	4093.22
595.239	4103.25
596.416	4087
597.592	4066.46
598.768	4095.06
599.944	4051.1
601.119	4040.27
602.294	4040.59
603.469	4052.34
604.643	4026.66
605.817	4018.98
606.99	4042.72
608.163	4042.19
609.336	3998.5
610.509	4008.54
611.682	3994.28
612.853	4026.6
614.026	3982.64
615.197	4018.38
616.368	3984.99
617.539	3973.31
618.709	4000.48
619.879	3988.8
621.049	3986.84
622.218	4034.87
623.388	4018.05
624.557	4060.08
625.725	4020.68
626.893	4050.15
628.061	4032.75
629.229	4036.5
630.396	3990.82
631.563	3958.56
632.729	3941.74
633.895	3958.63
635.062	3974.66
636.227	4013.55
637.392	4027.02
638.557	4055.33
639.722	4057.94
640.886	4123.97
642.05	4110.58
643.214	4040.61
644.377	4019.21
645.54	4024.11
646.703	3989.57
647.865	3991.31
649.027	3972.2
650.189	3990.81
651.35	3963.13
652.511	3970.88
653.672	3938.05
654.833	3981.8
655.993	3955.26
657.153	4004.15
658.312	4016.76
659.472	4021.36
660.631	3977.39
661.789	4076
662.947	4022.32
664.105	4042.64
665.262	4046.1
666.42	4030.99
667.576	4023.02
668.734	3994.77
669.89	4007.09
671.046	3995.12
672.201	3990.3
673.357	3991.19
674.512	4006.94
675.667	3992.11
676.821	4007.86
677.975	3951.04
679.129	3964.78
680.282	4008.82
681.435	3965.13
682.588	3995.17
683.741	3990.06
684.893	3953.52
686.045	3989.84
687.196	3975.87
688.347	3989.33
689.498	3992.51
690.649	4011.69
691.799	3985.15
692.949	3978.9
694.099	3998.36
695.248	4055.82
696.396	4048.99
697.545	4035.31
698.694	4083.63
699.842	4073.38
700.989	4099.7
702.137	4094.02
703.284	4097.19
704.43	4097.51
705.577	4075.83
706.723	4134.44
707.869	4155.04
709.014	4136.79
710.159	4145.97
711.305	4069.43
712.449	4104.03
713.593	4116.35
714.737	4115.24
715.881	4129.56
717.024	4146.45
718.167	4123.05
719.309	4155.09
720.452	4171.69
721.594	4122.01
722.735	4126.9
723.876	4162.08
725.018	4099.83
726.158	4077
727.299	4134.46
728.439	4069.07
729.579	4054.81
730.718	4073.42
731.857	4042.6
732.996	4027.77
734.134	4026.09
735.273	4008.7
736.411	3999.87
737.548	3992.48
738.685	4005.65
739.823	3988.26
740.959	3967.15
742.095	3942.61
743.231	3985.5
744.367	3952.1
745.502	3967.57
746.637	3984.17
747.771	3973.92
748.906	3920.52
750.04	3991.41
751.173	3982.02
752.308	3955.48
753.441	3954.94
754.574	3928.4
755.705	3942.44
756.838	3949.33
757.97	3945.36
759.101	3955.11
760.232	3978.85
761.364	3934.6
762.494	3936.35
763.624	3973.81
764.754	3965.27
765.883	3969.88
767.013	4025.05
768.143	3997.09
769.271	3947.41
770.399	3998.58
771.527	3979.76
772.655	3970.93
773.782	3968.11
774.909	3973.29
776.036	4007.32
777.162	3987.92
778.289	3970.53
779.415	4012.28
780.54	4011.45
781.666	4010.34
782.791	4010.38
783.915	4004.12
785.039	4035.59
786.163	3988.48
787.287	4020.79
788.411	4017.4
789.533	4027.15
790.656	3988.04
791.778	3997.78
792.9	4012.67
794.022	4051.28
795.144	4031.88
796.265	4021.92
797.386	3982.24
798.506	3989.13
799.626	4015.45
800.746	4004.34
801.866	4015.8
802.985	3989.26
804.104	4004.72
805.223	3998.75
806.341	3998.5
807.459	4013.96
808.577	4023.71
809.694	4012.6
810.811	4033.49
811.928	4049.24
813.044	4076.13
814.16	4108.16
815.277	4112.77
816.392	4049.66
817.507	4049.98
818.622	4018.58
819.737	4029.47
820.851	4010.65
821.964	4028.11
823.078	4019.29
824.192	4026.46
825.304	4024.5
826.417	4038.24
827.53	4038.56
828.642	4060.31
829.754	4058.06
830.865	4078.95
831.976	4060.12
833.087	4090.44
834.197	4127.9
835.308	4129.08
836.417	4157.68
837.527	4185.15
838.636	4230.04
839.745	4241.78
840.854	4255.25
841.962	4279.56
843.07	4326.17
844.177	4355.63
845.284	4390.24
846.392	4402.27
847.499	4470.59
848.605	4540.05
849.711	4543.51
850.817	4521.83
851.922	4465.29
853.028	4444.75
854.132	4496.5
855.237	4485.96
856.341	4504.28
857.445	4564.03
858.549	4636.35
859.653	4699.24
860.755	4783.56
861.858	4939.88
862.96	5124.48
864.062	5388.51
865.164	5744.83
866.266	6139.72
867.367	6656.61
868.468	7144.93
869.568	7402.4
870.669	7413.57
871.768	7193.89
872.868	6848.21
873.967	6462.53
875.066	6134.56
876.165	5811.74
877.263	5480.63
878.361	5207.8
879.458	4971.27
880.557	4762.44
881.653	4598.47
882.75	4461.65
883.847	4419.68
884.943	4312.86
886.038	4283.46
887.134	4221.78
888.229	4199.82
889.325	4138.42
890.419	4128.74
891.513	4084.2
892.607	4093.66
893.701	4115.98
894.794	4051.44
895.888	4076.62
896.98	4044.08
898.073	4048.97
899.165	3998.15
900.257	4066.18
901.349	4019.93
902.44	4031.39
903.53	4024.85
904.621	3999.46
905.711	4034.63
906.802	4046.38
907.891	4065.56
908.981	4036.73
910.07	4049.91
911.158	4088.51
912.247	4071.69
913.335	4111.15
914.423	4078.33
915.51	4118.65
916.597	4120.68
917.684	4122.14
918.771	4163.6
919.857	4176.21
920.943	4175.1
922.029	4258.27
923.114	4315.74
924.199	4323.2
925.284	4404.37
926.368	4478.12
927.453	4529.3
928.537	4567.04
929.62	4545.65
930.703	4501.97
931.786	4439.43
932.868	4370.61
933.95	4314.64
935.032	4279.53
936.114	4221.28
937.196	4170.74
938.277	4146.77
939.357	4133.95
940.438	4055.7
941.518	4077.73
942.598	4050.33
943.678	4014.65
944.756	3990.11
945.835	3964.15
946.914	3997.32
947.992	3951.93
949.07	3927.39
950.148	3934.57
951.225	3904.6
952.302	3885.49
953.379	3883.81
954.456	3904.41
955.531	3919.3
956.608	3848.77
957.683	3831.94
958.758	3877.12
959.833	3851.15
960.908	3846.9
961.982	3813.5
963.056	3809.25
964.13	3815.86
965.203	3831.32
966.276	3812.78
967.349	3821.67
968.421	3834.85
969.493	3806.59
970.565	3784.63
971.636	3811.23
972.708	3821.84
973.779	3827.87
974.849	3804.47
975.92	3810.79
976.99	3805.11
978.06	3823.43
979.129	3799.46
980.198	3820.07
981.267	3817.53
982.336	3815.85
983.404	3866.17
984.471	3829.92
985.539	3855.95
986.606	3849.12
987.673	3836.01
988.739	3887.48
989.806	3837.8
990.872	3852.11
991.938	3871.58
993.003	3895.9
994.069	3904.79
995.133	3897.39
996.198	3834.85
997.262	3940.03
998.326	3958.06
999.39	3964.38
1000.45	3957.56
1001.52	3999.59
1002.58	3945.62
1003.64	3935.37
1004.7	3932.83
1005.77	3939.15
1006.83	3901.76
1007.89	3930.07
1008.95	3914.39
1010.01	3908.14
1011.07	3899.03
1012.13	3914.49
1013.19	3901.95
1014.25	3880.56
1015.31	3879.45
1016.37	3876.34
1017.42	3858.37
1018.48	3862.41
1019.54	3880.15
1020.6	3833.62
1021.65	3833.08
1022.71	3861.68
1023.77	3874.86
1024.82	3800.03
1025.88	3871.5
1026.94	3872.67
1027.99	3891.56
1029.05	3866.17
1030.1	3889.06
1031.16	3898.8
1032.21	3892.27
1033.26	3904.3
1034.32	3906.05
1035.37	3945.22
1036.42	3951.83
1037.48	3973.86
1038.53	3991.04
1039.58	4046.5
1040.63	4098.82
1041.68	4151.14
1042.74	4209.74
1043.79	4325.77
1044.84	4427.81
1045.89	4607.84
1046.94	4700.45
1047.99	4859.62
1049.04	4942.23
1050.09	4882.26
1051.13	4772.01
1052.18	4576.9
1053.23	4413.22
1054.28	4277.82
1055.33	4163.57
1056.37	4054.17
1057.42	4034.21
1058.47	3985.1
1059.51	3971.42
1060.56	3951.16
1061.6	3944.34
1062.65	3922.37
1063.7	3969.55
1064.74	3975.87
1065.78	4004.47
1066.83	4075.93
1067.87	4115.4
1068.92	4162
1069.96	4166.61
1071	4224.64
1072.04	4218.1
1073.09	4224.99
1074.13	4187.88
1075.17	4076.49
1076.21	3993.38
1077.25	3913.12
1078.29	3854.3
1079.34	3876.33
1080.38	3868.65
1081.42	3862.11
1082.45	3825.29
1083.49	3797.04
1084.53	3831.36
1085.57	3798.82
1086.61	3834.85
1087.65	3808.03
1088.69	3792.06
1089.72	3801.52
1090.76	3816.7
1091.8	3798.45
1092.84	3800.48
1093.87	3788.51
1094.91	3794.83
1095.94	3799.72
1096.98	3773.47
1098.01	3783.79
1099.05	3782.11
1100.08	3798.43
1101.12	3799.32
1102.15	3803.06
1103.19	3791.38
1104.22	3795.42
1105.25	3839.73
1106.29	3830.91
1107.32	3860.66
1108.35	3847.55
1109.38	3851.3
1110.41	3880.47
1111.44	3848.22
1112.48	3860.82
1113.51	3856.29
1114.54	3843.18
1115.57	3866.35
1116.6	3856.39
1117.63	3865.56
1118.65	3909.02
1119.68	3931.63
1120.71	3976.52
1121.74	3948.84
1122.77	3950.58
1123.8	3965.47
1124.82	3964.08
1125.85	3923.83
1126.88	3901.29
1127.9	3873.61
1128.93	3825.07
1129.96	3825.1
1130.98	3804.28
1132.01	3772.03
1133.03	3756.06
1134.06	3790.95
1135.08	3753.27
1136.11	3779.3
1137.13	3742.19
1138.15	3718.8
1139.18	3779.97
1140.2	3772.86
1141.22	3741.18
1142.24	3730.07
1143.27	3752.96
1144.29	3761.57
1145.31	3741.03
1146.33	3746.49
1147.35	3760.24
1148.37	3753.99
1149.39	3747.16
1150.41	3774.91
1151.43	3768.09
1152.45	3748.98
1153.47	3740.72
1154.49	3737.33
1155.51	3723.65
1156.53	3733.11
1157.54	3710
1158.56	3721.18
1159.58	3725.78
1160.59	3737.53
1161.61	3750.42
1162.63	3767.59
1163.64	3773.06
1164.66	3780.23
1165.68	3803.12
1166.69	3747.16
1167.71	3719.76
1168.72	3745.51
1169.73	3687.83
1170.75	3681.29
1171.76	3690.46
1172.78	3673.93
1173.79	3667.67
1174.8	3690.56
1175.81	3748.03
1176.83	3756.34
1177.84	3779.23
1178.85	3830.41
1179.86	3833.3
1180.87	3799.05
1181.88	3763.37
1182.89	3712.83
1183.9	3687.72
1184.91	3685.47
1185.92	3669.21
1186.93	3692.39
1187.94	3649.57
1188.95	3700.74
1189.96	3670.49
1190.97	3691.1
1191.97	3689.41
1192.98	3678.02
1193.99	3688.34
1195	3714.94
1196	3695.26
1197.01	3719.58
1198.01	3740.76
1199.02	3727.93
1200.03	3748.25
1201.03	3776.57
1202.04	3752.6
1203.04	3755.78
1204.04	3742.1
1205.05	3742.7
1206.05	3752.74
1207.06	3753.63
1208.06	3763.66
1209.06	3731.41
1210.06	3739.44
1211.07	3734.62
1212.07	3735.22
1213.07	3756.4
1214.07	3739.57
1215.07	3763.89
1216.07	3759.64
1217.07	3773.39
1218.07	3827.99
1219.07	3840.88
1220.07	3858.34
1221.07	3906.38
1222.07	3913.84
1223.07	3939.87
1224.07	3979.05
1225.07	4036.22
1226.06	4050.83
1227.06	4046.86
1228.06	4044.04
1229.06	4082.64
1230.05	4133.25
1231.05	4091.85
1232.04	4101.6
1233.04	4139.06
1234.04	4113.38
1235.03	4104.84
1236.03	4196.3
1237.02	4231.16
1238.01	4331.08
1239.01	4400.6
1240	4414.7
1241	4409.41
1241.99	4383.36
1242.98	4349.83
1243.97	4291.2
1244.97	4264.09
1245.96	4195.25
1246.95	4108.8
1247.94	4116.31
1248.93	4048.97
1249.92	4013.56
1250.91	3999.75
1251.9	3985.39
1252.89	3948.72
1253.88	3935.81
1254.87	3918.02
1255.86	3851.99
1256.85	3840.96
1257.84	3843.3
1258.83	3799.45
1259.81	3759.47
1260.8	3773.97
1261.79	3778.44
1262.78	3758.28
1263.76	3763.53
1264.75	3790.03
1265.73	3783.15
1266.72	3777.8
1267.71	3801.34
1268.69	3821.72
1269.68	3819.77
1270.66	3781.02
1271.65	3820.08
1272.63	3810.12
1273.61	3809.58
1274.6	3814.22
1275.58	3798.62
1276.56	3806.63
1277.55	3835.01
1278.53	3829.84
1279.51	3845.3
1280.49	3880.56
1281.47	3912.39
1282.45	3934.13
1283.43	3980.43
1284.42	4039.88
1285.4	4064.07
1286.38	4078.8
1287.35	4090.67
1288.33	4078.92
1289.06	4060.6
1290.08	4048.82
1291.1	3945.62
1292.12	3931.85
1293.14	3834.08
1294.16	3801.45
1295.17	3748.54
1296.19	3744.77
1297.21	3696.14
1298.23	3687.8
1299.25	3662.02
1300.27	3606.54
1301.28	3627.91
1302.3	3599.85
1303.32	3610.37
1304.33	3584.59
1305.35	3611.39
1306.37	3616.19
1307.38	3599.57
1308.4	3593.22
1309.41	3584.59
1310.43	3605.68
1311.44	3621.34
1312.46	3626.14
1313.47	3593.79
1314.49	3587.45
1315.5	3597.97
1316.51	3607.05
1317.53	3639.85
1318.54	3603.22
1319.55	3646.88
1320.57	3659.68
1321.58	3644.19
1322.59	3638.99
1323.6	3620.65
1324.61	3580.02
1325.63	3546.54
1326.64	3495.34
1327.65	3510.14
1328.66	3488.36
1329.67	3512.59
1330.68	3464.54
1331.69	3463.62
1332.7	3500.14
1333.71	3484.36
1334.72	3491.45
1335.72	3514.82
1336.73	3479.34
1337.74	3483.56
1338.75	3428.08
1339.76	3443.16
1340.76	3441.11
1341.77	3408.19
1342.78	3436.42
1343.79	3407.51
1344.79	3401.73
1345.8	3410.53
1346.8	3398.48
1347.81	3407.28
1348.82	3384.08
1349.82	3401.16
1350.83	3405.96
1351.83	3376.19
1352.84	3371.56
1353.84	3342.36
1354.84	3363.73
1355.85	3341.68
1356.85	3341.91
1357.85	3354.13
1358.86	3370.65
1359.86	3388.02
1360.86	3380.25
1361.86	3355.91
1362.87	3352.13
1363.87	3361.22
1364.87	3378.02
1365.87	3367.68
1366.87	3369.33
1367.87	3355.56
1368.87	3385.5
1369.87	3338.59
1370.87	3335.96
1371.87	3364.48
1372.87	3383.28
1373.87	3374.08
1374.87	3361.16
1375.87	3395.39
1376.87	3412.76
1377.86	3402.99
1378.86	3422.93
1379.86	3389.16
1380.86	3404.82
1381.85	3374.19
1382.85	3346.42
1383.85	3334.65
1384.84	3313.45
1385.84	3313.1
1386.84	3304.76
1387.83	3333.85
1388.83	3322.93
1389.82	3321.16
1390.82	3333.39
1391.81	3315.33
1392.81	3342.13
1393.8	3349.22
1394.79	3372.02
1395.79	3361.96
1396.78	3424.47
1397.77	3446.42
1398.77	3486.93
1399.76	3544.87
1400.75	3610.25
1401.74	3659.9
1402.74	3694.99
1403.73	3704.93
1404.72	3710.87
1405.71	3626.24
1406.7	3543.62
1407.69	3520.99
1408.68	3467.22
1409.67	3453.44
1410.66	3384.53
1411.65	3412.19
1412.64	3390.13
1413.63	3414.07
1414.62	3416.02
1415.61	3429.67
1416.59	3369.62
1417.58	3422.13
1418.57	3336.93
1419.56	3332.87
1420.55	3333.67
1421.53	3318.47
1422.52	3334.42
1423.51	3281.21
1424.49	3324.59
1425.48	3282.53
1426.46	3336.76
1427.45	3301.56
1428.43	3350.93
1429.42	3319.16
1430.4	3327.39
1431.39	3362.19
1432.37	3338.7
1433.36	3340.64
1434.34	3347.73
1435.32	3364.24
1436.31	3399.04
1437.29	3360.41
1438.27	3371.21
1439.26	3345.73
1440.24	3356.24
1441.22	3314.47
1442.2	3327.56
1443.18	3347.78
1444.16	3348.01
1445.14	3384.81
1446.12	3395.61
1447.11	3442.7
1448.09	3519.78
1449.07	3608.01
1450.05	3663.67
1451.02	3668.18
1452	3704.41
1452.98	3690.93
1453.96	3613.16
1454.94	3583.96
1455.92	3529.33
1456.9	3496.13
1457.87	3458.07
1458.85	3458.3
1459.83	3425.38
1460.81	3403.9
1461.78	3397.55
1462.76	3319.78
1463.73	3319.44
1464.71	3295.96
1465.69	3253.61
1466.66	3271.27
1467.64	3276.93
1468.61	3224.87
1469.59	3270.24
1470.56	3215.04
1471.54	3214.13
1472.51	3180.64
1473.48	3190.87
1474.46	3179.95
1475.43	3161.9
1476.4	3164.41
1477.37	3141.78
1478.35	3118.87
1479.32	3105.95
1480.29	3125.04
1481.26	3098.13
1482.23	3114.35
1483.21	3040.87
1484.18	3052.52
1485.15	3067.04
1486.12	3040.41
1487.09	3022.92
1488.06	3024.01
1489.03	3037.1
1490	3047.61
1490.97	3055.55
1491.93	3043.21
1492.9	3032.3
1493.87	3046.52
1494.84	3065.04
1495.81	3046.7
1496.77	3062.92
1497.74	3030.58
1498.71	3025.67
1499.68	3013.9
1500.64	3007.55
1501.61	2996.64
1502.58	2989.72
1503.54	2968.81
1504.51	2975.32
1505.47	2943.27
1506.44	2944.92
1507.4	2927.44
1508.37	2949.09
1509.33	2955.32
1510.3	2928.12
1511.26	2958.07
1512.22	2962.87
1513.19	2962.81
1514.15	2996.18
1515.11	2968.69
1516.08	3000.35
1517.04	2973.72
1518	2983.38
1518.96	2991.89
1519.92	2977.84
1520.88	3002.64
1521.85	2986.58
1522.81	2962.81
1523.77	2939.04
1524.73	2960.12
1525.69	2916.35
1526.65	2909.72
1527.61	2930.24
1528.57	2937.89
1529.53	2926.12
1530.48	2904.92
1531.44	2938.86
1532.4	2904.81
1533.36	2883.32
1534.32	2883.26
1535.28	2890.06
1536.23	2884.29
1537.19	2913.66
1538.15	2897.89
1539.1	2885.55
1540.06	2878.92
1541.02	2906.58
1541.97	2883.95
1542.93	2889.03
1543.88	2884.41
1544.84	2868.64
1545.79	2901.72
1546.75	2875.38
1547.7	2879.89
1548.66	2871.83
1549.61	2879.21
1550.56	2869.43
1551.52	2874.81
1552.47	2881.32
1553.42	2904.98
1554.38	2867.78
1555.33	2873.15
1556.28	2890.23
1557.23	2880.75
1558.18	2880.69
1559.14	2875.49
1560.09	2902.29
1561.04	2868.23
1561.99	2877.32
1562.94	2854.41
1563.89	2872.35
1564.84	2863.15
1565.79	2873.95
1566.74	2877.32
1567.69	2825.26
1568.64	2885.78
1569.59	2858
1570.53	2846.8
1571.48	2885.03
1572.43	2857.83
1573.38	2860.63
1574.33	2868.58
1575.27	2833.66
1576.22	2846.46
1577.17	2830.12
1578.11	2839.2
1579.06	2844
1580	2855.66
1580.95	2835.32
1581.9	2841.55
1582.84	2818.92
1583.79	2833.15
1584.73	2819.95
1585.67	2819.03
1586.62	2822.12
1587.56	2763.2
1588.51	2791.72
1589.45	2785.95
1590.39	2790.46
1591.34	2796.12
1592.28	2793.49
1593.22	2775.43
1594.16	2771.37
1595.11	2766.75
1596.05	2758.12
1596.99	2739.77
1597.93	2757.15
1598.87	2745.37
1599.81	2770.17
1600.75	2736.69
1601.69	2763.49
1602.63	2763.72
1603.57	2761.37
1604.51	2744.46
1605.45	2775.54
1606.39	2808.63
1607.33	2773.43
1608.27	2786.8
1609.21	2809.6
1610.14	2839.26
1611.08	2810.06
1612.02	2804.86
1612.96	2765.09
1613.89	2799.03
1614.83	2767.54
1615.77	2771.77
1616.7	2758.29
1617.64	2730.8
1618.58	2724.46
1619.51	2722.4
1620.45	2715.77
1621.38	2711.43
1622.32	2713.09
1623.25	2668.74
1624.19	2688.97
1625.12	2680.06
1626.05	2679.71
1626.99	2691.66
1627.92	2669.03
1628.85	2690.69
1629.79	2724.63
1630.72	2693.43
1631.65	2711.37
1632.58	2728.17
1633.52	2756.4
1634.45	2753.77
1635.38	2790.57
1636.31	2815.37
1637.24	2783.31
1638.17	2818.97
1639.1	2798.34
1640.03	2805.14
1640.96	2750.51
1641.89	2750.17
1642.82	2732.4
1643.75	2716.63
1644.68	2666.57
1645.61	2656.23
1646.54	2653.03
1647.46	2648.4
1648.39	2655.2
1649.32	2639.43
1650.25	2643.94
1651.17	2614.74
1652.1	2618.4
1653.03	2609.77
1653.95	2599.71
1654.88	2582.23
1655.81	2570.46
1656.73	2573.83
1657.66	2578.91
1658.58	2584
1659.51	2562.51
1660.43	2565.6
1661.36	2555.25
1662.28	2556.63
1663.21	2562
1664.13	2523.37
1665.05	2535.31
1665.98	2558.97
1666.9	2542.34
1667.82	2566
1668.74	2551.65
1669.67	2550.74
1670.59	2533.83
1671.51	2544.63
1672.43	2547.14
1673.35	2550.8
1674.27	2529.31
1675.19	2515.82
1676.12	2495.48
1677.04	2494
1677.96	2496.8
1678.88	2523.6
1679.79	2504.4
1680.71	2494.62
1681.63	2506.57
1682.55	2495.94
1683.47	2480.74
1684.39	2508.4
1685.31	2485.2
1686.23	2486.85
1687.14	2496.51
1688.06	2465.31
1688.98	2500.68
1689.89	2484.05
1690.81	2475.71
1691.73	2445.65
1692.64	2461.88
1693.56	2475.54
1694.48	2483.48
1695.39	2440.85
1696.31	2449.08
1697.22	2462.17
1698.14	2456.97
1699.05	2439.48
1699.96	2433.14
1700.88	2451.65
1701.79	2445.59
1702.7	2467.54
1703.62	2446.62
1704.53	2453.99
1705.44	2441.37
1706.36	2433.31
1707.27	2448.11
1708.18	2431.19
1709.09	2436.85
1710	2446.79
1710.92	2439.88
1711.83	2413.82
1712.74	2431.48
1713.65	2433.42
1714.56	2450.51
1715.47	2435.59
1716.38	2442.68
1717.29	2410.91
1718.2	2419.42
1719.11	2452.79
1720.01	2436.16
1720.92	2451.54
1721.83	2452.34
1722.74	2463.14
1723.65	2429.08
1724.56	2465.59
1725.46	2435.82
1726.37	2439.76
1727.28	2483.42
1728.18	2489.08
1729.09	2479.88
1730	2551.25
1730.9	2558.33
1731.81	2617.71
1732.71	2606.79
1733.62	2623.31
1734.52	2598.39
1735.43	2598.62
1736.33	2572.85
1737.24	2568.22
1738.14	2548.73
1739.04	2557.25
1739.95	2559.76
1740.85	2535.71
1741.75	2553.08
1742.66	2506.73
1743.56	2512.96
1744.46	2503.48
1745.36	2480.85
1746.26	2484.22
1747.17	2503.02
1748.07	2476.68
1748.97	2472.33
1749.87	2451.42
1750.77	2465.93
1751.67	2450.16
1752.57	2424.96
1753.47	2418.9
1754.37	2406.56
1755.27	2422.5
1756.17	2392.16
1757.07	2394.68
1757.97	2385.19
1758.86	2354.56
1759.76	2367.65
1760.66	2351.3
1761.56	2332.39
1762.45	2335.76
1763.35	2327.13
1764.25	2300.22
1765.15	2304.45
1766.04	2298.68
1766.94	2298.33
1767.83	2290.56
1768.73	2259.93
1769.63	2270.45
1770.52	2260.1
1771.42	2245.19
1772.31	2241.99
1773.2	2245.65
1774.1	2243.02
1774.99	2220.39
1775.89	2234.33
1776.78	2229.13
1777.67	2243.93
1778.57	2236.45
1779.46	2210.96
1780.35	2220.05
1781.24	2201.13
1782.14	2206.5
1783.03	2221.87
1783.92	2224.96
1784.81	2211.19
1785.7	2199.42
1786.59	2214.5
1787.48	2219.87
1788.37	2167.53
1789.26	2189.76
1790.15	2192.84
1791.04	2151.36
1791.93	2197.87
1792.82	2199.82
1793.71	2192.62
1794.6	2164.27
1795.49	2157.93
1796.38	2181.59
1797.26	2189.24
1798.15	2172.04
1799.04	2175.13
1799.93	2161.93
1800.81	2133.87
1801.7	2157.53
1802.59	2146.04
1803.47	2155.7
1804.36	2118.5
1805.24	2159.87
1806.13	2164.96
1807.02	2144.9
1807.9	2146.27
1808.79	2139.36
1809.67	2110.44
1810.55	2133.53
1811.44	2136.33
1812.32	2129.99
1813.21	2097.36
1814.09	2118.16
1814.97	2124.39
1815.86	2114.04
1816.74	2095.41
1817.62	2093.07
1818.5	2110.16
1819.38	2108.39
1820.27	2102.9
1821.15	2071.13
1822.03	2095.93
1822.91	2084.16
1823.79	2086.38
1824.67	2096.9
1825.55	2072.56
1826.43	2090.21
1827.31	2079.58
1828.19	2070.1
1829.07	2070.33
1829.95	2065.41
1830.83	2061.64
1831.71	2038.16
1832.58	2065.24
1833.46	2043.76
1834.34	2031.13
1835.22	2038.21
1836.1	2058.16
1836.97	2044.1
1837.85	2023.18
1838.73	2030.84
1839.6	2032.5
1840.48	2026.15
1841.35	2026.95
1842.23	2031.75
1843.11	2009.98
1843.98	2029.93
1844.86	1998.73
1845.73	2000.1
1846.6	1990.9
1847.48	2017.41
1848.35	1993.07
1849.23	1979.58
1850.1	1977.53
1850.97	2000.33
1851.85	2010.27
1852.72	1990.5
1853.59	1967.01
1854.46	1979.81
1855.34	1972.04
1856.21	1977.7
1857.08	1969.93
1857.95	1957.01
1858.82	1965.24
1859.69	1944.61
1860.56	1948.55
1861.43	1955.07
1862.3	1934.72
1863.17	1945.52
1864.04	1948.04
1864.91	1951.7
1865.78	1954.21
1866.65	1927.3
1867.52	1930.38
1868.39	1956.9
1869.26	1935.12
1870.13	1937.92
1870.99	1953.01
1871.86	1935.52
1872.73	1949.47
1873.59	1936.27
1874.46	1902.78
1875.33	1917.01
1876.19	1930.95
1877.06	1926.32
1877.93	1918.84
1878.79	1897.64
1879.66	1890.15
1880.52	1911.24
1881.39	1901.18
1882.25	1878.55
1883.12	1906.49
1883.98	1902.72
1884.84	1889.52
1885.71	1883.47
1886.57	1866.84
1887.43	1870.49
1888.3	1898.15
1889.16	1897.81
1890.02	1908.04
1890.89	1876.84
1891.75	1869.35
1892.61	1862.15
1893.47	1869.24
1894.33	1894.61
1895.19	1882.26
1896.05	1881.06
1896.91	1860.15
1897.78	1873.81
1898.64	1872.32
1899.5	1874.26
1900.35	1851.92
1901.21	1869.58
1902.07	1856.95
1902.93	1856.32
1903.79	1850.55
1904.65	1832.49
1905.51	1832.72
1906.37	1850.09
1907.22	1828.04
1908.08	1835.98
1908.94	1849.35
1909.8	1836.43
1910.65	1831.81
1911.51	1828.89
1912.36	1843.98
1913.22	1819.92
1914.08	1841.86
1914.93	1824.38
1915.79	1819.75
1916.64	1801.69
1917.5	1813.92
1918.35	1828.15
1919.21	1803.52
1920.06	1809.46
1920.92	1802.26
1921.77	1801.35
1922.62	1784.72
1923.48	1802.09
1924.33	1774.32
1925.18	1797.12
1926.03	1758.2
1926.89	1794.72
1927.74	1786.38
1928.59	1788.03
1929.44	1777.69
1930.29	1773.06
1931.14	1761.86
1932	1757.52
1932.85	1775.75
1933.7	1765.12
1934.55	1758.78
1935.4	1756.43
1936.25	1735.8
1937.1	1740.32
1937.94	1731.12
1938.79	1742.49
1939.64	1742.72
1940.49	1736.09
1941.34	1735.46
1942.19	1737.4
1943.04	1744.2
1943.88	1738.15
1944.73	1696.38
1945.58	1731.46
1946.42	1732.83
1947.27	1702.2
1948.12	1705.57
1948.96	1708.09
1949.81	1713.75
1950.65	1720.83
1951.5	1713.92
1952.34	1706.43
1953.19	1678.66
1954.03	1717.46
1954.88	1684.26
1955.72	1681.63
1956.57	1690.43
1957.41	1701.23
1958.25	1682.6
1959.1	1670.26
1959.94	1692.49
1960.78	1672.43
1961.63	1701.23
1962.47	1683.17
1963.31	1653.12
1964.15	1684.2
1964.99	1677
1965.84	1662.94
1966.68	1688.6
1967.52	1651.97
1968.36	1644.77
1969.2	1665.57
1970.04	1668.09
1970.88	1624.89
1971.72	1668.54
1972.56	1657.34
1973.4	1655.86
1974.24	1633.52
1975.08	1639.46
1975.91	1627.11
1976.75	1644.77
1977.59	1635
1978.43	1638.94
1979.27	1614.31
1980.1	1630.83
1980.94	1608.49
1981.78	1635
1982.62	1612.37
1983.45	1619.74
1984.29	1611.69
1985.12	1596.49
1985.96	1584.14
1986.79	1620.94
1987.63	1581.74
1988.46	1610.26
1989.3	1602.49
1990.13	1595.86
1990.97	1604.94
1991.8	1585.46
1992.64	1588.83
1993.47	1579.63
1994.3	1584.71
1995.14	1585.8
1995.97	1576.88
1996.8	1579.68
1997.64	1586.2
1998.47	1558.71
1999.3	1579.8
2000.13	1566.88
2000.96	1570.83
2001.79	1537.63
2002.63	1569.57
2003.46	1566.08
2004.29	1527.46
2005.12	1558.83
2005.95	1545.63
2006.78	1546.71
2007.61	1543.8
2008.44	1558.03
2009.27	1528.54
2010.09	1537.34
2010.92	1523.28
2011.75	1517.23
2012.58	1542.03
2013.41	1537.4
2014.24	1531.63
2015.06	1548.71
2015.89	1546.94
2016.72	1513.17
2017.54	1517.11
2018.37	1526.2
2019.2	1518.14
2020.02	1507.8
2020.85	1513.74
2021.68	1519.4
2022.5	1495.34
2023.33	1477
2024.15	1474.65
2024.98	1516.88
2025.8	1513.97
2026.62	1512.77
2027.45	1489.85
2028.27	1481.51
2029.1	1462.6
2029.92	1469.11
2030.74	1475.34
2031.56	1475.85
2032.39	1480.37
2033.21	1472.02
2034.03	1452.25
2034.85	1465.05
2035.68	1472.14
2036.5	1473.51
2037.32	1447.74
2038.14	1464.25
2038.96	1474.77
2039.78	1457.57
2040.6	1457.8
2041.42	1460.88
2042.24	1440.25
2043.06	1468.2
2043.88	1454.42
2044.7	1459.51
2045.52	1444.02
2046.34	1420.54
2047.16	1439.05
2047.97	1423.85
2048.79	1425.22
2049.61	1427.17
2050.43	1434.25
2051.24	1421.05
2052.06	1419.85
2052.88	1402.94
2053.69	1434.02
2054.51	1433.68
2055.33	1431.62
2056.14	1397.85
2056.96	1420.94
2057.77	1428.88
2058.59	1436.54
2059.4	1413.05
2060.22	1421.28
2061.03	1386.94
2061.85	1397.74
2062.66	1394.54
2063.48	1393.05
2064.29	1392.71
2065.1	1372.08
2065.92	1393.16
2066.73	1371.39
2067.54	1394.48
2068.35	1384.42
2069.17	1383.51
2069.98	1408.02
2070.79	1401.68
2071.6	1389.91
2072.41	1369.56
2073.22	1368.65
2074.03	1379.45
2074.84	1354.82
2075.65	1335.33
2076.46	1351.56
2077.27	1369.79
2078.08	1363.73
2078.89	1354.25
2079.7	1367.91
2080.51	1363.85
2081.32	1355.79
2082.13	1360.88
2082.94	1348.25
2083.74	1357.91
2084.55	1335.85
2085.36	1345.51
2086.17	1350.31
2086.97	1341.96
2087.78	1344.76
2088.59	1346.71
2089.39	1342.08
2090.2	1324.59
2091.01	1337.68
2091.81	1331.62
2092.62	1340.7
2093.42	1336.65
2094.23	1312.59
2095.03	1338.53
2095.84	1311.05
2096.64	1308.7
2097.45	1320.65
2098.25	1309.45
2099.05	1293.68
2099.86	1316.19
