150.31	1908.14
151.606	1935.86
152.902	1955.29
154.198	1957.57
155.492	1954.71
156.787	1975.57
158.081	1916.14
159.376	1943.57
160.669	1907.29
161.962	1877.29
163.256	1896.43
164.548	1886.14
165.841	1863.86
167.133	1888.14
168.424	1876.71
169.715	1886.14
171.006	1881
172.297	1889.57
173.587	1892.43
174.877	1866.43
176.166	1886.43
177.456	1885.29
178.745	1893
180.033	1850.43
181.321	1877.57
182.609	1880.14
183.897	1872.71
185.184	1884.71
186.471	1902.43
187.757	1879.29
189.044	1896.71
190.33	1910.14
191.615	1895.57
192.9	1883.57
194.185	1905.57
195.469	1895.29
196.753	1886.43
198.037	1878.71
199.321	1889
200.604	1860.71
201.887	1865.57
203.17	1881.86
204.451	1874.43
205.733	1879.57
207.014	1868.43
208.296	1844.71
209.576	1877.29
210.856	1868.14
212.137	1869.86
213.417	1879
214.696	1863.86
215.975	1892.14
217.253	1907.86
218.532	1899.86
219.81	1900.43
221.088	1903.57
222.365	1915
223.642	1923
224.919	1927.29
226.195	1959
227.471	1969.86
228.747	2015.74
230.022	2043.33
231.297	2061.5
232.572	2100.52
233.846	2081.83
235.12	2094.57
236.394	2088.17
237.667	2056.91
238.94	2053.07
240.213	2046.67
241.485	2021.98
242.757	2053.86
244.029	2044.88
245.3	2062.77
246.571	2079.22
247.842	2093.96
249.112	2106.69
250.381	2114.58
251.651	2167.6
252.921	2200.34
254.189	2210.79
255.457	2217.81
256.726	2214.27
257.994	2257.58
259.261	2275.74
260.529	2306.77
261.796	2335.51
263.062	2338.25
264.329	2425.55
265.595	2452.29
266.86	2488.46
268.125	2496.34
269.39	2535.37
270.655	2520.1
271.919	2509.41
273.182	2460.44
274.446	2379.75
275.71	2318.77
276.973	2283.79
278.234	2195.39
279.497	2152.7
280.759	2109.72
282.021	2080.46
283.281	2015.49
284.543	2016.8
285.803	1983.25
287.063	1960.84
288.322	1959.87
289.583	1945.18
290.842	1951.63
292.101	1950.08
293.358	1933.39
294.617	1962.13
295.875	1933.73
297.133	1946.47
298.389	1930.35
299.647	1941.66
300.903	1943.82
302.159	1963.13
303.415	1958.44
304.67	1966.32
305.925	1975.92
307.18	1967.23
308.435	1986.25
309.689	1977.28
310.943	1958.3
312.196	1943.04
313.45	1963.78
314.702	1975.66
315.954	1974.4
317.207	1961.71
318.459	1965.87
319.71	1955.47
320.961	1959.92
322.212	1981.52
323.463	1969.11
324.712	1980.99
325.962	1919.73
327.211	1922.47
328.461	1894.35
329.71	1880.23
330.958	1861.54
332.207	1847.14
333.454	1840.73
334.702	1849.47
335.949	1835.64
337.196	1840.66
338.442	1826.83
339.688	1838.43
340.933	1848.59
342.179	1823.9
343.424	1832.64
344.67	1820.24
345.914	1840.12
347.158	1859.43
348.402	1861.59
349.645	1859.76
350.888	1885.93
352.131	1892.38
353.373	1911.12
354.616	1914.43
355.857	1928.31
357.099	1905.05
358.34	1878.07
359.58	1882.24
360.821	1876.12
362.061	1883.72
363.301	1877.03
364.54	1881.19
365.78	1885.65
367.019	1890.1
368.257	1901.12
369.495	1944.43
370.733	1948.03
371.97	1977.62
373.208	1999.22
374.444	2003.67
375.681	1951.55
376.917	1963.72
378.153	1883.6
379.389	1912.91
380.623	1870.22
381.858	1872.67
383.092	1833.13
384.327	1850.43
385.561	1838.03
386.794	1839.91
388.027	1840.08
389.26	1841.1
390.492	1872.98
391.724	1834.29
392.956	1861.03
394.188	1868.63
395.419	1853.65
396.65	1864.1
397.88	1888.56
399.11	1914.44
400.341	1934.32
401.57	1920.77
402.799	1896.37
404.028	1923.96
405.257	1933.27
406.484	1954.3
407.712	1955.61
408.94	1995.49
410.167	2011.94
411.394	2003.82
412.621	1993.99
413.847	1940.73
415.073	1925.18
416.298	1940.77
417.523	1914.94
418.749	1934.54
419.973	1925.28
421.197	1907.16
422.421	1921.61
423.644	1922.92
424.867	1908.23
426.091	1922.11
427.313	1932.85
428.536	1928.73
429.757	1921.75
430.979	1921.35
432.201	1910.37
433.421	1935.68
434.642	1942.71
435.862	1921.45
437.082	1929.61
438.301	1932.64
439.52	1940.23
440.739	1942.4
441.958	1945.42
443.176	1936.73
444.394	1938.61
445.612	1954.78
446.83	1986.38
448.046	1990.54
449.263	2047.57
450.479	2089.73
451.695	2137.61
452.911	2202.64
454.126	2250.81
455.341	2294.4
456.556	2331.14
457.77	2320.73
458.985	2283.76
460.198	2225.35
461.411	2144.09
462.624	2112.83
463.837	2051.86
465.05	2072.59
466.262	2033.33
467.473	2030.07
468.685	2012.81
469.896	1987.55
471.106	1992.29
472.317	2007.31
473.527	2016.33
474.737	1954.21
475.946	1988.67
477.155	1989.98
478.364	1987.86
479.573	2018.88
480.781	2081.33
481.988	2156.64
483.195	2208.53
484.403	2279.26
485.609	2291.43
486.816	2224.74
488.022	2126.91
489.227	2025.65
490.434	1985.81
491.639	1973.41
492.844	1935.29
494.048	1958.6
495.252	1927.34
496.456	1947.22
497.66	1935.39
498.863	1944.98
500.065	1972.86
501.268	1925.89
502.47	1928.91
503.672	1905.65
504.874	1910.39
506.075	1906.84
507.275	1921.29
508.476	1915.46
509.677	1930.77
510.876	1975.22
512.076	2012.25
513.275	2006.7
514.474	2008.87
515.673	1971.89
516.871	1972.63
518.069	1946.51
519.267	1945.53
520.464	1923.99
521.661	1926.44
522.857	1918.03
524.054	1939.34
525.25	1921.22
526.445	1943.11
527.641	1927.56
528.836	1946.87
530.031	1937.04
531.225	1960.63
532.42	1949.37
533.613	1953.82
534.807	1967.13
536	1968.16
537.192	1973.18
538.384	1963.06
539.576	2012.08
540.768	1970.54
541.96	1963.85
543.151	1978.01
544.342	2030.18
545.532	2052.06
546.723	2050.51
547.912	2073.25
549.102	2095.13
550.291	2126.44
551.479	2151.75
552.668	2213.06
553.856	2263.52
555.045	2326.83
556.232	2340.71
557.419	2364.3
558.606	2385.04
559.793	2356.92
560.979	2320.23
562.165	2278.11
563.35	2244.85
564.536	2186.73
565.721	2171.19
566.906	2132.5
568.09	2087.8
569.274	2071.11
570.457	2083.85
571.64	2067.45
572.824	2069.04
574.007	2059.78
575.189	2066.52
576.37	2055.54
577.552	2100.28
578.734	2143.59
579.915	2165.47
581.096	2190.78
582.276	2198.09
583.456	2231.97
584.636	2224.71
585.816	2213.45
586.995	2179.62
588.173	2155.5
589.352	2148.81
590.53	2099.26
591.708	2094.57
592.886	2063.88
594.063	2069.48
595.239	2056.22
596.416	2057.52
597.592	2038.83
598.768	2025
599.944	2017.17
601.119	2021.05
602.294	2017.22
603.469	2033.1
604.643	2018.41
605.817	2011.15
606.99	2005.88
608.163	2016.34
609.336	1994.5
610.509	2014.96
611.682	1992.27
612.853	1993.58
614.026	1970.03
615.197	2001.62
616.368	1973.79
617.539	2018.53
618.709	1995.55
619.879	1992.58
621.049	1986.74
622.218	2002.05
623.388	2017.65
624.557	2022.1
625.725	1987.13
626.893	2001.86
628.061	2016.32
629.229	2000.77
630.396	1984.37
631.563	2009.39
632.729	2002.7
633.895	1954.58
635.062	1974.18
636.227	1966.91
637.392	1977.94
638.557	1992.96
639.722	1996.84
640.886	2021.58
642.05	2014.61
643.214	2016.49
644.377	2008.65
645.54	2000.82
646.703	1984.99
647.865	1956.01
649.027	1962.18
650.189	1977.2
651.35	1996.51
652.511	1981.82
653.672	1960.27
654.833	1981.87
655.993	1983.75
657.153	1983.06
658.312	1998.66
659.472	2005.11
660.631	2010.13
661.789	2008.87
662.947	1984.47
664.105	2002.06
665.262	2025.94
666.42	1996.68
667.576	1976.85
668.734	1992.16
669.89	2007.75
671.046	1997.64
672.201	1988.66
673.357	2005.68
674.512	1970.42
675.667	1980.87
676.821	1994.47
677.975	1954.64
679.129	1998.23
680.282	1980.97
681.435	1987.14
682.588	1985.02
683.741	1977.76
684.893	1991.35
686.045	1972.66
687.196	1967.97
688.347	1965.28
689.498	2014.59
690.649	1979.33
691.799	1994.64
692.949	1976.52
694.099	2000.97
695.248	2017.43
696.396	1985.59
697.545	2014.62
698.694	2042.21
699.842	2020.09
700.989	2017.12
702.137	2005.86
703.284	2035.45
704.43	2023.62
705.577	2036.07
706.723	2015.95
707.869	2054.69
709.014	2074.29
710.159	2066.74
711.305	2045.76
712.449	2053.64
713.593	2041.24
714.737	2038.26
715.881	2041
717.024	2034.88
718.167	2069.62
719.309	2063.22
720.452	2051.1
721.594	2049.27
722.735	2065.43
723.876	2048.46
725.018	2068.62
726.158	2067.08
727.299	2046.67
728.439	2035.98
729.579	2050.72
730.718	2020.89
731.857	2033.34
732.996	2008.08
734.134	2000.24
735.273	1980.7
736.411	1970.86
737.548	1983.6
738.685	2005.2
739.823	2013.94
740.959	2003.82
742.095	1966.27
743.231	1969.01
744.367	1976.6
745.502	1980.77
746.637	1973.51
747.771	1980.53
748.906	1980.13
750.04	1960.58
751.173	1964.18
752.308	1954.34
753.441	1965.65
754.574	1984.11
755.705	1975.99
756.838	1984.72
757.97	1966.89
759.101	1961.06
760.232	1977.8
761.364	1968.82
762.494	1975.56
763.624	1954.3
764.754	1988.18
765.883	1983.2
767.013	1994.51
768.143	2011.25
769.271	1974.28
770.399	1986.73
771.527	2009.18
772.655	1992.2
773.782	1994.37
774.909	1990.25
776.036	2006.42
777.162	1996.87
778.289	2013.9
779.415	2012.35
780.54	2004.8
781.666	1989.54
782.791	2011.14
783.915	2001.02
785.039	2014.9
786.163	2010.78
787.287	2010.37
788.411	1998.83
789.533	2003.85
790.656	2032.59
791.778	2013.61
792.9	2010.92
794.022	2034.23
795.144	2043.26
796.265	2015.42
797.386	2011.31
798.506	2013.76
799.626	2008.21
800.746	2012.95
801.866	2022.83
802.985	2012.71
804.104	2015.74
805.223	2043.04
806.341	2009.78
807.459	2009.95
808.577	2006.69
809.694	2032
810.811	2016.17
811.928	2030.9
813.044	2050.21
814.16	2079.24
815.277	2073.69
816.392	2066.43
817.507	2062.31
818.622	2075.91
819.737	2040.36
820.851	2042.52
821.964	2040.12
823.078	2036.86
824.192	2030.17
825.304	2055.48
826.417	2050.5
827.53	2069.24
828.642	2051.69
829.754	2072.43
830.865	2073.17
831.976	2081.34
833.087	2074.36
834.197	2127.67
835.308	2128.12
836.417	2156.86
837.527	2156.46
838.636	2165.48
839.745	2173.08
840.854	2201.53
841.962	2212.55
843.07	2206.72
844.177	2244.6
845.284	2245.63
846.392	2282.36
847.499	2298.53
848.605	2320.41
849.711	2336.29
850.817	2359.03
851.922	2356.34
853.028	2354.22
854.132	2357.53
855.237	2333.13
856.341	2325.87
857.445	2346.32
858.549	2392.2
859.653	2424.08
860.755	2467.68
861.858	2504.41
862.96	2585.44
864.062	2706.18
865.164	2849.49
866.266	3027.37
867.367	3306.39
868.468	3629.99
869.568	3922.73
870.669	4160.61
871.768	4253.92
872.868	4248.94
873.967	4028.82
875.066	3826.13
876.165	3586.87
877.263	3305.32
878.361	3079.2
879.458	2890.8
880.557	2722.39
881.653	2611.7
882.75	2481.3
883.847	2435.18
884.943	2350.49
886.038	2297.51
887.134	2249.4
888.229	2230.99
889.325	2192.3
890.419	2153.9
891.513	2140.92
892.607	2124.52
893.701	2112.68
894.794	2101.14
895.888	2087.59
896.98	2083.18
898.073	2104.78
899.165	2088.66
900.257	2097.68
901.349	2089.57
902.44	2118.59
903.53	2076.19
904.621	2075.78
905.711	2067.09
906.802	2056.4
907.891	2091.42
908.981	2094.45
910.07	2072.62
911.158	2089.07
912.247	2074.66
913.335	2093.69
914.423	2100.71
915.51	2102.02
916.597	2124.47
917.684	2108.07
918.771	2145.67
919.857	2134.97
920.943	2181.71
922.029	2151.02
923.114	2191.76
924.199	2233.36
925.284	2265.52
926.368	2294.55
927.453	2357.86
928.537	2381.45
929.62	2405.33
930.703	2407.22
931.786	2412.81
932.868	2379.55
933.95	2339.14
935.032	2295.6
936.114	2236.62
937.196	2219.36
938.277	2155.81
939.357	2125.69
940.438	2143.29
941.518	2104.31
942.598	2094.19
943.678	2087.79
944.756	2079.39
945.835	2056.41
946.914	2035.15
947.992	2015.31
949.07	2017.48
950.148	2018.79
951.225	2021.53
952.302	2006.27
953.379	2006.15
954.456	1994.32
955.531	2007.05
956.608	1965.22
957.683	1975.67
958.758	1982.13
959.833	1953.44
960.908	1953.6
961.982	1957.2
963.056	1946.79
964.13	1950.39
965.203	1939.13
966.276	1954.44
967.349	1937.46
968.421	1948.2
969.493	1938.94
970.565	1953.11
971.636	1969.27
972.708	1948.58
973.779	1961.89
974.849	1959.2
975.92	1943.65
976.99	1945.82
978.06	1947.99
979.129	1955.01
980.198	1960.89
981.267	1960.77
982.336	1970.66
983.404	1970.54
984.471	1954.99
985.539	1946.58
986.606	1970.18
987.673	1969.49
988.739	1985.94
989.806	1980.68
990.872	1988.85
991.938	1971.3
993.003	1972.04
994.069	2014.21
995.133	1999.23
996.198	2012.25
997.262	2001.28
998.326	2012.59
999.39	2034.47
1000.45	2056.06
1001.52	2065.37
1002.58	2065.83
1003.64	2030.56
1004.7	2067.59
1005.77	2040.33
1006.83	2064.21
1007.89	2049.52
1008.95	2028.54
1010.01	2010.42
1011.07	2026.3
1012.13	2033.04
1013.19	2006.64
1014.25	2033.38
1015.31	2041.54
1016.37	2019.14
1017.42	2023.31
1018.48	2049.47
1019.54	2020.21
1020.6	2030.66
1021.65	1997.4
1022.71	2018.14
1023.77	2016.02
1024.82	2037.33
1025.88	1988.93
1026.94	1994.81
1027.99	2027.55
1029.05	1998.28
1030.1	2045.02
1031.16	2029.48
1032.21	2035.07
1033.26	2030.67
1034.32	2079.98
1035.37	2067.29
1036.42	2051.17
1037.48	2108.76
1038.53	2102.36
1039.58	2142.53
1040.63	2134.41
1041.68	2181.43
1042.74	2179.6
1043.79	2209.76
1044.84	2278.22
1045.89	2371.53
1046.94	2461.41
1047.99	2568.72
1049.04	2668.31
1050.09	2698.48
1051.13	2712.93
1052.18	2646.53
1053.23	2589.27
1054.28	2470.58
1055.33	2330.17
1056.37	2243.77
1057.42	2222.22
1058.47	2168.96
1059.51	2155.13
1060.56	2116.15
1061.6	2091.46
1062.65	2116.2
1063.7	2069.79
1064.74	2094.25
1065.78	2079.84
1066.83	2133.44
1067.87	2145.32
1068.92	2167.48
1069.96	2226.79
1071	2234.96
1072.04	2269.99
1073.09	2250.72
1074.13	2246.03
1075.17	2208.77
1076.21	2170.94
1077.25	2109.96
1078.29	2064.13
1079.34	2036.01
1080.38	2033.61
1081.42	2025.49
1082.45	2013.37
1083.49	2041.82
1084.53	2002.27
1085.57	2003.87
1086.61	2021.46
1087.65	2029.35
1088.69	2010.08
1089.72	2019.39
1090.76	2002.99
1091.8	2010.87
1092.84	2004.47
1093.87	2001.2
1094.91	2007.09
1095.94	2006.4
1096.98	2028.85
1098.01	1972.16
1099.05	1983.47
1100.08	2021.63
1101.12	2017.23
1102.15	2005.97
1103.19	2004.99
1104.22	2045.73
1105.25	2009.04
1106.29	2006.64
1107.32	2029.09
1108.35	2050.4
1109.38	2047.99
1110.41	2049.3
1111.44	2062.33
1112.48	2045.64
1113.51	2070.95
1114.54	2059.97
1115.57	2065.85
1116.6	2068.88
1117.63	2053.9
1118.65	2045.21
1119.68	2084.52
1120.71	2102.4
1121.74	2120.57
1122.77	2137.31
1123.8	2159.76
1124.82	2132.5
1125.85	2146.38
1126.88	2139.4
1127.9	2099.57
1128.93	2109.17
1129.96	2075.33
1130.98	2045.78
1132.01	2051.38
1133.03	2012.69
1134.06	2018.86
1135.08	2018.17
1136.11	2006.05
1137.13	1993.93
1138.15	1987.24
1139.18	2012.55
1140.2	1996.72
1141.22	1996.03
1142.24	2009.62
1143.27	2016.64
1144.29	1983.67
1145.31	1998.12
1146.33	2012.86
1147.35	2021.03
1148.37	2025.77
1149.39	2016.5
1150.41	2022.38
1151.43	2004.27
1152.45	1985.58
1153.47	2002.89
1154.49	1983.62
1155.51	1980.65
1156.53	2008.53
1157.54	2010.12
1158.56	2006.86
1159.58	2020.17
1160.59	2002.63
1161.61	2010.51
1162.63	1985.82
1163.64	2004.27
1164.66	2017.86
1165.68	1992.89
1166.69	1987.34
1167.71	1976.65
1168.72	1976.82
1169.73	1966.7
1170.75	1990.29
1171.76	1995.6
1172.78	1962.06
1173.79	1956.8
1174.8	1977.53
1175.81	1960.84
1176.83	1977.58
1177.84	1999.75
1178.85	2022.2
1179.86	2024.65
1180.87	2045.11
1181.88	2010.13
1182.89	1999.15
1183.9	1994.75
1184.91	1984.92
1185.92	1954.51
1186.93	1955.82
1187.94	1960.56
1188.95	1970.73
1189.96	1971.18
1190.97	1956.49
1191.97	1959.23
1192.98	1972.54
1193.99	1966.42
1195	1988.87
1196	1962.75
1197.01	2001.78
1198.01	1989.66
1199.02	2000.97
1200.03	2018.85
1201.03	2031.3
1202.04	2022.61
1203.04	2043.92
1204.04	2015.52
1205.05	2024.25
1206.05	2026.42
1207.06	2000.02
1208.06	2056.47
1209.06	2019.78
1210.06	2026.52
1211.07	2003.26
1212.07	2008.28
1213.07	2018.45
1214.07	2025.47
1215.07	2018.5
1216.07	2002.95
1217.07	2030.54
1218.07	2043.28
1219.07	2034.31
1220.07	2073.9
1221.07	2104.07
1222.07	2128.52
1223.07	2148.97
1224.07	2135.71
1225.07	2148.16
1226.06	2179.47
1227.06	2189.93
1228.06	2205.24
1229.06	2204.83
1230.05	2223.28
1231.05	2249.17
1232.04	2239.9
1233.04	2239.79
1234.04	2241.38
1235.03	2239.26
1236.03	2266.57
1237.02	2269.25
1238.01	2339.54
1239.01	2363.55
1240	2371.89
1241	2404.91
1241.99	2384.8
1242.98	2399.86
1243.97	2362.14
1244.97	2344.83
1245.96	2294.17
1246.95	2273.99
1247.94	2227.71
1248.93	2206.9
1249.92	2211.83
1250.91	2189.63
1251.9	2154.23
1252.89	2139.63
1253.88	2129.58
1254.87	2114.55
1255.86	2091.9
1256.85	2060.76
1257.84	2067.86
1258.83	2046.35
1259.81	2028.14
1260.8	2036.45
1261.79	2021.27
1262.78	2015.09
1263.76	2015.13
1264.75	2012.82
1265.73	2033.36
1266.72	2021.61
1267.71	2042.64
1268.69	2044.03
1269.68	2058
1270.66	2078.51
1271.65	2050.97
1272.63	2054.21
1273.61	2070.46
1274.6	2063.21
1275.58	2059.18
1276.56	2039.5
1277.55	2043.07
1278.53	2049.73
1279.51	2063.78
1280.49	2073.99
1281.47	2080.55
1282.45	2085.37
1283.43	2121.89
1284.42	2155.1
1285.4	2174.39
1286.38	2191.79
1287.35	2210.85
1288.33	2219.87
1289.06	2232.83
1290.08	2223.47
1291.1	2189.81
1292.12	2157.88
1293.14	2136.51
1294.16	2120.86
1295.17	2063.78
1296.19	2055.84
1297.21	2020.76
1298.23	2002.26
1299.25	1973.46
1300.27	1979.24
1301.28	1963.02
1302.3	1966.51
1303.32	1963.14
1304.33	1927.49
1305.35	1945.56
1306.37	1950.19
1307.38	1938.25
1308.4	1951.46
1309.41	1930.95
1310.43	1952.16
1311.44	1936.22
1312.46	1915.71
1313.47	1949.77
1314.49	1909.84
1315.5	1921.61
1316.51	1930.53
1317.53	1947.17
1318.54	1933.8
1319.55	1953.3
1320.57	1923.36
1321.58	1954.85
1322.59	1939.2
1323.6	1926.12
1324.61	1913.9
1325.63	1891.39
1326.64	1895.45
1327.65	1898.09
1328.66	1867.58
1329.67	1863.93
1330.68	1866.56
1331.69	1878.05
1332.7	1860.12
1333.71	1857.89
1334.72	1859.38
1335.72	1886.31
1336.73	1859.23
1337.74	1877.86
1338.75	1865.07
1339.76	1829.13
1340.76	1837.76
1341.77	1826.11
1342.78	1821.32
1343.79	1817.38
1344.79	1808.02
1345.8	1822.36
1346.8	1838.43
1347.81	1813.06
1348.82	1820.55
1349.82	1805.19
1350.83	1844.97
1351.83	1807.6
1352.84	1818.52
1353.84	1805.16
1354.84	1796.36
1355.85	1798.71
1356.85	1804.77
1357.85	1785.41
1358.86	1820.61
1359.86	1784.11
1360.86	1820.45
1361.86	1821.09
1362.87	1805.44
1363.87	1811.5
1364.87	1793.56
1365.87	1847.91
1366.87	1807.98
1367.87	1812.61
1368.87	1796.96
1369.87	1782.74
1370.87	1817.37
1371.87	1820.58
1372.87	1811.21
1373.87	1817.56
1374.87	1841.34
1375.87	1823.69
1376.87	1841.75
1377.86	1836.96
1378.86	1828.45
1379.86	1795.65
1380.86	1835.14
1381.85	1842.92
1382.85	1819.56
1383.85	1793.33
1384.84	1808.25
1385.84	1786.6
1386.84	1787.24
1387.83	1780.44
1388.83	1802.79
1389.82	1797.43
1390.82	1774.06
1391.81	1788.98
1392.81	1775.62
1393.8	1795.96
1394.79	1799.74
1395.79	1813.81
1396.78	1815.01
1397.77	1856.5
1398.77	1864.85
1399.76	1909.77
1400.75	1900.69
1401.74	1944.76
1402.74	1961.1
1403.73	1984.6
1404.72	1966.37
1405.71	1969.29
1406.7	1949.36
1407.69	1930.28
1408.68	1898.91
1409.67	1852.4
1410.66	1853.04
1411.65	1855.39
1412.64	1847.45
1413.63	1828.66
1414.62	1857.29
1415.61	1840.21
1416.59	1825.99
1417.58	1815.19
1418.57	1838.68
1419.56	1832.75
1420.55	1804.24
1421.53	1794.87
1422.52	1793.22
1423.51	1797.29
1424.49	1807.64
1425.48	1791.41
1426.46	1802.62
1427.45	1809.82
1428.43	1811.89
1429.42	1799.09
1430.4	1822.58
1431.39	1804.08
1432.37	1829.28
1433.36	1810.49
1434.34	1823.41
1435.32	1845.76
1436.31	1844.68
1437.29	1870.46
1438.27	1849.95
1439.26	1852.58
1440.24	1848.93
1441.22	1824.14
1442.2	1842.49
1443.18	1846.55
1444.16	1841.75
1445.14	1827.82
1446.12	1859.31
1447.11	1861.94
1448.09	1898.29
1449.07	1949.5
1450.05	2001.85
1451.02	2051.34
1452	2105.97
1452.98	2088.04
1453.96	2071.81
1454.94	2051.02
1455.92	2004.8
1456.9	1986
1457.87	1979.49
1458.85	1961.56
1459.83	1904.48
1460.81	1901.11
1461.78	1868.89
1462.76	1849.52
1463.73	1844.44
1464.71	1825.08
1465.69	1804.57
1466.66	1791.49
1467.64	1777.27
1468.61	1786.76
1469.59	1781.68
1470.56	1780.6
1471.54	1756.09
1472.51	1754.44
1473.48	1754.5
1474.46	1749.14
1475.43	1727.2
1476.4	1735.84
1477.37	1717.33
1478.35	1694.25
1479.32	1696.6
1480.29	1713.8
1481.26	1678.72
1482.23	1707.64
1483.21	1668.56
1484.18	1656.91
1485.15	1676.69
1486.12	1649.61
1487.09	1660.24
1488.06	1661.74
1489.03	1672.09
1490	1677.01
1490.97	1656.5
1491.93	1633.7
1492.9	1642.05
1493.87	1656.97
1494.84	1671.61
1495.81	1664.81
1496.77	1657.45
1497.74	1656.65
1498.71	1659.86
1499.68	1635.35
1500.64	1634.27
1501.61	1629.76
1502.58	1614.97
1503.54	1605.6
1504.51	1627.38
1505.47	1601.73
1506.44	1616.94
1507.4	1603
1508.37	1595.06
1509.33	1620.27
1510.3	1606.33
1511.26	1602.97
1512.22	1597.6
1513.19	1619.95
1514.15	1589.15
1515.11	1619.22
1516.08	1640.42
1517.04	1640.49
1518	1632.55
1518.96	1636.33
1519.92	1648.68
1520.88	1631.88
1521.85	1635.66
1522.81	1619.44
1523.77	1625.21
1524.73	1604.13
1525.69	1596.77
1526.65	1573.69
1527.61	1576.89
1528.57	1583.24
1529.53	1581.59
1530.48	1577.37
1531.44	1570.86
1532.4	1586.35
1533.36	1578.13
1534.32	1551.91
1535.28	1591.69
1536.23	1576.32
1537.19	1591.53
1538.15	1560.73
1539.1	1594.79
1540.06	1568.57
1541.02	1584.64
1541.97	1557.27
1542.93	1578.19
1543.88	1576.25
1544.84	1571.74
1545.79	1540.38
1546.75	1571.59
1547.7	1563.08
1548.66	1568
1549.61	1592.92
1550.56	1577.84
1551.52	1563.33
1552.47	1569.11
1553.42	1588.03
1554.38	1560.66
1555.33	1556.72
1556.28	1565.93
1557.23	1558.28
1558.18	1552.34
1559.14	1562.12
1560.09	1571.04
1561.04	1562.25
1561.99	1574.88
1562.94	1561.52
1563.89	1535.58
1564.84	1559.07
1565.79	1586.85
1566.74	1554.05
1567.69	1559.83
1568.64	1546.47
1569.59	1555.96
1570.53	1546.02
1571.48	1542.37
1572.43	1559.86
1573.38	1553.92
1574.33	1553.13
1575.27	1550.05
1576.22	1530.11
1577.17	1530.46
1578.11	1534.24
1579.06	1550.3
1580	1538.94
1580.95	1549.86
1581.9	1529.06
1582.84	1519.98
1583.79	1539.76
1584.73	1540.39
1585.67	1536.17
1586.62	1535.95
1587.56	1521.73
1588.51	1526.36
1589.45	1521.28
1590.39	1505.92
1591.34	1503.98
1592.28	1497.76
1593.22	1506.96
1594.16	1484.17
1595.11	1513.95
1596.05	1486.87
1596.99	1499.79
1597.93	1492.71
1598.87	1497.06
1599.81	1518.55
1600.75	1485.75
1601.69	1491.82
1602.63	1496.45
1603.57	1498.23
1604.51	1486.58
1605.45	1514.93
1606.39	1508.99
1607.33	1506.2
1608.27	1536.26
1609.21	1529.46
1610.14	1524.38
1611.08	1530.73
1612.02	1535.08
1612.96	1534.29
1613.89	1515.78
1614.83	1508.41
1615.77	1500.48
1616.7	1499.4
1617.64	1499.46
1618.58	1484.1
1619.51	1480.16
1620.45	1500.79
1621.38	1478
1622.32	1450.63
1623.25	1451.55
1624.19	1463.62
1625.12	1444.25
1626.05	1454.03
1626.99	1466.09
1627.92	1445.87
1628.85	1457.07
1629.79	1471.42
1630.72	1466.63
1631.65	1448.41
1632.58	1489.61
1633.52	1474.82
1634.45	1492.31
1635.38	1518.09
1636.31	1537.01
1637.24	1519.64
1638.17	1526.56
1639.1	1528.34
1640.03	1517.55
1640.96	1486.75
1641.89	1473.1
1642.82	1481.45
1643.75	1481.23
1644.68	1461.86
1645.61	1444.21
1646.54	1449.7
1647.46	1448.05
1648.39	1441.54
1649.32	1443.61
1650.25	1410.53
1651.17	1421.73
1652.1	1433.22
1653.03	1410.43
1653.95	1389.92
1654.88	1417.7
1655.81	1408.33
1656.73	1401.82
1657.66	1393.6
1658.58	1393.67
1659.51	1392.01
1660.43	1384.08
1661.36	1393.85
1662.28	1375.63
1663.21	1379.98
1664.13	1376.33
1665.05	1385.54
1665.98	1383.31
1666.9	1387.38
1667.82	1369.15
1668.74	1373.22
1669.67	1372.71
1670.59	1364.49
1671.51	1386.55
1672.43	1380.9
1673.35	1390.39
1674.27	1378.17
1675.19	1375.94
1676.12	1377.72
1677.04	1368.07
1677.96	1366.13
1678.88	1359.62
1679.79	1337.12
1680.71	1381.18
1681.63	1386.67
1682.55	1348.45
1683.47	1370.8
1684.39	1364.29
1685.31	1343.21
1686.23	1360.42
1687.14	1353.34
1688.06	1345.4
1688.98	1356.6
1689.89	1351.53
1690.81	1348.73
1691.73	1338.22
1692.64	1335.71
1693.56	1357.78
1694.48	1326.13
1695.39	1328.76
1696.31	1331.97
1697.22	1315.46
1698.14	1340.66
1699.05	1330.44
1699.96	1347.65
1700.88	1338
1701.79	1328.63
1702.7	1330.41
1703.62	1314.76
1704.53	1325.39
1705.44	1325.74
1706.36	1316.09
1707.27	1314.44
1708.18	1341.93
1709.09	1317.42
1710	1333.77
1710.92	1297.83
1711.83	1325.33
1712.74	1320.53
1713.65	1336.59
1714.56	1348.09
1715.47	1332.72
1716.38	1339.35
1717.29	1326.56
1718.2	1339.2
1719.11	1332.4
1720.01	1327.04
1720.92	1357.67
1721.83	1318.88
1722.74	1320.94
1723.65	1330.72
1724.56	1339.07
1725.46	1345.7
1726.37	1345.76
1727.28	1360.68
1728.18	1349.03
1729.09	1381.67
1730	1380.02
1730.9	1431.79
1731.81	1443.28
1732.71	1459.06
1733.62	1483.98
1734.52	1470.05
1735.43	1465.82
1736.33	1471.6
1737.24	1437.38
1738.14	1437.44
1739.04	1438.08
1739.95	1428.14
1740.85	1416.2
1741.75	1447.12
1742.66	1414.33
1743.56	1402.68
1744.46	1407.31
1745.36	1398.52
1746.26	1378.01
1747.17	1398.36
1748.07	1376.71
1748.97	1383.91
1749.87	1373.12
1750.77	1361.75
1751.67	1378.96
1752.57	1377.88
1753.47	1358.51
1754.37	1347.72
1755.27	1321.21
1756.17	1323.85
1757.07	1327.05
1757.97	1309.4
1758.86	1308.32
1759.76	1318.67
1760.66	1309.59
1761.56	1289.94
1762.45	1304
1763.35	1291.49
1764.25	1270.98
1765.15	1280.76
1766.04	1280.54
1766.94	1251.46
1767.83	1236.67
1768.73	1236.16
1769.63	1265.36
1770.52	1242
1771.42	1239.78
1772.31	1254.12
1773.2	1239.33
1774.1	1218.82
1774.99	1222.31
1775.89	1219.8
1776.78	1207.58
1777.67	1231.93
1778.57	1203.71
1779.46	1220.63
1780.35	1217.26
1781.24	1197.61
1782.14	1222.53
1783.03	1215.17
1783.92	1180.66
1784.81	1219.29
1785.7	1199.93
1786.59	1202.85
1787.48	1180.05
1788.37	1188.4
1789.26	1182.75
1790.15	1185.39
1791.04	1209.45
1791.93	1192.37
1792.82	1177.29
1793.71	1193.07
1794.6	1203.99
1795.49	1175.76
1796.38	1164.68
1797.26	1183.03
1798.15	1184.24
1799.04	1171.16
1799.93	1171.51
1800.81	1176.14
1801.7	1147.06
1802.59	1172.84
1803.47	1172.9
1804.36	1154.68
1805.24	1140.74
1806.13	1171.38
1807.02	1173.73
1807.9	1151.79
1808.79	1165.28
1809.67	1165.63
1810.55	1171.98
1811.44	1155.19
1812.32	1163.54
1813.21	1138.46
1814.09	1147.66
1814.97	1152.58
1815.86	1144.36
1816.74	1138.42
1817.62	1122.2
1818.5	1150.83
1819.38	1138.04
1820.27	1126.96
1821.15	1128.74
1822.03	1133.37
1822.91	1120.86
1823.79	1128.64
1824.67	1106.42
1825.55	1136.77
1826.43	1130.26
1827.31	1133.18
1828.19	1119.24
1829.07	1120.73
1829.95	1117.08
1830.83	1099.43
1831.71	1119.21
1832.58	1104.41
1833.46	1126.48
1834.34	1107.11
1835.22	1106.89
1836.1	1098.67
1836.97	1095.59
1837.85	1099.36
1838.73	1090
1839.6	1095.21
1840.48	1097.84
1841.35	1105.33
1842.23	1099.68
1843.11	1091.46
1843.98	1094.09
1844.86	1093.58
1845.73	1067.08
1846.6	1097.42
1847.48	1066.34
1848.35	1076.98
1849.23	1070.76
1850.1	1071.96
1850.97	1079.74
1851.85	1071.8
1852.72	1049.01
1853.59	1089.36
1854.46	1070.28
1855.34	1051.48
1856.21	1054.69
1857.08	1053.04
1857.95	1054.82
1858.82	1073.16
1859.69	1050.37
1860.56	1060.15
1861.43	1064.78
1862.3	1055.42
1863.17	1047.48
1864.04	1058.97
1864.91	1038.46
1865.78	1070.24
1866.65	1052.59
1867.52	1045.51
1868.39	1056.14
1869.26	1041.64
1870.13	1041.13
1870.99	1047.48
1871.86	1030.97
1872.73	1047.89
1873.59	1044.24
1874.46	1038.59
1875.33	1067.79
1876.19	1029.57
1877.06	1051.06
1877.93	1019.98
1878.79	1032.62
1879.66	1042.68
1880.52	1037.89
1881.39	1024.81
1882.25	1034.3
1883.12	1047.79
1883.98	1013.85
1884.84	1041.06
1885.71	1017.69
1886.57	1030.04
1887.43	1014.68
1888.3	1021.31
1889.16	1015.37
1890.02	1001.44
1890.89	1014.64
1891.75	1028.42
1892.61	1019.34
1893.47	1021.69
1894.33	991.18
1895.19	996.386
1896.05	1023.02
1896.91	1006.23
1897.78	1005.15
1898.64	1005.78
1899.5	1013.56
1900.35	1004.48
1901.21	997.971
1902.07	1000.89
1902.93	999.526
1903.79	1004.16
1904.65	999.08
1905.51	1003.43
1906.37	980.635
1907.22	983.555
1908.08	991.618
1908.94	981.396
1909.8	999.459
1910.65	985.808
1911.51	978.157
1912.36	983.077
1913.22	982.854
1914.08	985.489
1914.93	983.552
1915.79	974.472
1916.64	981.107
1917.5	996.313
1918.35	971.804
1919.21	962.724
1920.06	965.93
1920.92	972.851
1921.77	928.628
1922.62	968.12
1923.48	954.469
1924.33	962.817
1925.18	951.738
1926.03	950.658
1926.89	956.435
1927.74	935.355
1928.59	945.99
1929.44	963.767
1930.29	958.116
1931.14	942.751
1932	962.528
1932.85	943.163
1933.7	943.797
1934.55	919.575
1935.4	943.638
1936.25	944.272
1937.1	943.764
1937.94	936.97
1938.79	934.747
1939.64	923.667
1940.49	930.302
1941.34	914.365
1942.19	924.142
1943.04	909.063
1943.88	930.269
1944.73	924.046
1945.58	930.68
1946.42	927.029
1947.27	930.235
1948.12	930.298
1948.96	918.076
1949.81	895.567
1950.65	909.916
1951.5	928.836
1952.34	911.471
1953.19	914.963
1954.03	905.883
1954.88	900.517
1955.72	914.009
1956.57	904.072
1957.41	901.564
1958.25	905.055
1959.1	894.833
1959.94	910.61
1960.78	900.102
1961.63	885.594
1962.47	893.371
1963.31	914.291
1964.15	890.926
1964.99	894.132
1965.84	880.195
1966.68	891.972
1967.52	896.607
1968.36	876.098
1969.2	889.876
1970.04	874.51
1970.88	883.145
1971.72	891.494
1972.56	856.7
1973.4	883.906
1974.24	875.112
1975.08	869.46
1975.91	857.523
1976.75	876.158
1977.59	873.364
1978.43	881.141
1979.27	861.776
1980.1	857.553
1980.94	855.616
1981.78	858.536
1982.62	847.457
1983.45	855.234
1984.29	855.583
1985.12	854.218
1985.96	867.424
1986.79	845.201
1987.63	845.835
1988.46	840.756
1989.3	839.962
1990.13	849.739
1990.97	853.516
1991.8	834.151
1992.64	850.214
1993.47	828.563
1994.3	855.483
1995.14	829.546
1995.97	821.895
1996.8	831.101
1997.64	833.164
1998.47	840.37
1999.3	843.29
2000.13	840.782
2000.96	835.702
2001.79	823.479
2002.63	833.257
2003.46	820.463
2004.29	833.954
2005.12	832.018
2005.95	807.224
2006.78	817.287
2007.61	827.35
2008.44	815.413
2009.27	806.333
2010.09	824.11
2010.92	817.031
2011.75	816.237
2012.58	797.728
2013.41	808.363
2014.24	820.426
2015.06	809.632
2015.89	815.981
2016.72	799.472
2017.54	800.393
2018.37	817.599
2019.2	810.233
2020.02	795.439
2020.85	789.216
2021.68	788.708
2022.5	777.057
2023.33	803.12
2024.15	793.755
2024.98	782.675
2025.8	773.309
2026.62	786.515
2027.45	768.864
2028.27	788.641
2029.1	772.99
2029.92	787.339
2030.74	776.545
2031.56	757.751
2032.39	770.1
2033.21	772.449
2034.03	755.369
2034.85	762.289
2035.68	764.352
2036.5	761.272
2037.32	783.05
2038.14	758.542
2038.96	757.462
2039.78	764.096
2040.6	752.159
2041.42	753.937
2042.24	780.857
2043.06	763.492
2043.88	757.269
2044.7	760.189
2045.52	762.538
2046.34	747.744
2047.16	748.093
2047.97	743.584
2048.79	748.219
2049.61	744.568
2050.43	745.488
2051.24	749.551
2052.06	740.757
2052.88	739.963
2053.69	760.883
2054.51	731.518
2055.33	751.009
2056.14	737.073
2056.96	727.993
2057.77	744.913
2058.59	724.976
2059.4	737.039
2060.22	744.245
2061.03	742.022
2061.85	725.8
2062.66	727.006
2063.48	733.069
2064.29	736.846
2065.1	726.338
2065.92	709.258
2066.73	738.178
2067.54	732.242
2068.35	720.59
2069.17	703.796
2069.98	725.859
2070.79	733.923
2071.6	711.7
2072.41	721.763
2073.22	726.969
2074.03	697.603
2074.84	718.238
2075.65	695.158
2076.46	710.078
2077.27	719.284
2078.08	698.776
2078.89	695.696
2079.7	700.902
2080.51	688.394
2081.32	696.457
2082.13	705.092
2082.94	714.298
2083.74	697.789
2084.55	673.567
2085.36	693.344
2086.17	695.693
2086.97	683.756
2087.78	682.39
2088.59	671.025
2089.39	687.945
2090.2	694.865
2091.01	686.071
2091.81	678.135
2092.62	684.483
2093.42	671.975
2094.23	684.038
2095.03	667.815
2095.84	666.736
2096.64	668.513
2097.45	669.719
2098.25	676.925
2099.05	657.274
2099.86	647.337
