150.31	2823.57
151.606	2827.29
152.902	2835.29
154.198	2842.14
155.492	2825.29
156.787	2833.57
158.081	2835.86
159.376	2830.71
160.669	2787.29
161.962	2825
163.256	2793.57
164.548	2817.29
165.841	2825
167.133	2815
168.424	2813.57
169.715	2805.57
171.006	2811.57
172.297	2819
173.587	2816.71
174.877	2836.71
176.166	2810.14
177.456	2839.29
178.745	2837
180.033	2811.86
181.321	2809.86
182.609	2820.43
183.897	2819
185.184	2839
186.471	2832.43
187.757	2845.57
189.044	2835
190.33	2847.29
191.615	2867.29
192.9	2862.71
194.185	2844.43
195.469	2841
196.753	2836.14
198.037	2825
199.321	2788.43
200.604	2799.29
201.887	2819.86
203.17	2809.29
204.451	2789.57
205.733	2774.71
207.014	2788.71
208.296	2800.43
209.576	2801.57
210.856	2820.43
212.137	2827.86
213.417	2825.86
214.696	2848.43
215.975	2835.57
217.253	2819.29
218.532	2850.71
219.81	2864.71
221.088	2866.14
222.365	2869.86
223.642	2892.43
224.919	2924.71
226.195	2918.14
227.471	2973.86
228.747	2970.19
230.022	2984.23
231.297	3016.56
232.572	3058.31
233.846	3055.21
235.12	3039.54
236.394	3049.58
237.667	3030.77
238.94	3041.67
240.213	3041.42
241.485	3057.18
242.757	3142.08
244.029	3106.41
245.3	3153.31
246.571	3218.21
247.842	3255.39
249.112	3304.86
250.381	3290.34
251.651	3344.38
252.921	3318.99
254.189	3375.32
255.457	3389.93
256.726	3410.83
257.994	3482.3
259.261	3516.92
260.529	3578.39
261.796	3664.15
263.062	3706.76
264.329	3805.95
265.595	3838.27
266.86	3890.03
268.125	3903.79
269.39	3890.12
270.655	3882.44
271.919	3794.77
273.182	3741.1
274.446	3594.86
275.71	3480.61
276.973	3358.08
278.234	3267.27
279.497	3213.88
280.759	3115.93
282.021	3087.11
283.281	3025.15
284.543	3012.91
285.803	2936.95
287.063	2947.28
288.322	2928.18
289.583	2912.79
290.842	2895.41
292.101	2914.02
293.358	2882.64
294.617	2927.54
295.875	2924.15
297.133	2889.91
298.389	2909.95
299.647	2907.13
300.903	2901.75
302.159	2933.79
303.415	2929.26
304.67	2951.59
305.925	2945.06
307.18	2935.39
308.435	2960
309.689	2955.76
310.943	2906.94
312.196	2937.56
313.45	2927.32
314.702	2927.36
315.954	2933.69
317.207	2914.87
318.459	2900.63
319.71	2944.38
320.961	2886.71
322.212	2895.61
323.463	2892.8
324.712	2862.84
325.962	2845.74
327.211	2796.64
328.461	2795.82
329.71	2765.3
330.958	2754.2
332.207	2729.38
333.454	2732.28
334.702	2725.47
335.949	2758.94
337.196	2747.26
338.442	2761.31
339.688	2729.06
340.933	2739.11
342.179	2744.86
343.424	2751.76
344.67	2705.52
345.914	2735.85
347.158	2728.46
348.402	2755.93
349.645	2759.69
350.888	2768.3
352.131	2775.77
353.373	2794.39
354.616	2796.72
355.857	2761.9
357.099	2767.94
358.34	2752.27
359.58	2774.89
360.821	2740.93
362.061	2740.69
363.301	2756.16
364.54	2749.63
365.78	2774.81
367.019	2824.28
368.257	2786.9
369.495	2867.23
370.733	2889.84
371.97	2912.17
373.208	2943.07
374.444	2865.4
375.681	2826.01
376.917	2813.19
378.153	2762.67
379.389	2744.42
380.623	2720.46
381.858	2747.65
383.092	2719.12
384.327	2729.73
385.561	2707.78
386.794	2708.39
388.027	2711.29
389.26	2704.19
390.492	2736.52
391.724	2733.13
392.956	2748.32
394.188	2754.93
395.419	2752.97
396.65	2788.73
397.88	2767.63
399.11	2821.1
400.341	2835.72
401.57	2796.9
402.799	2792.66
404.028	2802.13
405.257	2825.03
406.484	2809.36
407.712	2799.97
408.94	2818.58
410.167	2842.34
411.394	2820.1
412.621	2841
413.847	2814.47
415.073	2836.22
416.298	2854.55
417.523	2838.02
418.749	2829.21
419.973	2841.54
421.197	2837.01
422.421	2847.05
423.644	2845.95
424.867	2839.14
426.091	2826.89
427.313	2869.51
428.536	2869.83
429.757	2839.31
430.979	2836.78
432.201	2857.68
433.421	2836.58
434.642	2851.19
435.862	2841.23
437.082	2816.7
438.301	2847.89
439.52	2869.36
440.739	2883.12
441.958	2906.3
443.176	2882.34
444.394	2934.67
445.612	2942.14
446.83	3011.33
448.046	3054.23
449.263	3163.98
450.479	3228.88
451.695	3360.64
452.911	3469.54
454.126	3517.01
455.341	3576.77
456.556	3518.24
457.77	3403.43
458.985	3346.9
460.198	3244.37
461.411	3136.41
462.624	3090.45
463.837	3059.64
465.05	3073.11
466.262	3014.86
467.473	2982.62
468.685	2961.24
469.896	2922.71
471.106	2944.18
472.317	2977.08
473.527	2938.83
474.737	2918.59
475.946	2914.92
477.155	2952.1
478.364	2946.72
479.573	2966.76
480.781	2996.8
481.988	3059.7
483.195	3158.32
484.403	3212.93
485.609	3194.12
486.816	3077.3
488.022	2988.49
489.227	2931.96
490.434	2859.14
491.639	2830.9
492.844	2876.08
494.048	2826.13
495.252	2808.74
496.456	2821.93
497.66	2860.25
498.863	2864.87
500.065	2853.2
501.268	2836.95
502.47	2859.85
503.672	2830.75
504.874	2815.94
506.075	2796.84
507.275	2819.17
508.476	2822.92
509.677	2836.39
510.876	2855.29
512.076	2907.05
513.275	2907.95
514.474	2916.28
515.673	2885.75
516.871	2868.65
518.069	2890.98
519.267	2837.3
520.464	2855.92
521.661	2854.25
522.857	2820
524.054	2860.33
525.25	2856.09
526.445	2858.7
527.641	2841.89
528.836	2863.64
530.031	2857.11
531.225	2897.44
532.42	2897.2
533.613	2860.1
534.807	2922.43
536	2903.04
537.192	2912.23
538.384	2943.41
539.576	2975.74
540.768	2923.78
541.96	2996.68
543.151	2981.87
544.342	3011.05
545.532	3054.81
546.723	3063.71
547.912	3137.18
549.102	3205.22
550.291	3268.12
551.479	3319.59
552.668	3391.64
553.856	3541.96
555.045	3566.58
556.232	3640.05
557.419	3631.23
558.606	3573.85
559.793	3526.46
560.979	3443.36
562.165	3352.55
563.35	3300.59
564.536	3237.77
565.721	3171.82
566.906	3125.29
568.09	3094.19
569.274	3072.23
570.457	3062.56
571.64	3028.31
572.824	3066.93
574.007	3070.4
575.189	3080.44
576.37	3127.63
577.552	3166.24
578.734	3266.28
579.915	3308.33
581.096	3340.08
582.276	3384.41
583.456	3341.6
584.636	3303.35
585.816	3267.4
586.995	3222.3
588.173	3200.34
589.352	3176.09
590.53	3128.42
591.708	3091.32
592.886	3054.22
594.063	3050.26
595.239	3016.59
596.416	3032.06
597.592	2987.53
598.768	2997.58
599.944	3008.19
601.119	2967.09
602.294	2979.99
603.469	2963.46
604.643	2978.93
605.817	2976.69
606.99	2955.87
608.163	2924.49
609.336	2941.96
610.509	2926
611.682	2942.33
612.853	2942.66
614.026	2917.84
615.197	2920.46
616.368	2913.64
617.539	2924.83
618.709	2916.58
619.879	2908.34
621.049	2889.24
622.218	2907
623.388	2910.47
624.557	2908.51
625.725	2892.84
626.893	2925.17
628.061	2941.21
629.229	2906.11
630.396	2876.15
631.563	2882.77
632.729	2857.09
633.895	2861.99
635.062	2878.04
636.227	2879.51
637.392	2867.84
638.557	2889.59
639.722	2928.78
640.886	2940.25
642.05	2929.43
643.214	2928.05
644.377	2902.66
645.54	2861.85
646.703	2866.46
647.865	2905.36
649.027	2867.12
650.189	2884.87
651.35	2868.92
652.511	2884.67
653.672	2878.43
654.833	2899.33
655.993	2905.66
657.153	2905.99
658.312	2896.03
659.472	2902.93
660.631	2896.4
661.789	2941.01
662.947	2907.34
664.105	2920.53
665.262	2951.43
666.42	2935.75
667.576	2930.08
668.734	2898.41
669.89	2898.74
671.046	2879.92
672.201	2905.97
673.357	2904.58
674.512	2861.19
675.667	2867.52
676.821	2916.71
677.975	2910.46
679.129	2903.93
680.282	2862.55
681.435	2886.88
682.588	2902.35
683.741	2885.53
684.893	2861.58
686.045	2865.9
687.196	2909.09
688.347	2893.99
689.498	2904.6
690.649	2895.22
691.799	2904.12
692.949	2910.73
694.099	2894.2
695.248	2927.1
696.396	2964.57
697.545	2926.04
698.694	2938.66
699.842	2937.84
700.989	2980.46
702.137	2961.36
703.284	2974.54
704.43	2950.87
705.577	2986.34
706.723	2960.38
707.869	2982.71
709.014	2965.32
710.159	2982.22
711.305	2994.84
712.449	2930.88
713.593	2979.49
714.737	2952.39
715.881	2993.58
717.024	2997.05
718.167	3032.24
719.309	3019.71
720.452	3048.32
721.594	3047.51
722.735	3023.83
723.876	3007.88
725.018	2988.49
726.158	2996.25
727.299	2970.29
728.439	2960.9
729.579	2948.66
730.718	2965.27
731.857	2919.03
732.996	2932.22
734.134	2912.54
735.273	2882.3
736.411	2891.2
737.548	2929.24
738.685	2894.71
739.823	2881.61
740.959	2895.66
742.095	2853.41
743.231	2880.31
744.367	2898.07
745.502	2874.4
746.637	2857.01
747.771	2882.2
748.906	2871.38
750.04	2880.57
751.173	2904.89
752.308	2852.65
753.441	2882.41
754.574	2840.45
755.705	2871.92
756.838	2856.25
757.97	2854.86
759.101	2865.76
760.232	2869.81
761.364	2879.56
762.494	2866.46
763.624	2875.65
764.754	2896.55
765.883	2892.02
767.013	2898.63
768.143	2906.1
769.271	2887.57
770.399	2881.9
771.527	2901.37
772.655	2910.27
773.782	2916.03
774.909	2862.07
776.036	2912.4
777.162	2905.01
778.289	2931.06
779.415	2921.96
780.54	2928.86
781.666	2908.04
782.791	2913.51
783.915	2928.7
785.039	2902.17
786.163	2953.07
787.287	2919.4
788.411	2945.15
789.533	2911.48
790.656	2929.81
791.778	2893.85
792.9	2921.61
794.022	2917.08
795.144	2945.41
796.265	2923.45
797.386	2929.78
798.506	2940.11
799.626	2946.15
800.746	2903.05
801.866	2913.95
802.985	2923.42
804.104	2940.89
805.223	2929.5
806.341	2929.55
807.459	2925.87
808.577	2936.2
809.694	2959.67
810.811	2962.57
811.928	2979.19
813.044	2965.8
814.16	2974.42
815.277	2997.03
816.392	2975.07
817.507	3004.54
818.622	2960.01
819.737	3008.34
820.851	3001.81
821.964	2981.85
823.078	3026.47
824.192	3007.08
825.304	3016.27
826.417	3029.45
827.53	3032.07
828.642	3071.25
829.754	3070.72
830.865	3113.34
831.976	3105.09
833.087	3110.85
834.197	3145.18
835.308	3152.08
836.417	3188.69
837.527	3207.59
838.636	3219.63
839.745	3238.25
840.854	3274.29
841.962	3282.05
843.07	3328.66
844.177	3348.99
845.284	3402.46
846.392	3433.36
847.499	3474.55
848.605	3516.87
849.711	3532.06
850.817	3519.82
851.922	3509.57
853.028	3485.61
854.132	3508.51
855.237	3532.84
856.341	3553.74
857.445	3576.93
858.549	3612.11
859.653	3704.73
860.755	3806.48
861.858	3975.1
862.96	4128.57
864.062	4395.47
865.164	4704.37
866.266	5155.55
867.367	5680.74
868.468	6258.21
869.568	6686.25
870.669	6813.72
871.768	6716.05
872.868	6430.95
873.967	5971.85
875.066	5510.46
876.165	5068.51
877.263	4721.69
878.361	4444.88
879.458	4138.35
880.557	3933.25
881.653	3761.58
882.75	3592.19
883.847	3530.8
884.943	3414.56
886.038	3298.6
887.134	3274.07
888.229	3277.55
889.325	3217.3
890.419	3175.34
891.513	3176.53
892.607	3146.29
893.701	3136.04
894.794	3097.8
895.888	3122.41
896.98	3100.74
898.073	3065.64
899.165	3085.68
900.257	3059.16
901.349	3079.48
902.44	3076.38
903.53	3076.43
904.621	3053.32
905.711	3071.08
906.802	3076.27
907.891	3094.31
908.981	3093.78
910.07	3119.54
911.158	3121.86
912.247	3137.34
913.335	3159.09
914.423	3131.42
915.51	3141.18
916.597	3185.22
917.684	3152.12
918.771	3187.3
919.857	3221.35
920.943	3200.25
922.029	3269.15
923.114	3376.9
924.199	3421.52
925.284	3448.13
926.368	3514.74
927.453	3588.79
928.537	3630.83
929.62	3646.3
930.703	3643.49
931.786	3605.24
932.868	3546.71
933.95	3489.04
935.032	3389.08
936.114	3322.27
937.196	3244.03
938.277	3219.21
939.357	3155.83
940.438	3128.73
941.518	3113.63
942.598	3089.1
943.678	3075.71
944.756	3028.32
945.835	2992.65
946.914	3004.12
947.992	2969.31
949.07	2965.35
950.148	2953.68
951.225	2954.29
952.302	2956.62
953.379	2945.52
954.456	2965.85
955.531	2937.61
956.608	2918.22
957.683	2903.69
958.758	2870.02
959.833	2889.2
960.908	2868.68
961.982	2910.15
963.056	2875.9
964.13	2882.52
965.203	2870.56
966.276	2856.32
967.349	2832.07
968.421	2865.54
969.493	2861.59
970.565	2843.34
971.636	2835.1
972.708	2843.71
973.779	2870.61
974.849	2852.37
975.92	2843.84
976.99	2846.74
978.06	2857.93
979.129	2902.54
980.198	2864.01
981.267	2890.05
982.336	2905.24
983.404	2871.85
984.471	2869.61
985.539	2889.65
986.606	2877.98
987.673	2900.59
988.739	2929.21
989.806	2899.54
990.872	2896.72
991.938	2939.05
993.003	2931.66
994.069	2949.71
995.133	2935.75
996.198	2952.65
997.262	2971.83
998.326	2995.3
999.39	3023.35
1000.45	3025.39
1001.52	3005.43
1002.58	3023.19
1003.64	3014.37
1004.7	3024.42
1005.77	2992.17
1006.83	3032.79
1007.89	2977.69
1008.95	2980.87
1010.01	2947.2
1011.07	2999.24
1012.13	2939
1013.19	2940.47
1014.25	2945.37
1015.31	2918.55
1016.37	2934.6
1017.42	2918.07
1018.48	2908.68
1019.54	2926.15
1020.6	2927.91
1021.65	2909.67
1022.71	2948.28
1023.77	2917.18
1024.82	2888.94
1025.88	2966.41
1026.94	2958.16
1027.99	2915.64
1029.05	2927.96
1030.1	2964.58
1031.16	2979.76
1032.21	2958.66
1033.26	2972.42
1034.32	3037.32
1035.37	3011.65
1036.42	3042.55
1037.48	3067.73
1038.53	3104.63
1039.58	3140.67
1040.63	3185.57
1041.68	3225.62
1042.74	3344.52
1043.79	3427.13
1044.84	3530.6
1045.89	3684.07
1046.94	3861.83
1047.99	4026.73
1049.04	4137.63
1050.09	4113.96
1051.13	4058
1052.18	3876.61
1053.23	3642.08
1054.28	3465.84
1055.33	3351.02
1056.37	3199.64
1057.42	3159.11
1058.47	3096.29
1059.51	3077.19
1060.56	3025.52
1061.6	3040.99
1062.65	3031.89
1063.7	3014.79
1064.74	3047.12
1065.78	3069.73
1066.83	3101.78
1067.87	3116.68
1068.92	3149.86
1069.96	3162.48
1071	3163.09
1072.04	3171.13
1073.09	3117.46
1074.13	3101.22
1075.17	3051.26
1076.21	2983.3
1077.25	2956.77
1078.29	2974.53
1079.34	2903.14
1080.38	2893.19
1081.42	2893.51
1082.45	2881.27
1083.49	2877.31
1084.53	2887.64
1085.57	2887.68
1086.61	2860.3
1087.65	2881.2
1088.69	2868.95
1089.72	2873.28
1090.76	2878.18
1091.8	2867.94
1092.84	2877.41
1093.87	2864.02
1094.91	2851.21
1095.94	2832.97
1096.98	2867.87
1098.01	2874.19
1099.05	2888.52
1100.08	2882.28
1101.12	2872.89
1102.15	2908.65
1103.19	2895.55
1104.22	2901.88
1105.25	2931.06
1106.29	2936.82
1107.32	2926
1108.35	2935.76
1109.38	2988.66
1110.41	2978.42
1111.44	2961.32
1112.48	2977.36
1113.51	2973.69
1114.54	3010.59
1115.57	2963.49
1116.6	2982.1
1117.63	2990.71
1118.65	3056.19
1119.68	3048.51
1120.71	3057.13
1121.74	3088.88
1122.77	3090.93
1123.8	3125.54
1124.82	3099.3
1125.85	3092.77
1126.88	3083.95
1127.9	3034.57
1128.93	2998.04
1129.96	3000.94
1130.98	2945.84
1132.01	2922.74
1133.03	2909.64
1134.06	2895.39
1135.08	2855.15
1136.11	2854.91
1137.13	2870.95
1138.15	2836.71
1139.18	2877.61
1140.2	2846.79
1141.22	2846.26
1142.24	2832.59
1143.27	2838.92
1144.29	2822.68
1145.31	2821.86
1146.33	2866.76
1147.35	2855.95
1148.37	2840.27
1149.39	2810.32
1150.41	2849.5
1151.43	2840.97
1152.45	2858.44
1153.47	2841.06
1154.49	2861.67
1155.51	2814.86
1156.53	2822.04
1157.54	2841.23
1158.56	2863.84
1159.58	2809.6
1160.59	2836.21
1161.61	2829.11
1162.63	2824.58
1163.64	2811.48
1164.66	2839.52
1165.68	2817.85
1166.69	2784.18
1167.71	2790.22
1168.72	2818.84
1169.73	2786.31
1170.75	2802.92
1171.76	2790.39
1172.78	2762.44
1173.79	2779.05
1174.8	2759.09
1175.81	2769.71
1176.83	2783.75
1177.84	2779.22
1178.85	2813.83
1179.86	2795.3
1180.87	2793.92
1181.88	2789.39
1182.89	2793.15
1183.9	2766.9
1184.91	2778.66
1185.92	2759.84
1186.93	2756.17
1187.94	2778.79
1188.95	2775.11
1189.96	2778.01
1190.97	2786.34
1191.97	2814.96
1192.98	2775
1193.99	2804.47
1195	2791.37
1196	2825.98
1197.01	2832.6
1198.01	2827.21
1199.02	2836.4
1200.03	2837.87
1201.03	2843.62
1202.04	2861.09
1203.04	2855.42
1204.04	2874.32
1205.05	2877.22
1206.05	2854.41
1207.06	2852.74
1208.06	2863.06
1209.06	2850.54
1210.06	2848.86
1211.07	2848.33
1212.07	2819.23
1213.07	2827.28
1214.07	2824.46
1215.07	2821.08
1216.07	2808.55
1217.07	2810.3
1218.07	2812.92
1219.07	2803.53
1220.07	2835.86
1221.07	2859.04
1222.07	2859.94
1223.07	2869.42
1224.07	2913.17
1225.07	2912.07
1226.06	2925.26
1227.06	2955.3
1228.06	2968.77
1229.06	2970.81
1230.05	3015.14
1231.05	3000.61
1232.04	3029.8
1233.04	3022.41
1234.04	3014.45
1235.03	3019.07
1236.03	3030.25
1237.02	3039.7
1238.01	3113.07
1239.01	3121.79
1240	3140.45
1241	3122
1241.99	3142.29
1242.98	3124.02
1243.97	3127.08
1244.97	3076.58
1245.96	3051.42
1246.95	3011.62
1247.94	3006.03
1248.93	2974.48
1249.92	2955.74
1250.91	2946.46
1251.9	2933.99
1252.89	2905.47
1253.88	2902.45
1254.87	2890.73
1255.86	2866.47
1256.85	2849.79
1257.84	2852.71
1258.83	2836.76
1259.81	2818.08
1260.8	2818.76
1261.79	2835.66
1262.78	2821.56
1263.76	2843.53
1264.75	2854.97
1265.73	2871.45
1266.72	2886.08
1267.71	2891.72
1268.69	2900.8
1269.68	2908.65
1270.66	2906.05
1271.65	2882.53
1272.63	2908.47
1273.61	2889.37
1274.6	2901.98
1275.58	2888.72
1276.56	2889.59
1277.55	2911.02
1278.53	2916.78
1279.51	2920.4
1280.49	2955.81
1281.47	2992.72
1282.45	3029.18
1283.43	3077.93
1284.42	3112.24
1285.4	3142.54
1286.38	3179.4
1287.35	3182.94
1288.33	3191.17
1289.06	3202.84
1290.08	3153.02
1291.1	3106.93
1292.12	3058.54
1293.14	2980.16
1294.16	2931.2
1295.17	2919.96
1296.19	2870.72
1297.21	2837.77
1298.23	2815.67
1299.25	2816.15
1300.27	2777.19
1301.28	2758.24
1302.3	2720.71
1303.32	2754.33
1304.33	2739.09
1305.35	2772.99
1306.37	2746.89
1307.38	2716.22
1308.4	2710.7
1309.41	2704.88
1310.43	2731.36
1311.44	2703.55
1312.46	2713.73
1313.47	2672.21
1314.49	2702.68
1315.5	2700.58
1316.51	2682.49
1317.53	2692.96
1318.54	2663.72
1319.55	2668.19
1320.57	2646.38
1321.58	2678.57
1322.59	2646.47
1323.6	2656.37
1324.61	2629.7
1325.63	2646.75
1326.64	2586.65
1327.65	2607.98
1328.66	2565.89
1329.67	2595.79
1330.68	2550.55
1331.69	2587.88
1332.7	2558.64
1333.71	2569.68
1334.72	2575.87
1335.72	2571.49
1336.73	2588.25
1337.74	2594.72
1338.75	2560.34
1339.76	2538.24
1340.76	2557.86
1341.77	2543.47
1342.78	2561.38
1343.79	2547.28
1344.79	2539.18
1345.8	2547.94
1346.8	2512.41
1347.81	2550.03
1348.82	2510.51
1349.82	2530.98
1350.83	2530.31
1351.83	2495.35
1352.84	2530.97
1353.84	2504.02
1354.84	2519.92
1355.85	2530.68
1356.85	2499.44
1357.85	2522.48
1358.86	2475.81
1359.86	2487.43
1360.86	2526.76
1361.86	2511.81
1362.87	2530.28
1363.87	2514.76
1364.87	2526.94
1365.87	2529.7
1366.87	2521.32
1367.87	2512.36
1368.87	2526.55
1369.87	2498.17
1370.87	2500.64
1371.87	2507.69
1372.87	2480.45
1373.87	2505.49
1374.87	2521.68
1375.87	2525.87
1376.87	2500.91
1377.86	2492.53
1378.86	2520.72
1379.86	2533.76
1380.86	2524.24
1381.85	2514.14
1382.85	2507.76
1383.85	2493.66
1384.84	2459.85
1385.84	2474.61
1386.84	2472.51
1387.83	2464.98
1388.83	2488.31
1389.82	2463.65
1390.82	2512.12
1391.81	2499.74
1392.81	2496.5
1393.8	2475.26
1394.79	2500.3
1395.79	2521.06
1396.78	2516.11
1397.77	2545.44
1398.77	2577.34
1399.76	2598.38
1400.75	2630.86
1401.74	2645.33
1402.74	2679.52
1403.73	2662.57
1404.72	2685.04
1405.71	2646.66
1406.7	2646.84
1407.69	2594.75
1408.68	2586.65
1409.67	2534.26
1410.66	2543.88
1411.65	2525.5
1412.64	2535.11
1413.63	2537.02
1414.62	2538.35
1415.61	2524.82
1416.59	2530.44
1417.58	2518.34
1418.57	2507.39
1419.56	2489.57
1420.55	2496.91
1421.53	2477.09
1422.52	2486.42
1423.51	2511.47
1424.49	2510.8
1425.48	2497.85
1426.46	2529.18
1427.45	2532.79
1428.43	2532.7
1429.42	2532.6
1430.4	2579.93
1431.39	2548.97
1432.37	2573.45
1433.36	2556.21
1434.34	2591.54
1435.32	2624.01
1436.31	2607.92
1437.29	2585.25
1438.27	2609.43
1439.26	2609.91
1440.24	2571.81
1441.22	2557.71
1442.2	2543.33
1443.18	2600.38
1444.16	2619.99
1445.14	2598.18
1446.12	2625.8
1447.11	2703.98
1448.09	2740.17
1449.07	2832.36
1450.05	2930.83
1451.02	2977.02
1452	3005.21
1452.98	2985.97
1453.96	2948.44
1454.94	2927.77
1455.92	2857.39
1456.9	2788.44
1457.87	2733.2
1458.85	2746.53
1459.83	2665.86
1460.81	2647.19
1461.78	2649.09
1462.76	2591.85
1463.73	2586.9
1464.71	2541.37
1465.69	2520.42
1466.66	2540.03
1467.64	2497.65
1468.61	2466.41
1469.59	2483.74
1470.56	2450.78
1471.54	2425.26
1472.51	2408.02
1473.48	2422.78
1474.46	2390.11
1475.43	2373.44
1476.4	2372.48
1477.37	2368.67
1478.35	2336
1479.32	2312.76
1480.29	2325.52
1481.26	2300.85
1482.23	2301.61
1483.21	2301.23
1484.18	2285.99
1485.15	2273.03
1486.12	2273.22
1487.09	2274.55
1488.06	2254.17
1489.03	2255.5
1490	2252.83
1490.97	2257.59
1491.93	2241.49
1492.9	2231.97
1493.87	2222.73
1494.84	2250.06
1495.81	2223.68
1496.77	2233.01
1497.74	2225.48
1498.71	2245.1
1499.68	2236.71
1500.64	2198.04
1501.61	2225.95
1502.58	2218.71
1503.54	2173.75
1504.51	2192.23
1505.47	2192.13
1506.44	2182.6
1507.4	2202.5
1508.37	2178.98
1509.33	2154.88
1510.3	2152.5
1511.26	2149.83
1512.22	2182.3
1513.19	2167.92
1514.15	2182.39
1515.11	2187.72
1516.08	2200.77
1517.04	2174.67
1518	2166.57
1518.96	2183.62
1519.92	2170.09
1520.88	2199.14
1521.85	2176.18
1522.81	2166.94
1523.77	2171.42
1524.73	2139.89
1525.69	2164.65
1526.65	2157.12
1527.61	2135.6
1528.57	2159.78
1529.53	2136.54
1530.48	2151.59
1531.44	2128.06
1532.4	2123.97
1533.36	2127.01
1534.32	2163.2
1535.28	2152.24
1536.23	2130.15
1537.19	2142.05
1538.15	2119.09
1539.1	2126.14
1540.06	2121.76
1541.02	2145.66
1541.97	2118.13
1542.93	2136.32
1543.88	2139.37
1544.84	2145.27
1545.79	2140.6
1546.75	2125.36
1547.7	2135.26
1548.66	2110.31
1549.61	2109.92
1550.56	2112.97
1551.52	2119.44
1552.47	2120.2
1553.42	2116.39
1554.38	2119.43
1555.33	2133.05
1556.28	2107.81
1557.23	2122
1558.18	2137.04
1559.14	2134.09
1560.09	2111.71
1561.04	2103.04
1561.99	2108.08
1562.94	2110.27
1563.89	2099.6
1564.84	2096.93
1565.79	2114.83
1566.74	2091.31
1567.69	2078.64
1568.64	2112.54
1569.59	2049.59
1570.53	2112.06
1571.48	2064.82
1572.43	2078.72
1573.38	2094.34
1574.33	2061.1
1575.27	2069
1576.22	2066.33
1577.17	2078.81
1578.11	2062.99
1579.06	2048.9
1580	2078.51
1580.95	2042.13
1581.9	2072.89
1582.84	2055.08
1583.79	2041.55
1584.73	2068.31
1585.67	2029.36
1586.62	2030.69
1587.56	2045.45
1588.51	2021.06
1589.45	2033.25
1590.39	2016.87
1591.34	2010.49
1592.28	2031.53
1593.22	2018.58
1594.16	2002.19
1595.11	2014.95
1596.05	2002.28
1596.99	2017.9
1597.93	2008.94
1598.87	2025.42
1599.81	2001.61
1600.75	1998.65
1601.69	1999.98
1602.63	2009.31
1603.57	2021.79
1604.51	1983.98
1605.45	1975.59
1606.39	2016.64
1607.33	2005.68
1608.27	2012.44
1609.21	2031.2
1610.14	2002.82
1611.08	2004.72
1612.02	2015.19
1612.96	1993.95
1613.89	1987.57
1614.83	1995.47
1615.77	2005.38
1616.7	2014.42
1617.64	1979.75
1618.58	1984.8
1619.51	1981.27
1620.45	1971.74
1621.38	1958.79
1622.32	1930.41
1623.25	1955.74
1624.19	1969.64
1625.12	1968.4
1626.05	1918.02
1626.99	1931.06
1627.92	1938.68
1628.85	1940.87
1629.79	1936.2
1630.72	1930.96
1631.65	1928.29
1632.58	1944.19
1633.52	1960.66
1634.45	1917.14
1635.38	1948.47
1636.31	1946.66
1637.24	1965.42
1638.17	1957.89
1639.1	1978.08
1640.03	1966.27
1640.96	1945.03
1641.89	1933.5
1642.82	1940.26
1643.75	1956.45
1644.68	1929.21
1645.61	1939.11
1646.54	1923.01
1647.46	1922.63
1648.39	1924.82
1649.32	1903.29
1650.25	1892.05
1651.17	1925.38
1652.1	1888.71
1653.03	1873.47
1653.95	1868.8
1654.88	1868.99
1655.81	1870.61
1656.73	1879.08
1657.66	1857.84
1658.58	1858.03
1659.51	1866.79
1660.43	1858.4
1661.36	1842.02
1662.28	1861.92
1663.21	1859.25
1664.13	1853.44
1665.05	1849.34
1665.98	1855.25
1666.9	1834.01
1667.82	1865.34
1668.74	1827.24
1669.67	1846
1670.59	1824.19
1671.51	1867.23
1672.43	1860.85
1673.35	1840.75
1674.27	1829.51
1675.19	1857.41
1676.12	1816.17
1677.04	1827.79
1677.96	1804.84
1678.88	1795.02
1679.79	1839.21
1680.71	1796.26
1681.63	1829.87
1682.55	1808.92
1683.47	1795.68
1684.39	1819.87
1685.31	1827.2
1686.23	1822.53
1687.14	1796.72
1688.06	1803.48
1688.98	1801.95
1689.89	1795.57
1690.81	1815.75
1691.73	1808.23
1692.64	1794.13
1693.56	1806.32
1694.48	1769.65
1695.39	1805.55
1696.31	1797.45
1697.22	1800.21
1698.14	1790.97
1699.05	1778.02
1699.96	1797.92
1700.88	1790.97
1701.79	1762.3
1702.7	1807.34
1703.62	1799.82
1704.53	1764.58
1705.44	1779.62
1706.36	1774.38
1707.27	1765.71
1708.18	1765.04
1709.09	1759.8
1710	1760.28
1710.92	1772.75
1711.83	1777.22
1712.74	1790.27
1713.65	1782.17
1714.56	1774.93
1715.47	1779.98
1716.38	1787.31
1717.29	1792.92
1718.2	1766.25
1719.11	1781.01
1720.01	1776.63
1720.92	1773.39
1721.83	1799.01
1722.74	1799.48
1723.65	1807.38
1724.56	1801.86
1725.46	1824.62
1726.37	1841.09
1727.28	1827.85
1728.18	1853.75
1729.09	1904.8
1730	1925.56
1730.9	1979.46
1731.81	2002.5
1732.71	2034.69
1733.62	2057.74
1734.52	2030.5
1735.43	1997.54
1736.33	1995.45
1737.24	1981.06
1738.14	1945.82
1739.04	1940.3
1739.95	1928.2
1740.85	1938.67
1741.75	1925.43
1742.66	1942.76
1743.56	1926.38
1744.46	1949.14
1745.36	1913.9
1746.26	1909.8
1747.17	1899.99
1748.07	1878.18
1748.97	1867.22
1749.87	1880.84
1750.77	1861.6
1751.67	1856.64
1752.57	1851.69
1753.47	1824.73
1754.37	1814.35
1755.27	1810.82
1756.17	1772.44
1757.07	1791.2
1757.97	1765.67
1758.86	1779
1759.76	1795.76
1760.66	1758.81
1761.56	1748.71
1762.45	1729.19
1763.35	1710.8
1764.25	1720.7
1765.15	1706.32
1766.04	1698.22
1766.94	1683.27
1767.83	1688.31
1768.73	1665.07
1769.63	1679.26
1770.52	1633.16
1771.42	1655.64
1772.31	1639.54
1773.2	1658.01
1774.1	1629.35
1774.99	1664.11
1775.89	1635.15
1776.78	1629.05
1777.67	1630.96
1778.57	1645.14
1779.46	1613.05
1780.35	1615.52
1781.24	1638.85
1782.14	1621.32
1783.03	1604.94
1783.92	1623.99
1784.81	1606.75
1785.7	1616.36
1786.59	1604.55
1787.48	1588.45
1788.37	1592.36
1789.26	1583.97
1790.15	1577.87
1791.04	1621.21
1791.93	1591.39
1792.82	1583.58
1793.71	1594.91
1794.6	1598.24
1795.49	1582.15
1796.38	1587.76
1797.26	1601.66
1798.15	1586.71
1799.04	1570.61
1799.93	1567.09
1800.81	1572.99
1801.7	1552.32
1802.59	1576.79
1803.47	1569.27
1804.36	1551.17
1805.24	1576.79
1806.13	1543.55
1807.02	1559.45
1807.9	1549.06
1808.79	1567.25
1809.67	1566.87
1810.55	1570.49
1811.44	1558.1
1812.32	1552.29
1813.21	1548.19
1814.09	1532.67
1814.97	1521.71
1815.86	1547.33
1816.74	1545.8
1817.62	1524.28
1818.5	1514.18
1819.38	1509.22
1820.27	1516.27
1821.15	1529.6
1822.03	1516.93
1822.91	1525.12
1823.79	1498.74
1824.67	1496.07
1825.55	1493.11
1826.43	1503.59
1827.31	1506.35
1828.19	1501.68
1829.07	1506.44
1829.95	1490.62
1830.83	1496.24
1831.71	1490.14
1832.58	1494.62
1833.46	1496.81
1834.34	1502.14
1835.22	1473.47
1836.1	1465.66
1836.97	1489.27
1837.85	1490.03
1838.73	1441.36
1839.6	1468.69
1840.48	1492.31
1841.35	1471.36
1842.23	1467.54
1843.11	1454.59
1843.98	1459.06
1844.86	1442.96
1845.73	1470.3
1846.6	1467.63
1847.48	1446.67
1848.35	1456
1849.23	1443.33
1850.1	1440.95
1850.97	1430.85
1851.85	1427.9
1852.72	1455.8
1853.59	1460.85
1854.46	1444.18
1855.34	1404.94
1856.21	1429.41
1857.08	1420.74
1857.95	1422.64
1858.82	1432.55
1859.69	1425.31
1860.56	1412.06
1861.43	1420.82
1862.3	1424.73
1863.17	1427.2
1864.04	1429.1
1864.91	1402.15
1865.78	1397.19
1866.65	1430.81
1867.52	1419.57
1868.39	1422.9
1869.26	1407.09
1870.13	1412.42
1870.99	1407.75
1871.86	1396.22
1872.73	1393.84
1873.59	1381.46
1874.46	1381.07
1875.33	1394.98
1876.19	1410.59
1877.06	1372.21
1877.93	1388.97
1878.79	1382.59
1879.66	1410.77
1880.52	1384.96
1881.39	1407.44
1882.25	1381.91
1883.12	1389.53
1883.98	1363.14
1884.84	1383.9
1885.71	1374.66
1886.57	1381.71
1887.43	1373.04
1888.3	1359.8
1889.16	1368.27
1890.02	1356.46
1890.89	1362.36
1891.75	1364.55
1892.61	1361.88
1893.47	1366.07
1894.33	1367.97
1895.19	1369.3
1896.05	1340.63
1896.91	1340.54
1897.78	1344.15
1898.64	1339.2
1899.5	1338.53
1900.35	1351
1901.21	1327.19
1902.07	1346.24
1902.93	1362.14
1903.79	1317.47
1904.65	1329.37
1905.51	1351.85
1906.37	1332.61
1907.22	1319.08
1908.08	1326.41
1908.94	1328.03
1909.8	1323.36
1910.65	1339.26
1911.51	1312.02
1912.36	1309.35
1913.22	1322.97
1914.08	1294.87
1914.93	1292.77
1915.79	1303.53
1916.64	1312.29
1917.5	1305.91
1918.35	1303.81
1919.21	1305.43
1920.06	1319.62
1920.92	1289.23
1921.77	1301.71
1922.62	1289.89
1923.48	1291.8
1924.33	1301.13
1925.18	1311.03
1926.03	1285.5
1926.89	1289.69
1927.74	1286.45
1928.59	1286.07
1929.44	1274.83
1930.29	1286.73
1931.14	1270.35
1932	1280.53
1932.85	1272.44
1933.7	1275.48
1934.55	1268.24
1935.4	1270.43
1936.25	1256.9
1937.1	1253.38
1937.94	1262.71
1938.79	1263.18
1939.64	1253.08
1940.49	1255.27
1941.34	1233.75
1942.19	1256.22
1943.04	1239.55
1943.88	1244.03
1944.73	1252.21
1945.58	1246.97
1946.42	1261.16
1947.27	1250.21
1948.12	1250.97
1948.96	1220.87
1949.81	1225.91
1950.65	1232.96
1951.5	1221.43
1952.34	1215.05
1953.19	1227.52
1954.03	1221.71
1954.88	1210.76
1955.72	1212.94
1956.57	1227.7
1957.41	1216.18
1958.25	1214.94
1959.1	1212.27
1959.94	1200.74
1960.78	1205.22
1961.63	1221.69
1962.47	1201.59
1963.31	1215.21
1964.15	1213.11
1964.99	1186.73
1965.84	1191.49
1966.68	1195.96
1967.52	1200.15
1968.36	1181.77
1969.2	1192.81
1970.04	1189.28
1970.88	1183.19
1971.72	1185.66
1972.56	1169.56
1973.4	1192.89
1974.24	1187.37
1975.08	1176.7
1975.91	1182.32
1976.75	1179.93
1977.59	1165.55
1978.43	1170.31
1979.27	1173.64
1980.1	1170.4
1980.94	1153.73
1981.78	1167.92
1982.62	1158.96
1983.45	1156.87
1984.29	1148.2
1985.12	1154.67
1985.96	1150.57
1986.79	1140.48
1987.63	1150.38
1988.46	1160.28
1989.3	1133.04
1990.13	1149.8
1990.97	1145.99
1991.8	1142.18
1992.64	1139.51
1993.47	1141.98
1994.3	1131.31
1995.14	1135.79
1995.97	1119.4
1996.8	1141.88
1997.64	1123.49
1998.47	1121.97
1999.3	1131.01
2000.13	1112.34
2000.96	1128.53
2001.79	1129.58
2002.63	1112.33
2003.46	1120.24
2004.29	1120.43
2005.12	1110.61
2005.95	1102.23
2006.78	1130.13
2007.61	1123.75
2008.44	1105.65
2009.27	1105.84
2010.09	1095.46
2010.92	1104.79
2011.75	1110.4
2012.58	1108.31
2013.41	1081.35
2014.24	1092.4
2015.06	1110.87
2015.89	1090.77
2016.72	1096.39
2017.54	1092.58
2018.37	1100.19
2019.2	1094.38
2020.02	1088.86
2020.85	1076.47
2021.68	1076.66
2022.5	1080.56
2023.33	1081.32
2024.15	1070.65
2024.98	1069.98
2025.8	1069.89
2026.62	1078.36
2027.45	1078.26
2028.27	1058.17
2029.1	1069.5
2029.92	1056.54
2030.74	1074.44
2031.56	1052.63
2032.39	1066.82
2033.21	1042.72
2034.03	1040.34
2034.85	1047.67
2035.68	1053.57
2036.5	1023.19
2037.32	1053.95
2038.14	1028.99
2038.96	1015.47
2039.78	1051.37
2040.6	1056.13
2041.42	1031.46
2042.24	1038.79
2043.06	1052.41
2043.88	1050.03
2044.7	1039.07
2045.52	1038.97
2046.34	1027.73
2047.16	1016.21
2047.97	1027.54
2048.79	1022.87
2049.61	1006.49
2050.43	1026.96
2051.24	1010.29
2052.06	1010.76
2052.88	1017.24
2053.69	1020.57
2054.51	1026.47
2055.33	1016.66
2056.14	1012.28
2056.96	1016.46
2057.77	1016.94
2058.59	1008.55
2059.4	999.885
2060.22	997.502
2061.03	999.69
2061.85	992.735
2062.66	987.495
2063.48	1004.25
2064.29	1005.01
2065.1	979.202
2065.92	995.676
2066.73	1003.58
2067.54	989.766
2068.35	974.24
2069.17	999
2069.98	986.045
2070.79	971.09
2071.6	986.421
2072.41	989.752
2073.22	959.654
2074.03	964.414
2074.84	968.316
2075.65	967.647
2076.46	992.693
2077.27	979.452
2078.08	953.926
2078.89	961.257
2079.7	966.588
2080.51	967.062
2081.32	956.678
2082.13	963.723
2082.94	980.197
2083.74	972.671
2084.55	961.145
2085.36	962.476
2086.17	972.664
2086.97	946.281
2087.78	949.326
2088.59	949.514
2089.39	953.416
2090.2	953.89
2091.01	946.935
2091.81	945.409
2092.62	948.169
2093.42	943.214
2094.23	910.831
2095.03	944.162
2095.84	945.207
2096.64	928.824
2097.45	932.726
2098.25	938.914
2099.05	913.102
2099.86	921.005
