1550.02	3633.74
1550.39	3698.82
1550.76	3760.24
1551.13	3788.42
1551.5	3863.86
1551.87	3922.3
1552.23	3899.83
1552.6	3949.08
1552.97	4014.19
1553.34	4046.26
1553.71	4105.34
1554.07	4122.62
1554.44	4205.98
1554.81	4178.15
1555.18	4223.89
1555.54	4273.02
1555.91	4254.41
1556.28	4326.67
1556.64	4397.47
1557.01	4409.66
1557.38	4455.76
1557.74	4480.06
1558.11	4470.37
1558.48	4445.81
1558.84	4535.49
1559.21	4477.68
1559.58	4533.63
1559.94	4619.97
1560.31	4574.66
1560.67	4651.28
1561.04	4636.52
1561.4	4663.17
1561.77	4635.67
1562.14	4672.26
1562.5	4714.92
1562.87	4702.32
1563.23	4747.27
1563.6	4728.78
1563.96	4726.7
1564.33	4732.08
1564.69	4746.57
1565.05	4716.67
1565.42	4737.19
1565.78	4732.59
1566.15	4726.41
1566.51	4763.23
1566.87	4761.55
1567.24	4747
1567.6	4732.32
1567.97	4693.96
1568.33	4736.27
1568.69	4712.1
1569.06	4708.33
1569.42	4766.26
1569.78	4667.97
1570.14	4686.85
1570.51	4777.15
1570.87	4724.61
1571.23	4730.3
1571.6	4772.08
1571.96	4697.62
1572.32	4727.16
1572.68	4680.77
1573.04	4735.05
1573.41	4741.96
1573.77	4710.62
1574.13	4726.76
1574.49	4743.84
1574.85	4714.93
1575.21	4714.23
1575.58	4717.54
1575.94	4735.37
1576.3	4719.8
1576.66	4708.23
1577.02	4730.49
1577.38	4762.34
1577.74	4780.49
1578.1	4709.67
1578.46	4741.24
1578.82	4787.15
1579.18	4698.24
1579.54	4749.65
1579.9	4782.9
1580.26	4783.73
1580.62	4775.75
1580.98	4723.45
1581.34	4791.77
1581.7	4730.59
1582.06	4764.81
1582.42	4691.76
1582.78	4728.11
1583.14	4779.26
1583.5	4737.47
1583.85	4762.1
1584.21	4750.12
1584.57	4767.29
1584.93	4744.05
1585.29	4724.46
1585.65	4762.49
1586.01	4711.06
1586.36	4777.79
1586.72	4777.17
1587.08	4835.92
1587.44	4787.13
1587.79	4772.34
1588.15	4754.41
1588.51	4756.2
1588.87	4732.39
1589.22	4751.47
1589.58	4751.22
1589.94	4728.61
1590.29	4724.26
1590.65	4739.44
1591.01	4735.69
1591.36	4755.16
1591.72	4754.41
1592.08	4767.91
1592.43	4739.33
1592.79	4724.6
1593.14	4767.23
1593.5	4747.33
1593.86	4688.01
1594.21	4765.49
1594.57	4728.37
1594.92	4724.88
1595.28	4691.31
1595.63	4733.99
1595.99	4701.37
1596.34	4731.62
1596.7	4723.39
1597.05	4725.71
1597.41	4745.73
1597.76	4734.4
1598.12	4729.18
1598.47	4720.42
1598.82	4709.13
1599.18	4699.37
1599.53	4686.95
1599.89	4715.6
1600.24	4699.38
1600.59	4750.14
1600.95	4730.59
1601.3	4773.78
1601.65	4740.75
1602.01	4719.89
1602.36	4740.72
1602.71	4713.22
1603.07	4762.33
1603.42	4753.27
1603.77	4714.66
1604.12	4733.1
1604.48	4748.46
1604.83	4773.74
1605.18	4723.86
1605.53	4717.16
1605.88	4740.37
1606.24	4796.11
1606.59	4734.08
1606.94	4812.79
1607.29	4810
1607.64	4780.72
1607.99	4834.88
1608.34	4844.53
1608.7	4861.99
1609.05	4815.82
1609.4	4847.26
1609.75	4910.7
1610.1	4880.42
1610.45	4860.97
1610.8	4910.34
1611.15	4913.13
1611.5	4928.29
1611.85	4849.98
1612.2	4864.76
1612.55	4892.61
1612.9	4837.42
1613.25	4884.88
1613.6	4885.64
1613.95	4866.93
1614.3	4800.7
1614.65	4814.1
1615	4771.85
1615.34	4763.06
1615.69	4720.76
1616.04	4785.98
1616.39	4734.1
1616.74	4698.23
1617.09	4734.56
1617.44	4728.41
1617.78	4754.7
1618.13	4713.38
1618.48	4687.32
1618.83	4690.19
1619.18	4720.45
1619.52	4705.46
1619.87	4713.38
1620.22	4664.24
1620.57	4650.07
1620.91	4646.38
1621.26	4618.97
1621.61	4697.27
1621.95	4654.3
1622.3	4669.64
1622.65	4657.85
1622.99	4653.38
1623.34	4630.98
1623.69	4699.05
1624.03	4712.17
1624.38	4671.24
1624.72	4613.75
1625.07	4675.25
1625.42	4642.85
1625.76	4652.2
1626.11	4622.56
1626.45	4624.5
1626.8	4633.04
1627.14	4610.18
1627.49	4623.6
1627.83	4588.28
1628.18	4632.75
1628.52	4630.93
1628.87	4681.75
1629.21	4630.3
1629.56	4609.76
1629.9	4633.48
1630.25	4616.94
1630.59	4655.81
1630.93	4651.69
1631.28	4573.89
1631.62	4638.63
1631.96	4670.85
1632.31	4687.92
1632.65	4656.99
1632.99	4657.69
1633.34	4699.44
1633.68	4659.33
1634.02	4712.5
1634.37	4721.14
1634.71	4713.6
1635.05	4709.06
1635.39	4713.06
1635.74	4714.4
1636.08	4739.69
1636.42	4757.79
1636.76	4781.5
1637.11	4750.81
1637.45	4809.98
1637.79	4783.28
1638.13	4819.19
1638.47	4818.96
1638.81	4834.79
1639.15	4821.65
1639.5	4811.04
1639.84	4832.07
1640.18	4825.47
1640.52	4840.83
1640.86	4814.88
1641.2	4856.95
1641.54	4795.85
1641.88	4818.3
1642.22	4761.15
1642.56	4765.78
1642.9	4794.92
1643.24	4809.72
1643.58	4719.8
1643.92	4723.68
1644.26	4742.05
1644.6	4740.57
1644.94	4694.61
1645.28	4688.16
1645.62	4694.28
1645.96	4625.43
1646.3	4671.01
1646.64	4666.25
1646.97	4583.83
1647.31	4656.32
1647.65	4620.73
1647.99	4643.52
1648.33	4630.82
1648.67	4622.59
1649	4626.65
1649.34	4625.34
1649.68	4605.47
1650.02	4608.89
1650.36	4612.59
1650.69	4644.22
1651.03	4579.84
1651.37	4558.74
1651.7	4515.23
1652.04	4565
1652.38	4503.12
1652.72	4544.21
1653.05	4552.68
1653.39	4519.59
1653.73	4571.35
1654.06	4554.03
1654.4	4572.85
1654.73	4569.22
1655.07	4601.76
1655.41	4556.56
1655.74	4536.8
1656.08	4541.57
1656.41	4583.45
1656.75	4539.79
1657.08	4554.47
1657.42	4522.42
1657.75	4588.11
1658.09	4552.51
1658.42	4586.39
1658.76	4542.65
1659.09	4541.2
1659.43	4614.65
1659.76	4541.11
1660.1	4572.42
1660.43	4560.64
1660.77	4580.98
1661.1	4585.81
1661.43	4542.93
1661.77	4566.21
1662.1	4545.29
1662.44	4561.04
1662.77	4520.39
1663.1	4563.31
1663.43	4595.19
1663.77	4543.78
1664.1	4543.03
1664.43	4556.35
1664.77	4534.44
1665.1	4534.01
1665.43	4549.47
1665.76	4547.23
1666.1	4545.87
1666.43	4539.05
1666.76	4599.29
1667.09	4534.88
1667.43	4550.45
1667.76	4562.46
1668.09	4588.27
1668.42	4562.61
1668.75	4540.56
1669.08	4613.13
1669.41	4525.75
1669.75	4545.93
1670.08	4536.62
1670.41	4592.83
1670.74	4554.46
1671.07	4588.48
1671.4	4553.14
1671.73	4521.07
1672.06	4545.42
1672.39	4527.54
1672.72	4569.6
1673.05	4603.53
1673.38	4552.95
1673.71	4503.89
1674.04	4555.01
1674.37	4550.2
1674.7	4529.88
1675.03	4546.44
1675.36	4570.43
1675.69	4568.3
1676.02	4555.69
1676.34	4566.12
1676.67	4549
1677	4585.78
1677.33	4566.16
1677.66	4499.5
1677.99	4529.2
1678.32	4534.35
1678.64	4547.44
1678.97	4520.62
1679.3	4605.95
1679.63	4551.83
1679.96	4525.74
1680.28	4528.59
1680.61	4540.89
1680.94	4543.64
1681.26	4567.75
1681.59	4567.29
1681.92	4555.6
1682.25	4508.02
1682.57	4538.73
1682.9	4538.2
1683.22	4530.4
1683.55	4527
1683.88	4500.9
1684.2	4513.91
1684.53	4514.96
1684.86	4515.97
1685.18	4533.73
1685.51	4554.57
1685.83	4524.67
1686.16	4551.71
1686.48	4572.69
1686.81	4504.84
1687.13	4538.02
1687.46	4538.68
1687.78	4562.14
1688.11	4549.89
1688.43	4492.94
1688.76	4549.6
1689.08	4480.36
1689.41	4537.36
1689.73	4532.43
1690.06	4545.64
1690.38	4528.16
1690.7	4479.36
1691.03	4495.34
1691.35	4465.64
1691.67	4490.28
1692	4527.91
1692.32	4508.67
1692.64	4560.08
1692.97	4508.79
1693.29	4520.43
1693.61	4528.47
1693.94	4506.98
1694.26	4507.46
1694.58	4471.94
1694.9	4499.52
1695.23	4569.16
1695.55	4516.26
1695.87	4552.6
1696.19	4499.31
1696.52	4491.82
1696.84	4491.58
1697.16	4515.06
1697.48	4483.75
1697.8	4478.29
1698.12	4546.29
1698.44	4541.86
1698.77	4513.58
1699.09	4503.75
1699.41	4481.19
1699.73	4502.98
1700.05	4523.28
1700.37	4515.09
1700.69	4540.06
1701.01	4474.55
1701.33	4519.5
1701.65	4512.06
1701.97	4477.8
1702.29	4492.57
1702.61	4452.36
1702.93	4548.14
1703.25	4468.74
1703.57	4498.64
1703.89	4407.05
1704.21	4467.04
1704.53	4465.09
1704.84	4483.88
1705.16	4508.01
1705.48	4518.38
1705.8	4541.72
1706.12	4518.34
1706.44	4474.74
1706.76	4462.11
1707.07	4519.49
1707.39	4522.49
1707.71	4527.12
1708.03	4513.08
1708.35	4494.97
1708.66	4477.28
1708.98	4527.01
1709.3	4452.52
1709.61	4546.23
1709.93	4524.91
1710.25	4467.66
1710.57	4504.35
1710.88	4486.86
1711.2	4477.44
1711.52	4444.24
1711.83	4521.03
1712.15	4505.97
1712.47	4558.89
1712.78	4518.87
1713.1	4501.46
1713.41	4539.36
1713.73	4487.91
1714.05	4515.29
1714.36	4500.6
1714.68	4540.7
1714.99	4552.38
1715.31	4496.04
1715.62	4531.78
1715.94	4527.06
1716.25	4536.01
1716.57	4574.04
1716.88	4603.7
1717.2	4595.09
1717.51	4585.79
1717.82	4553.94
1718.14	4550.58
1718.45	4596.8
1718.77	4522.71
1719.08	4585.69
1719.39	4585.16
1719.71	4599.28
1720.02	4594.8
1720.33	4548.36
1720.65	4646.41
1720.96	4587.84
1721.27	4637.06
1721.59	4602.42
1721.9	4589.82
1722.21	4707.62
1722.52	4667.06
1722.84	4730.81
1723.15	4667.98
1723.46	4698.83
1723.77	4679.56
1724.09	4722.97
1724.4	4711.58
1724.71	4700.9
1725.02	4757.84
1725.33	4701.16
1725.64	4735.01
1725.96	4756.81
1726.27	4807.13
1726.58	4838.55
1726.89	4848.59
1727.2	4837.22
1727.51	4849.73
1727.82	4858.35
1728.13	4922.62
1728.44	5000.86
1728.75	4948.05
1729.06	5018.05
1729.37	5060.47
1729.68	5128.95
1729.99	5157.12
1730.3	5240.48
1730.61	5283.76
1730.92	5359.69
1731.23	5471.19
1731.54	5543.21
1731.85	5643.44
1732.16	5731.96
1732.47	5776.77
1732.78	5803.23
1733.09	5843.48
1733.39	5842.39
1733.7	5796.33
1734.01	5792.22
1734.32	5712.85
1734.63	5621.84
1734.94	5560.56
1735.24	5533.86
1735.55	5498.47
1735.86	5510.09
1736.17	5395.39
1736.47	5389.16
1736.78	5358.08
1737.09	5297.65
1737.4	5348.97
1737.7	5333.12
1738.01	5286.92
1738.32	5227.39
1738.62	5250.19
1738.93	5237.82
1739.24	5258.1
1739.54	5254.23
1739.85	5260.03
1740.16	5293.76
1740.46	5254.06
1740.77	5246.55
1741.07	5215.79
1741.38	5237.32
1741.68	5266.76
1741.99	5258.4
1742.3	5267.1
1742.6	5245.06
1742.91	5243.07
1743.21	5288.13
1743.52	5225.39
1743.82	5203.72
1744.12	5218.88
1744.43	5217
1744.73	5173.07
1745.04	5237.32
1745.34	5230.01
1745.65	5224.85
1745.95	5196.1
1746.25	5222.61
1746.56	5183.68
1746.86	5165.77
1747.17	5223.26
1747.47	5141.59
1747.77	5160.64
1748.07	5150.69
1748.38	5136.99
1748.68	5117.59
1748.98	5076.25
1749.29	5126.06
1749.59	5157.15
1749.89	5085.76
1750.19	5034.43
1750.5	5078.06
1750.8	5085.62
1751.1	5038.74
1751.4	5018.52
1751.7	5070.23
1752.01	5026.22
1752.31	5003.27
1752.61	5009.96
1752.91	5007.92
1753.21	4994.71
1753.51	5037.64
1753.81	4929.72
1754.11	4940.25
1754.41	4963.17
1754.71	4908.41
1755.02	4947.83
1755.32	4911.06
1755.62	4890.52
1755.92	4885.62
1756.22	4877.2
1756.52	4879.37
1756.82	4841.43
1757.12	4835.05
1757.42	4820.31
1757.72	4830.29
1758.01	4779.1
1758.31	4796.94
1758.61	4841.56
1758.91	4760.25
1759.21	4736.46
1759.51	4764.48
1759.81	4739.05
1760.11	4728.28
1760.41	4730.87
1760.7	4767.22
1761	4745.25
1761.3	4708.84
1761.6	4676.57
1761.9	4752.53
1762.19	4636.15
1762.49	4683.05
1762.79	4599.91
1763.09	4685.29
1763.38	4628.72
1763.68	4643.49
1763.98	4636.42
1764.28	4591.29
1764.57	4548.8
1764.87	4621.67
1765.17	4620.87
1765.46	4622.23
1765.76	4569.52
1766.05	4560
1766.35	4503.07
1766.65	4560.9
1766.94	4516.32
1767.24	4578.17
1767.53	4540.45
1767.83	4519.82
1768.13	4503.71
1768.42	4498.75
1768.72	4521.73
1769.01	4487.71
1769.31	4444.78
1769.6	4492.77
1769.9	4525.79
1770.19	4442.7
1770.49	4460.53
1770.78	4466.43
1771.07	4455.12
1771.37	4385.77
1771.66	4456.82
1771.96	4367.48
1772.25	4433.09
1772.54	4396.42
1772.84	4439.5
1773.13	4430.21
1773.42	4347.07
1773.72	4389.69
1774.01	4380.75
1774.3	4358.71
1774.6	4378.25
1774.89	4352.47
1775.18	4336.39
1775.48	4353.81
1775.77	4371.5
1776.06	4409.81
1776.35	4338.33
1776.65	4344.18
1776.94	4363.94
1777.23	4361.87
1777.52	4315.94
1777.81	4318.25
1778.1	4299.48
1778.4	4300.9
1778.69	4354.79
1778.98	4365.43
1779.27	4306.4
1779.56	4305.18
1779.85	4320.6
1780.14	4306.14
1780.43	4369.78
1780.72	4312.57
1781.01	4279.2
1781.3	4315.98
1781.59	4305.85
1781.88	4300.9
1782.17	4345.52
1782.46	4279.65
1782.75	4289.21
1783.04	4285.11
1783.33	4303.04
1783.62	4349.65
1783.91	4267.31
1784.2	4319.75
1784.49	4302.48
1784.78	4256.66
1785.07	4235.89
1785.36	4286.92
1785.65	4247.8
1785.93	4265.67
1786.22	4231.53
1786.51	4242.68
1786.8	4289.19
1787.09	4286.5
1787.37	4253.22
1787.66	4266.85
1787.95	4285.5
1788.24	4246.04
1788.52	4299.65
1788.81	4247.38
1789.1	4281.07
1789.39	4261.31
1789.67	4237.41
1789.96	4255.63
1790.25	4251.58
1790.53	4241.06
1790.82	4241.93
1791.11	4237.2
1791.39	4272.41
1791.68	4231.92
1791.97	4224.2
1792.25	4254.87
1792.54	4208.7
1792.82	4233.61
1793.11	4207.48
1793.39	4251.82
1793.68	4255.05
1793.96	4164.81
1794.25	4259.17
1794.54	4321.82
1794.82	4252.26
1795.1	4188.91
1795.39	4222.11
1795.67	4276.18
1795.96	4302.56
1796.24	4232.3
1796.53	4236.35
1796.81	4244.46
1797.1	4237.55
1797.38	4252.71
1797.66	4262.18
1797.95	4248.5
1798.23	4163.06
1798.51	4231.12
1798.8	4216.98
1799.08	4239.58
1799.36	4209.64
1799.65	4168.96
1799.93	4222.26
1800.21	4223.79
1800.49	4256.92
1800.78	4209.82
1801.06	4194.15
1801.34	4196.36
1801.62	4220.31
1801.91	4218.23
1802.19	4201.94
1802.47	4218.69
1802.75	4218.14
1803.03	4156.01
1803.31	4223.94
1803.6	4200.26
1803.88	4192.73
1804.16	4197.14
1804.44	4200.46
1804.72	4209.48
1805	4177.23
1805.28	4147.31
1805.56	4191.08
1805.84	4236.85
1806.12	4183.97
1806.4	4193.78
1806.68	4147.23
1806.96	4226.41
1807.24	4196.83
1807.52	4154.84
1807.8	4167.51
1808.08	4247.56
1808.36	4195.74
1808.64	4204.93
1808.92	4116.04
1809.2	4171.44
1809.48	4121.33
1809.76	4170.28
1810.03	4086.77
1810.31	4178.62
1810.59	4156.95
1810.87	4177.13
1811.15	4162.47
1811.43	4149.07
1811.7	4156.61
1811.98	4162.35
1812.26	4157.42
1812.54	4127.14
1812.82	4155.28
1813.09	4171.88
1813.37	4160.99
1813.65	4151.42
1813.92	4151.15
1814.2	4113.27
1814.48	4162.64
1814.75	4163.26
1815.03	4180.52
1815.31	4173.84
1815.58	4144.33
1815.86	4216.35
1816.14	4137.72
1816.41	4140.96
1816.69	4100.91
1816.96	4141.55
1817.24	4101.14
1817.52	4103.72
1817.79	4180.65
1818.07	4151.21
1818.34	4125.74
1818.62	4137.45
1818.89	4154.39
1819.17	4191.11
1819.44	4137.09
1819.72	4140.96
1819.99	4169.55
1820.27	4130.9
1820.54	4140.76
1820.81	4097.07
1821.09	4187.4
1821.36	4120.39
1821.64	4102.65
1821.91	4109.14
1822.18	4156.22
1822.46	4117.08
1822.73	4158.69
1823	4094.05
1823.28	4108.21
1823.55	4114.79
1823.82	4125.08
1824.1	4082.85
1824.37	4103.98
1824.64	4149.42
1824.91	4113.16
1825.19	4057.43
1825.46	4162.22
1825.73	4122.87
1826	4129.08
1826.27	4130.58
1826.55	4148.02
1826.82	4082.05
1827.09	4099.86
1827.36	4113.16
1827.63	4143.49
1827.9	4065.01
1828.17	4103.3
1828.44	4118.43
1828.72	4109.21
1828.99	4155
1829.26	4074.32
1829.53	4095.1
1829.8	4104.52
1830.07	4102.4
1830.34	4061.59
1830.61	4094.21
1830.88	4071.85
1831.15	4134.46
1831.42	4085.21
1831.69	4028.8
1831.96	4063.87
1832.23	4058.97
1832.5	4089.16
1832.76	4046.12
1833.03	4056.47
1833.3	4099.48
1833.57	4057.11
1833.84	4078.4
1834.11	4067.94
1834.38	4063.5
1834.64	4097.06
1834.91	4012.81
1835.18	4034.1
1835.45	4019.63
1835.72	4057.96
1835.98	4053.27
1836.25	4019.74
1836.52	4057.76
1836.79	4084.32
1837.06	4109.82
1837.32	4062.35
1837.59	4080.3
1837.86	4047.79
1838.12	4117.3
1838.39	4009.41
1838.66	4005.25
1838.92	4071.99
1839.19	4086.88
1839.45	4041.28
1839.72	4054.68
1839.99	4066.82
1840.25	4050.93
1840.52	4046.44
1840.78	4033.49
1841.05	4084.54
1841.32	3988.72
1841.58	4060.84
1841.85	3996.1
1842.11	4087.89
1842.38	4073.52
1842.64	4002.63
1842.91	4048.63
1843.17	4051.15
1843.43	4014.2
1843.7	3990.13
1843.96	4014.64
1844.23	4021.03
1844.49	4021.89
1844.75	4036.71
1845.02	3995.65
1845.28	3981.44
1845.55	4029.39
1845.81	4009.14
1846.07	4039.4
1846.34	4090.15
1846.6	3946.02
1846.86	4023.87
1847.13	3993.17
1847.39	3989.75
1847.65	4004.28
1847.91	3959.11
1848.18	4005.82
1848.44	3960.22
1848.7	4024.81
1848.96	3927.88
1849.22	3946.44
1849.49	4024.11
1849.75	4000.35
1850.01	3985.95
1850.27	4000.43
1850.53	3975.17
1850.79	3989.56
1851.05	3965.62
1851.32	3965.37
1851.58	3978.06
1851.84	3980.6
1852.1	3939.64
1852.36	4004.06
1852.62	3978.89
1852.88	4014.26
1853.14	3981.1
1853.4	3988.54
1853.66	3932.77
1853.92	3958.25
1854.18	3955.23
1854.44	3964.58
1854.7	3982.63
1854.96	4011.15
1855.22	4020.71
1855.48	3984.64
1855.73	3932.2
1855.99	3962.94
1856.25	3985.49
1856.51	3972.28
1856.77	3976.47
1857.03	3970.76
1857.29	3987.62
1857.54	3972.37
1857.8	3975.96
1858.06	3959.51
1858.32	3938.8
1858.58	3924.91
1858.83	3963.13
1859.09	3954.67
1859.35	3938.42
1859.61	3944.39
1859.86	3939.65
