150.31	1986.14
151.606	1986.43
152.902	1998.43
154.198	1974.43
155.492	1994.71
156.787	1984.43
158.081	1962.71
159.376	1965
160.669	1953
161.962	1978.14
163.256	1968.14
164.548	1984.71
165.841	1978.14
167.133	1967
168.424	1973
169.715	1973.86
171.006	1993.57
172.297	2000.14
173.587	1970.71
174.877	1981.57
176.166	1990.71
177.456	1974.71
178.745	1958.14
180.033	1975
181.321	1954.43
182.609	1967.29
183.897	1975
185.184	1992.43
186.471	2018.14
187.757	2000.43
189.044	2015
190.33	2037.86
191.615	2032.43
192.9	2015.86
194.185	2009.29
195.469	1975.86
196.753	1971.57
198.037	1927
199.321	1925.29
200.604	1912.71
201.887	1900.43
203.17	1892.43
204.451	1884.43
205.733	1891.57
207.014	1903
208.296	1891.57
209.576	1881
210.856	1923.57
212.137	1896.71
213.417	1888.71
214.696	1936.14
215.975	1925.57
217.253	1932.71
218.532	1942.43
219.81	1953.29
221.088	1933
222.365	1962.71
223.642	1977.29
224.919	1984.43
226.195	2021.86
227.471	2051.29
228.747	2062.11
230.022	2101.51
231.297	2107.77
232.572	2139.17
233.846	2122.29
235.12	2148.83
236.394	2141.94
237.667	2197.06
238.94	2191.6
240.213	2233
241.485	2276.12
242.757	2293.52
244.029	2335.49
245.3	2386.89
246.571	2437.43
247.842	2489.4
249.112	2531.37
250.381	2581.35
251.651	2627.03
252.921	2736.15
254.189	2790.4
255.457	2913.52
256.726	2983.49
257.994	3112.6
259.261	3249.72
260.529	3336.26
261.796	3503.95
263.062	3601.06
264.329	3706.75
265.595	3793.29
266.86	3815.26
268.125	3814.09
269.39	3750.06
270.655	3586.61
271.919	3395.43
273.182	3168.83
274.446	2987.38
275.71	2802.49
276.973	2625.32
278.234	2494.15
279.497	2344.41
280.759	2256.09
282.021	2161.49
283.281	2101.46
284.543	2037.44
285.803	1998.55
287.063	1969.95
288.322	1935.64
289.583	1938.75
290.842	1918.72
292.101	1922.41
293.358	1921.24
294.617	1893.78
295.875	1916.32
297.133	1898.29
298.389	1925.12
299.647	1929.95
300.903	1914.5
302.159	1958.75
303.415	1960.44
304.67	1986.98
305.925	1966.95
307.18	1979.78
308.435	1940.32
309.689	1956.3
310.943	1930.27
312.196	1940.53
313.45	1907.93
314.702	1913.9
315.954	1889.3
317.207	1923.84
318.459	1883.24
319.71	1884.93
320.961	1837.76
322.212	1772.58
323.463	1754.84
324.712	1704.53
325.962	1678.21
327.211	1644.76
328.461	1626.73
329.71	1606.13
330.958	1620.96
332.207	1620.64
333.454	1598.33
334.702	1608.59
335.949	1588.84
337.196	1590.81
338.442	1575.36
339.688	1570.19
340.933	1565.59
342.179	1571.27
343.424	1541.53
344.67	1540.93
345.914	1554.9
347.158	1549.16
348.402	1559.99
349.645	1569.39
350.888	1557.64
352.131	1569.62
353.373	1576.44
354.616	1567.27
355.857	1545.25
357.099	1561.5
358.34	1542.62
359.58	1550.87
360.821	1554.85
362.061	1535.96
363.301	1542.5
364.54	1530.76
365.78	1555.88
367.019	1551.28
368.257	1553.53
369.495	1563.5
370.733	1574.33
371.97	1556.02
373.208	1532.28
374.444	1511.68
375.681	1510.51
376.917	1507.62
378.153	1508.45
379.389	1484.42
380.623	1490.68
381.858	1484.65
383.092	1460.33
384.327	1454.59
385.561	1489.13
386.794	1465.11
388.027	1471.94
389.26	1447.05
390.492	1499.59
391.724	1492.71
392.956	1476.96
394.188	1494.36
395.419	1496.05
396.65	1502.02
397.88	1492.85
399.11	1523.39
400.341	1504.51
401.57	1497.34
402.799	1496.17
404.028	1524.71
405.257	1502.68
406.484	1505.22
407.712	1503.48
408.94	1518.02
410.167	1509.14
411.394	1514.54
412.621	1499.37
413.847	1509.62
415.073	1515.02
416.298	1515.28
417.523	1513.82
418.749	1491.51
419.973	1504.63
421.197	1514.31
422.421	1502.57
423.644	1499.4
424.867	1494.23
426.091	1507.91
427.313	1487.6
428.536	1516.71
429.757	1527.26
430.979	1517.8
432.201	1522.34
433.421	1540.03
434.642	1521.14
435.862	1558.26
437.082	1555.66
438.301	1560.2
439.52	1603.6
440.739	1580.43
441.958	1622.69
443.176	1687.8
444.394	1719.77
445.612	1791.74
446.83	1919.43
448.046	2057.69
449.263	2225.94
450.479	2439.92
451.695	2616.46
452.911	2733.57
454.126	2731.83
455.341	2636.09
456.556	2428.34
457.77	2277.17
458.985	2112.86
460.198	1981.12
461.411	1897.95
462.624	1824.2
463.837	1779.6
465.05	1717.29
466.262	1700.4
467.473	1648.66
468.685	1622.92
469.896	1624.03
471.106	1597.43
472.317	1600.26
473.527	1582.52
474.737	1572.78
475.946	1574.18
477.155	1574.43
478.364	1564.98
479.573	1595.23
480.781	1609.2
481.988	1625.75
483.195	1631.43
484.403	1619.41
485.609	1592.81
486.816	1526.78
488.022	1507.89
489.227	1473.29
490.434	1428.12
491.639	1442.38
492.844	1419.49
494.048	1410.32
495.252	1412.01
496.456	1427.12
497.66	1415.38
498.863	1414.78
500.065	1402.75
501.268	1423.01
502.47	1414.41
503.672	1404.38
504.874	1410.07
506.075	1422.61
507.275	1411.72
508.476	1406.27
509.677	1411.38
510.876	1450.21
512.076	1450.75
513.275	1421.58
514.474	1416.12
515.673	1418.67
516.871	1407.5
518.069	1418.04
519.267	1378.87
520.464	1400.55
521.661	1386.81
522.857	1418.5
524.054	1417.61
525.25	1427.58
526.445	1421.55
527.641	1416.1
528.836	1435.78
530.031	1432.61
531.225	1434.87
532.42	1437.7
533.613	1471.95
534.807	1473.35
536	1489.04
537.192	1516.73
538.384	1543.27
539.576	1574.38
540.768	1574.64
541.96	1632.33
543.151	1658.01
544.342	1729.41
545.532	1813.1
546.723	1880.5
547.912	1987.04
549.102	2099.3
550.291	2248.99
551.479	2423.53
552.668	2582.93
553.856	2726.33
555.045	2731.44
556.232	2683.99
557.419	2594.53
558.606	2449.64
559.793	2304.47
560.979	2173.3
562.165	2038.99
563.35	1936.1
564.536	1849.79
565.721	1747.19
566.906	1692.59
568.09	1671.7
569.274	1633.39
570.457	1605.07
571.64	1629.33
572.824	1621.87
574.007	1678.42
575.189	1750.67
576.37	1848.93
577.552	1965.48
578.734	2095.16
579.915	2172.56
581.096	2170.25
582.276	2098.79
583.456	2019.9
584.636	1931.59
585.816	1871.56
586.995	1771.82
588.173	1719.22
589.352	1662.33
590.53	1610.31
591.708	1582.28
592.886	1544.82
594.063	1529.93
595.239	1496.19
596.416	1459.88
597.592	1478.99
598.768	1460.11
599.944	1439.51
601.119	1416.34
602.294	1396.02
603.469	1402.56
604.643	1383.39
605.817	1397.36
606.99	1388.19
608.163	1368.17
609.336	1357.57
610.509	1379.25
611.682	1350.37
612.853	1328.91
614.026	1334.59
615.197	1346.85
616.368	1325.11
617.539	1330.79
618.709	1311.62
619.879	1333.02
621.049	1323
622.218	1312.97
623.388	1320.94
624.557	1324.62
625.725	1326.6
626.893	1318
628.061	1305.97
629.229	1300.51
630.396	1305.34
631.563	1273.31
632.729	1268.14
633.895	1255.83
635.062	1268.37
636.227	1288.63
637.392	1296.03
638.557	1299.71
639.722	1317.68
640.886	1292.23
642.05	1255.91
643.214	1261.88
644.377	1266.71
645.54	1262.97
646.703	1271.8
647.865	1281.48
649.027	1278.31
650.189	1257.71
651.35	1274.54
652.511	1283.66
653.672	1264.77
654.833	1276.74
655.993	1277.57
657.153	1299.26
658.312	1279.23
659.472	1288.63
660.631	1264.6
661.789	1281.72
662.947	1258.26
664.105	1287.37
665.262	1270.77
666.42	1277.03
667.576	1276.43
668.734	1276.69
669.89	1276.37
671.046	1285.77
672.201	1262.89
673.357	1254
674.512	1250.26
675.667	1261.37
676.821	1267.92
677.975	1244.17
679.129	1255.86
680.282	1241.55
681.435	1265.8
682.588	1245.49
683.741	1247.75
684.893	1237.15
686.045	1238.26
687.196	1243.66
688.347	1243.63
689.498	1240.46
690.649	1246.15
691.799	1264.98
692.949	1235.52
694.099	1242.35
695.248	1244.89
696.396	1237.15
697.545	1262.83
698.694	1260.81
699.842	1256.78
700.989	1266.46
702.137	1259.58
703.284	1267.84
704.43	1267.52
705.577	1252.35
706.723	1269.18
707.869	1267.44
709.014	1286.84
710.159	1274.24
711.305	1278.49
712.449	1306.75
713.593	1301.29
714.737	1321.55
715.881	1328.95
717.024	1344.35
718.167	1333.47
719.309	1380.29
720.452	1363.98
721.594	1357.38
722.735	1379.07
723.876	1363.61
725.018	1354.72
726.158	1330.7
727.299	1302.95
728.439	1274.07
729.579	1262.61
730.718	1246.3
731.857	1233.41
732.996	1228.24
734.134	1222.21
735.273	1210.47
736.411	1211.87
737.548	1176.98
738.685	1189.81
739.823	1202.93
740.959	1176.04
742.095	1184.3
743.231	1178.56
744.367	1173.38
745.502	1174.78
746.637	1183.61
747.771	1179.87
748.906	1177.84
750.04	1172.67
751.173	1150.36
752.308	1170.04
753.441	1165.44
754.574	1161.7
755.705	1151.67
756.838	1156.79
757.97	1154.76
759.101	1150.73
760.232	1160.42
761.364	1130.67
762.494	1155.79
763.624	1152.9
764.754	1165.44
765.883	1141.42
767.013	1160.53
768.143	1168.79
769.271	1143.9
770.399	1147.59
771.527	1158.13
772.655	1144.39
773.782	1158.93
774.909	1151.19
776.036	1167.45
777.162	1159.7
778.289	1174.25
779.415	1158.5
780.54	1175.9
781.666	1180.45
782.791	1173.56
783.915	1180.96
785.039	1179.79
786.163	1163.48
787.287	1184.59
788.411	1176.28
789.533	1176.82
790.656	1177.08
791.778	1179.33
792.9	1175.88
794.022	1162.99
795.144	1155.82
796.265	1170.36
797.386	1180.62
798.506	1163.74
799.626	1182.56
800.746	1172.82
801.866	1177.36
802.985	1175.34
804.104	1188.16
805.223	1202.42
806.341	1230.68
807.459	1208.37
808.577	1220.05
809.694	1225.45
810.811	1221.42
811.928	1227.68
813.044	1229.37
814.16	1230.19
815.277	1266.17
816.392	1248.14
817.507	1239.82
818.622	1277.22
819.737	1257.77
820.851	1283.45
821.964	1316
823.078	1315.97
824.192	1324.22
825.304	1352.77
826.417	1373.31
827.53	1382.71
828.642	1408.97
829.754	1430.65
830.865	1460.05
831.976	1478.03
833.087	1523.71
834.197	1511.97
835.308	1537.08
836.417	1567.05
837.527	1625.03
838.636	1642.14
839.745	1672.68
840.854	1710.37
841.962	1747.2
843.07	1803.46
844.177	1849.71
845.284	1910.83
846.392	1962.23
847.499	2039.91
848.605	2084.17
849.711	2048.43
850.817	2036.97
851.922	2018.66
853.028	1992.91
854.132	1976.31
855.237	2038
856.341	2093.4
857.445	2183.09
858.549	2343.06
859.653	2507.89
860.755	2751.86
861.858	3061.83
862.96	3552.94
864.062	4136.06
865.164	4950.32
866.266	5885.15
867.367	6801.69
868.468	7419.66
869.568	7567.63
870.669	7147.03
871.768	6449.57
872.868	5663.55
873.967	4892.95
875.066	4251.2
876.165	3667.75
877.263	3236.86
878.361	2878.26
879.458	2571.66
880.557	2316.78
881.653	2124.18
882.75	1937
883.847	1868.12
884.943	1750.09
886.038	1678.92
887.134	1601.75
888.229	1572.29
889.325	1525.69
890.419	1484.23
891.513	1492.49
892.607	1440.18
893.701	1441.29
894.794	1420.69
895.888	1399.24
896.98	1395.78
898.073	1374.61
899.165	1371.44
900.257	1348.55
901.349	1367.09
902.44	1363.35
903.53	1351.04
904.621	1358.44
905.711	1376.41
906.802	1370.09
907.891	1393.49
908.981	1399.18
910.07	1406.01
911.158	1403.12
912.247	1427.95
913.335	1430.49
914.423	1453.61
915.51	1471.87
916.597	1492.98
917.684	1522.67
918.771	1569.5
919.857	1612.61
920.943	1673.44
922.029	1761.98
923.114	1879.95
924.199	1963.93
925.284	2067.9
926.368	2151.01
927.453	2221.55
928.537	2246.1
929.62	2209.78
930.703	2119.75
931.786	2008.01
932.868	1894.84
933.95	1763.96
935.032	1659.07
936.114	1575.61
937.196	1494.16
938.277	1451.27
939.357	1399.24
940.438	1359.21
941.518	1331.47
942.598	1298.01
943.678	1271.41
944.756	1252.24
945.835	1257.64
946.914	1229.9
947.992	1204.16
949.07	1190.99
950.148	1198.67
951.225	1156.36
952.302	1181.47
953.379	1156.59
954.456	1147.42
955.531	1133.96
956.608	1115.07
957.683	1121.04
958.758	1110.16
959.833	1107.27
960.908	1086.67
961.982	1100.93
963.056	1069.19
964.13	1068.02
965.203	1085.13
966.276	1075.67
967.349	1068.79
968.421	1046.76
969.493	1051.87
970.565	1054.99
971.636	1068.96
972.708	1048.08
973.779	1054.33
974.849	1050.59
975.92	1061.7
976.99	1047.96
978.06	1059.93
979.129	1061.91
980.198	1071.88
981.267	1063.28
982.336	1089.53
983.404	1094.36
984.471	1102.33
985.539	1108.31
986.606	1109.13
987.673	1095.96
988.739	1101.36
989.806	1126.76
990.872	1123.02
991.938	1122.14
993.003	1123.25
994.069	1144.65
995.133	1174.34
996.198	1167.74
997.262	1221.42
998.326	1236.82
999.39	1257.08
1000.45	1274.48
1001.52	1280.17
1002.58	1266.71
1003.64	1245.25
1004.7	1240.08
1005.77	1224.62
1006.83	1218.31
1007.89	1188.85
1008.95	1167.4
1010.01	1167.94
1011.07	1153.91
1012.13	1142.74
1013.19	1154.42
1014.25	1134.11
1015.31	1132.94
1016.37	1132.91
1017.42	1136.88
1018.48	1124.28
1019.54	1145.11
1020.6	1131.65
1021.65	1164.2
1022.71	1144.74
1023.77	1154.14
1024.82	1149.83
1025.88	1168.94
1026.94	1186.34
1027.99	1179.74
1029.05	1197.14
1030.1	1212.54
1031.16	1247.08
1032.21	1252.77
1033.26	1285.03
1034.32	1295.28
1035.37	1334.69
1036.42	1383.51
1037.48	1414.06
1038.53	1484.31
1039.58	1546.86
1040.63	1650.83
1041.68	1787.66
1042.74	1955.63
1043.79	2177.6
1044.84	2448.14
1045.89	2759.83
1046.94	2992.94
1047.99	3151.49
1049.04	3070.89
1050.09	2860.86
1051.13	2571.12
1052.18	2238.23
1053.23	1964.2
1054.28	1778.17
1055.33	1584.43
1056.37	1479.26
1057.42	1385.23
1058.47	1342.92
1059.51	1280.6
1060.56	1268.29
1061.6	1281.69
1062.65	1285.95
1063.7	1320.2
1064.74	1343.32
1065.78	1355.86
1066.83	1397.26
1067.87	1402.38
1068.92	1373.78
1069.96	1344.03
1071	1311.72
1072.04	1255.69
1073.09	1221.09
1074.13	1173.06
1075.17	1133.32
1076.21	1102.72
1077.25	1095.83
1078.29	1075.81
1079.34	1048.35
1080.38	1052.89
1081.42	1057.15
1082.45	1058.55
1083.49	1041.38
1084.53	1052.78
1085.57	1028.75
1086.61	1039.86
1087.65	1035.55
1088.69	1039.24
1089.72	1035.21
1090.76	1034.04
1091.8	1036.87
1092.84	1031.12
1093.87	1044.52
1094.91	1045.64
1095.94	1046.47
1096.98	1067.01
1098.01	1085.84
1099.05	1079.81
1100.08	1095.21
1101.12	1100.04
1102.15	1130.87
1103.19	1156.84
1104.22	1155.38
1105.25	1188.5
1106.29	1196.75
1107.32	1257.87
1108.35	1238.13
1109.38	1265.81
1110.41	1268.07
1111.44	1285.18
1112.48	1290.87
1113.51	1275.41
1114.54	1279.67
1115.57	1299.07
1116.6	1334.18
1117.63	1352.16
1118.65	1426.98
1119.68	1456.38
1120.71	1498.07
1121.74	1509.18
1122.77	1528.58
1123.8	1503.13
1124.82	1487.67
1125.85	1429.07
1126.88	1347.9
1127.9	1329.59
1128.93	1251.84
1129.96	1226.1
1130.98	1163.21
1132.01	1143.76
1133.03	1124.87
1134.06	1092.84
1135.08	1096.82
1136.11	1072.79
1137.13	1046.19
1138.15	1038.16
1139.18	1040.7
1140.2	1021.82
1141.22	1033.79
1142.24	1026.9
1143.27	1036.87
1144.29	1036.27
1145.31	1026.53
1146.33	1025.07
1147.35	1006.47
1148.37	1010.45
1149.39	1011.85
1150.41	989.817
1151.43	990.075
1152.45	989.475
1153.47	983.732
1154.49	994.561
1155.51	976.533
1156.53	990.218
1157.54	983.333
1158.56	974.162
1159.58	989.562
1160.59	964.676
1161.61	957.505
1162.63	940.334
1163.64	954.02
1164.66	917.706
1165.68	929.963
1166.69	934.22
1167.71	917.906
1168.72	917.878
1169.73	927.278
1170.75	910.106
1171.76	901.221
1172.78	894.335
1173.79	906.593
1174.8	886.564
1175.81	917.393
1176.83	920.222
1177.84	923.336
1178.85	913.022
1179.86	913.279
1180.87	917.822
1181.88	932.937
1182.89	913.194
1183.9	919.166
1184.91	926.566
1185.92	932.823
1186.93	926.223
1187.94	937.338
1188.95	950.738
1189.96	947.852
1190.97	955.824
1191.97	964.081
1192.98	977.481
1193.99	1000.88
1195	1006.85
1196	1025.97
1197.01	1034.22
1198.01	1042.48
1199.02	1069.03
1200.03	1094.14
1201.03	1086.97
1202.04	1104.65
1203.04	1113.2
1204.04	1108.6
1205.05	1093.43
1206.05	1077.97
1207.06	1055.94
1208.06	1050.48
1209.06	1053.6
1210.06	1009
1211.07	985.542
1212.07	990.37
1213.07	970.056
1214.07	961.456
1215.07	967.142
1216.07	945.114
1217.07	968.514
1218.07	953.057
1219.07	952.172
1220.07	939.286
1221.07	942.4
1222.07	954.943
1223.07	946.915
1224.07	960.029
1225.07	974.287
1226.06	989.687
1227.06	998.516
1228.06	1019.92
1229.06	1037.32
1230.05	1019.29
1231.05	1041.83
1232.04	1066.37
1233.04	1079.77
1234.04	1072.32
1235.03	1104
1236.03	1104.55
1237.02	1120.06
1238.01	1142.38
1239.01	1143.05
1240	1149.29
1241	1142.29
1241.99	1133.03
1242.98	1116.39
1243.97	1106.51
1244.97	1092.73
1245.96	1066.09
1246.95	1055.48
1247.94	1040.82
1248.93	1039.03
1249.92	1024.98
1250.91	1011.56
1251.9	1009.7
1252.89	1002.28
1253.88	1003.93
1254.87	997.075
1255.86	987.868
1256.85	990.549
1257.84	991.85
1258.83	990.163
1259.81	1008.34
1260.8	1027.23
1261.79	1042.89
1262.78	1063.63
1263.76	1092.31
1264.75	1129.85
1265.73	1159.94
1266.72	1169.68
1267.71	1159.97
1268.69	1167.58
1269.68	1152.53
1270.66	1144.5
1271.65	1139.75
1272.63	1137.98
1273.61	1131.58
1274.6	1133.93
1275.58	1144.31
1276.56	1160.94
1277.55	1178.25
1278.53	1200.78
1279.51	1242.42
1280.49	1292.72
1281.47	1359.61
1282.45	1431.1
1283.43	1494.4
1284.42	1540.42
1285.4	1573
1286.38	1586.91
1287.35	1570.36
1288.33	1536.57
1289.06	1509.53
1290.08	1460.61
1291.1	1396.26
1292.12	1329.92
1293.14	1261.57
1294.16	1210.65
1295.17	1147.73
1296.19	1121.67
1297.21	1105.9
1298.23	1072.41
1299.25	1049.49
1300.27	1040.57
1301.28	1014.8
1302.3	981.879
1303.32	969.818
1304.33	964.9
1305.35	947.982
1306.37	934.207
1307.38	920.146
1308.4	915.8
1309.41	900.024
1310.43	903.106
1311.44	875.331
1312.46	862.127
1313.47	867.495
1314.49	858.006
1315.5	845.373
1316.51	832.455
1317.53	843.823
1318.54	831.762
1319.55	801.987
1320.57	811.069
1321.58	811.579
1322.59	814.947
1323.6	801.172
1324.61	805.968
1325.63	779.336
1326.64	778.132
1327.65	784.357
1328.66	782.581
1329.67	775.949
1330.68	775.031
1331.69	781.256
1332.7	770.623
1333.71	755.42
1334.72	753.359
1335.72	763.869
1336.73	760.665
1337.74	754.319
1338.75	767.972
1339.76	764.483
1340.76	754.708
1341.77	760.932
1342.78	752.871
1343.79	763.096
1344.79	746.75
1345.8	748.689
1346.8	737.771
1347.81	743.71
1348.82	750.792
1349.82	750.445
1350.83	760.67
1351.83	750.895
1352.84	754.262
1353.84	757.059
1354.84	756.712
1355.85	741.794
1356.85	772.304
1357.85	767.101
1358.86	755.611
1359.86	748.979
1360.86	765.489
1361.86	787.714
1362.87	782.51
1363.87	788.164
1364.87	798.96
1365.87	780.613
1366.87	778.267
1367.87	771.349
1368.87	779.002
1369.87	783.798
1370.87	764.88
1371.87	757.962
1372.87	784.473
1373.87	776.126
1374.87	771.494
1375.87	772.29
1376.87	773.372
1377.86	779.025
1378.86	767.822
1379.86	765.761
1380.86	769.414
1381.85	762.782
1382.85	755.864
1383.85	763.803
1384.84	762.599
1385.84	759.109
1386.84	753.906
1387.83	739.559
1388.83	752.927
1389.82	734.58
1390.82	757.091
1391.81	757.03
1392.81	756.969
1393.8	762.051
1394.79	778.847
1395.79	775.929
1396.78	774.439
1397.77	796.95
1398.77	802.318
1399.76	797.971
1400.75	817.91
1401.74	809.849
1402.74	816.931
1403.73	829.727
1404.72	819.381
1405.71	809.32
1406.7	807.259
1407.69	818.627
1408.68	804.28
1409.67	801.362
1410.66	805.301
1411.65	811.526
1412.64	812.893
1413.63	812.261
1414.62	799.343
1415.61	815.282
1416.59	811.507
1417.58	820.589
1418.57	811.385
1419.56	813.896
1420.55	815.549
1421.53	818.06
1422.52	825.713
1423.51	829.938
1424.49	859.877
1425.48	862.387
1426.46	888.612
1427.45	915.123
1428.43	931.347
1429.42	946.715
1430.4	944.368
1431.39	968.022
1432.37	984.532
1433.36	989.614
1434.34	1023.27
1435.32	1030.35
1436.31	1036
1437.29	1034.51
1438.27	1009.88
1439.26	992.106
1440.24	987.188
1441.22	985.698
1442.2	990.495
1443.18	1018.15
1444.16	1047.52
1445.14	1098.03
1446.12	1173.68
1447.11	1286.76
1448.09	1429.84
1449.07	1532.64
1450.05	1623.15
1451.02	1647.95
1452	1595.89
1452.98	1532.68
1453.96	1472.05
1454.94	1370.56
1455.92	1313.64
1456.9	1238.44
1457.87	1175.52
1458.85	1148.89
1459.83	1087.11
1460.81	1067.62
1461.78	1031.85
1462.76	1003.79
1463.73	964.012
1464.71	928.237
1465.69	927.604
1466.66	890.115
1467.64	877.768
1468.61	850.279
1469.59	845.646
1470.56	821.3
1471.54	815.81
1472.51	788.321
1473.48	764.546
1474.46	755.342
1475.43	735.567
1476.4	733.506
1477.37	717.731
1478.35	713.955
1479.32	683.037
1480.29	682.976
1481.26	675.487
1482.23	665.426
1483.21	677.936
1484.18	672.161
1485.15	660.958
1486.12	654.325
1487.09	653.407
1488.06	642.203
1489.03	641
1490	650.367
1490.97	634.592
1491.93	646.531
1492.9	632.47
1493.87	639.266
1494.84	631.491
1495.81	631.716
1496.77	627.655
1497.74	619.309
1498.71	632.105
1499.68	621.472
1500.64	625.411
1501.61	624.208
1502.58	625.29
1503.54	625.229
1504.51	609.739
1505.47	589.393
1506.44	613.046
1507.4	618.985
1508.37	607.496
1509.33	614.292
1510.3	620.231
1511.26	620.742
1512.22	618.966
1513.19	607.477
1514.15	609.13
1515.11	623.069
1516.08	623.866
1517.04	610.947
1518	610.601
1518.96	597.683
1519.92	611.908
1520.88	615.561
1521.85	606.071
1522.81	600.582
1523.77	591.664
1524.73	592.174
1525.69	596.114
1526.65	604.338
1527.61	596.563
1528.57	595.645
1529.53	594.441
1530.48	586.952
1531.44	591.177
1532.4	599.116
1533.36	591.626
1534.32	588.994
1535.28	592.933
1536.23	584.586
1537.19	595.668
1538.15	592.465
1539.1	598.689
1540.06	577.486
1541.02	591.71
1541.97	592.507
1542.93	588.16
1543.88	584.385
1544.84	588.324
1545.79	583.977
1546.75	573.631
1547.7	572.427
1548.66	579.794
1549.61	587.448
1550.56	575.101
1551.52	590.755
1552.47	592.694
1553.42	578.061
1554.38	586.286
1555.33	583.368
1556.28	573.022
1557.23	580.675
1558.18	574.043
1559.14	573.696
1560.09	586.206
1561.04	583.003
1561.99	570.656
1562.94	569.452
1563.89	597.677
1564.84	575.33
1565.79	574.698
1566.74	588.066
1567.69	580.862
1568.64	575.087
1569.59	571.312
1570.53	566.108
1571.48	568.047
1572.43	559.129
1573.38	566.782
1574.33	579.864
1575.27	562.946
1576.22	567.457
1577.17	557.396
1578.11	556.478
1579.06	551.274
1580	576.927
1580.95	556.295
1581.9	565.377
1582.84	553.887
1583.79	564.684
1584.73	555.48
1585.67	556.848
1586.62	549.93
1587.56	556.154
1588.51	544.379
1589.45	551.747
1590.39	547.686
1591.34	548.768
1592.28	551.85
1593.22	543.503
1594.16	550.585
1595.11	547.381
1596.05	540.463
1596.99	554.117
1597.93	542.341
1598.87	549.709
1599.81	539.362
1600.75	548.73
1601.69	552.955
1602.63	543.465
1603.57	550.262
1604.51	553.629
1605.45	548.711
1606.39	550.079
1607.33	552.018
1608.27	566.529
1609.21	553.896
1610.14	564.407
1611.08	570.346
1612.02	559.142
1612.96	546.795
1613.89	549.592
1614.83	538.388
1615.77	533.47
1616.7	517.123
1617.64	528.777
1618.58	535.001
1619.51	531.512
1620.45	520.308
1621.38	521.676
1622.32	526.186
1623.25	525.84
1624.19	510.636
1625.12	522.861
1626.05	527.657
1626.99	522.739
1627.92	529.821
1628.85	514.046
1629.79	538.271
1630.72	534.781
1631.65	517.291
1632.58	521.231
1633.52	520.313
1634.45	532.252
1635.38	530.476
1636.31	534.987
1637.24	538.926
1638.17	546.008
1639.1	540.518
1640.03	543.601
1640.96	528.111
1641.89	535.764
1642.82	527.703
1643.75	519.071
1644.68	523.01
1645.61	521.235
1646.54	510.317
1647.46	508.256
1648.39	508.195
1649.32	509.849
1650.25	518.93
1651.17	500.298
1652.1	487.094
1653.03	507.605
1653.95	498.973
1654.88	500.626
1655.81	501.994
1656.73	499.647
1657.66	491.872
1658.58	491.811
1659.51	486.607
1660.43	491.975
1661.36	493.057
1662.28	486.996
1663.21	493.506
1664.13	492.017
1665.05	502.242
1665.98	483.038
1666.9	501.834
1667.82	492.059
1668.74	483.141
1669.67	483.08
1670.59	495.876
1671.51	493.53
1672.43	482.326
1673.35	481.979
1674.27	483.632
1675.19	476.429
1676.12	488.654
1677.04	487.45
1677.96	487.675
1678.88	494.185
1679.79	474.981
1680.71	484.635
1681.63	482.288
1682.55	487.084
1683.47	482.738
1684.39	483.248
1685.31	480.33
1686.23	486.555
1687.14	490.494
1688.06	479.862
1688.98	492.944
1689.89	474.026
1690.81	481.965
1691.73	490.761
1692.64	483.843
1693.56	462.639
1694.48	480.007
1695.39	481.374
1696.31	483.314
1697.22	495.538
1698.14	479.192
1699.05	473.988
1699.96	488.784
1700.88	482.438
1701.79	478.948
1702.7	486.316
1703.62	478.826
1704.53	492.765
1705.44	488.99
1706.36	464.929
1707.27	480.297
1708.18	475.664
1709.09	479.318
1710	475.828
1710.92	478.339
1711.83	479.421
1712.74	480.503
1713.65	493.299
1714.56	483.81
1715.47	492.32
1716.38	494.545
1717.29	491.913
1718.2	497.28
1719.11	511.791
1720.01	522.016
1720.92	523.383
1721.83	531.037
1722.74	539.261
1723.65	565.2
1724.56	570.854
1725.46	583.364
1726.37	604.161
1727.28	627.528
1728.18	683.182
1729.09	731.978
1730	790.774
1730.9	850.999
1731.81	885.224
1732.71	901.163
1733.62	863.102
1734.52	829.041
1735.43	804.694
1736.33	784.633
1737.24	742.858
1738.14	749.369
1739.04	726.451
1739.95	715.247
1740.85	707.757
1741.75	698.268
1742.66	707.35
1743.56	688.717
1744.46	696.371
1745.36	672.31
1746.26	672.535
1747.17	657.617
1748.07	666.413
1748.97	635.209
1749.87	634.863
1750.77	620.516
1751.67	620.455
1752.57	616.966
1753.47	602.619
1754.37	576.844
1755.27	576.211
1756.17	561.008
1757.07	554.947
1757.97	553.172
1758.86	548.825
1759.76	540.478
1760.66	536.989
1761.56	516.928
1762.45	521.438
1763.35	503.663
1764.25	499.031
1765.15	490.97
1766.04	478.052
1766.94	483.134
1767.83	479.644
1768.73	466.155
1769.63	447.808
1770.52	455.747
1771.42	451.972
1772.31	446.483
1773.2	436.422
1774.1	429.504
1774.99	435.157
1775.89	443.382
1776.78	426.178
1777.67	423.26
1778.57	428.628
1779.46	432.853
1780.35	426.506
1781.24	414.445
1782.14	414.098
1783.03	421.466
1783.92	416.834
1784.81	416.201
1785.7	417.283
1786.59	414.365
1787.48	410.876
1788.37	409.101
1789.26	421.325
1790.15	404.407
1791.04	400.918
1791.93	401.714
1792.82	405.082
1793.71	409.021
1794.6	401.531
1795.49	404.042
1796.38	415.981
1797.26	400.777
1798.15	399.288
1799.04	404.655
1799.93	407.452
1800.81	395.391
1801.7	397.33
1802.59	395.84
1803.47	390.351
1804.36	407.147
1805.24	385.943
1806.13	389.597
1807.02	395.25
1807.9	401.475
1808.79	391.985
1809.67	387.067
1810.55	389.006
1811.44	401.231
1812.32	392.027
1813.21	389.967
1814.09	388.477
1814.97	372.416
1815.86	384.927
1816.74	374.866
1817.62	401.376
1818.5	385.03
1819.38	390.683
1820.27	384.051
1821.15	371.418
1822.03	383.643
1822.91	385.296
1823.79	391.236
1824.67	381.175
1825.55	381.114
1826.43	372.481
1827.31	377.563
1828.19	376.074
1829.07	374.87
1829.95	367.666
1830.83	374.177
1831.71	359.545
1832.58	378.912
1833.46	371.137
1834.34	374.505
1835.22	377.872
1836.1	368.669
1836.97	371.75
1837.85	359.118
1838.73	360.2
1839.6	377.282
1840.48	364.65
1841.35	368.589
1842.23	362.814
1843.11	367.038
1843.98	365.835
1844.86	366.631
1845.73	360.57
1846.6	352.509
1847.48	359.305
1848.35	364.102
1849.23	371.469
1850.1	351.123
1850.97	371.062
1851.85	358.144
1852.72	363.511
1853.59	356.307
1854.46	359.389
1855.34	360.186
1856.21	346.982
1857.08	351.492
1857.95	354.289
1858.82	357.656
1859.69	356.453
1860.56	352.963
1861.43	359.759
1862.3	356.841
1863.17	353.066
1864.04	347.005
1864.91	350.659
1865.78	349.169
1866.65	354.822
1867.52	340.476
1868.39	351.272
1869.26	343.211
1870.13	344.864
1870.99	352.518
1871.86	351.028
1872.73	344.11
1873.59	349.764
1874.46	345.703
1875.33	337.07
1876.19	353.581
1877.06	344.663
1877.93	344.602
1878.79	348.827
1879.66	338.194
1880.52	333.848
1881.39	344.644
1882.25	334.583
1883.12	334.522
1883.98	337.318
1884.84	342.686
1885.71	338.911
1886.57	341.421
1887.43	331.646
1888.3	336.157
1889.16	343.239
1890.02	328.035
1890.89	338.831
1891.75	323.342
1892.61	331.852
1893.47	331.22
1894.33	337.159
1895.19	330.812
1896.05	329.323
1896.91	325.833
1897.78	327.772
1898.64	322.569
1899.5	319.365
1900.35	332.161
1901.21	321.529
1902.07	326.896
1902.93	317.978
1903.79	317.632
1904.65	322.428
1905.51	322.367
1906.37	312.592
1907.22	323.102
1908.08	317.613
1908.94	322.981
1909.8	321.205
1910.65	315.145
1911.51	318.226
1912.36	317.308
1913.22	312.962
1914.08	316.615
1914.93	313.983
1915.79	315.35
1916.64	319.29
1917.5	321.229
1918.35	312.596
1919.21	309.678
1920.06	304.474
1920.92	306.699
1921.77	308.924
1922.62	320.577
1923.48	311.659
1924.33	306.741
1925.18	318.395
1926.03	305.477
1926.89	307.416
1927.74	302.498
1928.59	301.865
1929.44	309.233
1930.29	310.029
1931.14	306.54
1932	307.907
1932.85	300.132
1933.7	298.071
1934.55	301.725
1935.4	291.95
1936.25	295.031
1937.1	296.399
1937.94	302.91
1938.79	289.706
1939.64	291.645
1940.49	297.584
1941.34	296.666
1942.19	307.748
1943.04	293.401
1943.88	290.483
1944.73	308.994
1945.58	284.647
1946.42	289.443
1947.27	290.811
1948.12	297.893
1948.96	291.546
1949.81	296.628
1950.65	288.282
1951.5	287.649
1952.34	286.446
1953.19	290.67
1954.03	287.752
1954.88	287.12
1955.72	287.63
1956.57	285.57
1957.41	290.08
1958.25	281.162
1959.1	277.673
1959.94	286.183
1960.78	288.694
1961.63	291.204
1962.47	282
1963.31	284.225
1964.15	285.879
1964.99	280.103
1965.84	288.042
1966.68	270.553
1967.52	281.064
1968.36	276.717
1969.2	267.513
1970.04	279.738
1970.88	261.963
1971.72	284.759
1972.56	273.555
1973.4	275.494
1974.24	271.719
1975.08	269.087
1975.91	281.312
1976.75	271.536
1977.59	272.333
1978.43	274.272
1979.27	279.639
1980.1	269.578
1980.94	273.803
1981.78	274.028
1982.62	272.824
1983.45	272.763
1984.29	272.417
1985.12	264.642
1985.96	270.866
1986.79	266.805
1987.63	272.173
1988.46	263.541
1989.3	271.766
1990.13	267.99
1990.97	269.358
1991.8	272.154
1992.64	261.808
1993.47	269.461
1994.3	265.4
1995.14	268.482
1995.97	261.85
1996.8	265.789
1997.64	268.871
1998.47	262.238
1999.3	268.177
2000.13	261.831
2000.96	265.198
2001.79	255.995
2002.63	259.362
2003.46	262.444
2004.29	260.098
2005.12	257.751
2005.95	260.833
2006.78	259.344
2007.61	261.283
2008.44	262.936
2009.27	269.732
2010.09	249.671
2010.92	257.61
2011.75	260.692
2012.58	263.489
2013.41	263.713
2014.24	249.367
2015.06	254.734
2015.89	243.245
2016.72	248.327
2017.54	258.266
2018.37	249.919
2019.2	258.716
2020.02	252.94
2020.85	249.737
2021.68	259.39
2022.5	251.901
2023.33	239.84
2024.15	243.779
2024.98	251.432
2025.8	251.371
2026.62	238.167
2027.45	239.821
2028.27	230.617
2029.1	243.985
2029.92	248.781
2030.74	245.291
2031.56	248.373
2032.39	236.884
2033.21	230.252
2034.03	224.476
2034.85	236.415
2035.68	236.926
2036.5	246.579
2037.32	228.518
2038.14	233.315
2038.96	226.682
2039.78	240.05
2040.6	241.418
2041.42	234.785
2042.24	234.153
2043.06	227.806
2043.88	232.031
2044.7	233.399
2045.52	229.338
2046.34	229.563
2047.16	229.502
2047.97	235.441
2048.79	233.951
2049.61	227.319
2050.43	222.115
2051.24	238.054
2052.06	231.422
2052.88	236.504
2053.69	230.443
2054.51	223.811
2055.33	236.893
2056.14	229.689
2056.96	233.914
2057.77	234.996
2058.59	221.506
2059.4	220.017
2060.22	223.956
2061.03	230.466
2061.85	224.405
2062.66	227.773
2063.48	222.855
2064.29	230.223
2065.1	220.162
2065.92	222.387
2066.73	217.754
2067.54	224.836
2068.35	216.775
2069.17	225.571
2069.98	227.511
2070.79	225.164
2071.6	233.103
2072.41	226.471
2073.22	223.553
2074.03	222.063
2074.84	213.717
2075.65	221.37
2076.46	221.88
2077.27	220.105
2078.08	218.616
2078.89	218.269
2079.7	222.208
2080.51	223.29
2081.32	217.801
2082.13	207.454
2082.94	221.393
2083.74	209.904
2084.55	204.986
2085.36	203.782
2086.17	217.435
2086.97	222.231
2087.78	219.599
2088.59	211.824
2089.39	205.477
2090.2	210.845
2091.01	215.07
2091.81	218.437
2092.62	216.948
2093.42	207.458
2094.23	210.54
2095.03	211.908
2095.84	211.561
2096.64	200.929
2097.45	207.44
2098.25	205.95
2099.05	203.032
2099.86	202.114
