150.31	2526.14
151.606	2539.29
152.902	2531.29
154.198	2542.43
155.492	2523
156.787	2486.14
158.081	2481.57
159.376	2441
160.669	2453.86
161.962	2456.43
163.256	2467.57
164.548	2443
165.841	2473.29
167.133	2483.29
168.424	2486.71
169.715	2467.86
171.006	2465
172.297	2469.57
173.587	2451
174.877	2459.86
176.166	2454.14
177.456	2439
178.745	2454.71
180.033	2462.43
181.321	2452.71
182.609	2445.57
183.897	2454.71
185.184	2459.29
186.471	2466.14
187.757	2501
189.044	2489.57
190.33	2508.14
191.615	2505.57
192.9	2506.43
194.185	2452.71
195.469	2447.86
196.753	2431.57
198.037	2401.29
199.321	2399.86
200.604	2393.57
201.887	2364.14
203.17	2353
204.451	2385.86
205.733	2370.43
207.014	2372.14
208.296	2368.43
209.576	2396.14
210.856	2375.57
212.137	2429.86
213.417	2389.57
214.696	2402.43
215.975	2419.86
217.253	2447.29
218.532	2447.29
219.81	2467.29
221.088	2462.43
222.365	2470.43
223.642	2493
224.919	2525
226.195	2552.14
227.471	2583
228.747	2625
230.022	2670.14
231.297	2703.86
232.572	2674.71
233.846	2680.14
235.12	2695
236.394	2672.71
237.667	2700.14
238.94	2703.85
240.213	2730.42
241.485	2715.85
242.757	2753.56
244.029	2752.14
245.3	2823.28
246.571	2872.71
247.842	2921.28
249.112	2969.56
250.381	3021.85
251.651	3112.42
252.921	3147.27
254.189	3213.84
255.457	3309.84
256.726	3376.99
257.994	3506.41
259.261	3606.41
260.529	3710.98
261.796	3820.7
263.062	3930.7
264.329	4059.27
265.595	4158.7
266.86	4174.7
268.125	4226.98
269.39	4091.55
270.655	4007.55
271.919	3821.84
273.182	3592.12
274.446	3445.84
275.71	3228.98
276.973	3080.69
278.234	2979.55
279.497	2843.26
280.759	2738.98
282.021	2637.55
283.281	2582.69
284.543	2572.69
285.803	2514.12
287.063	2497.83
288.322	2451.83
289.583	2429.83
290.842	2431.54
292.101	2431.83
293.358	2403.54
294.617	2420.11
295.875	2404.97
297.133	2429.25
298.389	2434.11
299.647	2437.54
300.903	2447.25
302.159	2447.54
303.415	2491.82
304.67	2484.39
305.925	2490.39
307.18	2488.96
308.435	2506.68
309.689	2443.25
310.943	2425.82
312.196	2411.82
313.45	2430.39
314.702	2453.25
315.954	2403.24
317.207	2444.67
318.459	2429.24
319.71	2407.53
320.961	2381.53
322.212	2372.96
323.463	2313.81
324.712	2267.24
325.962	2214.67
327.211	2204.38
328.461	2177.81
329.71	2157.24
330.958	2118.38
332.207	2116.38
333.454	2136.09
334.702	2084.95
335.949	2084.95
337.196	2120.66
338.442	2116.95
339.688	2105.23
340.933	2102.38
342.179	2077.8
343.424	2087.52
344.67	2098.95
345.914	2084.37
347.158	2068.37
348.402	2099.23
349.645	2100.66
350.888	2089.8
352.131	2129.8
353.373	2113.8
354.616	2152.94
355.857	2134.08
357.099	2106.94
358.34	2084.65
359.58	2115.51
360.821	2101.79
362.061	2088.08
363.301	2094.08
364.54	2083.51
365.78	2101.51
367.019	2134.93
368.257	2160.93
369.495	2163.79
370.733	2165.79
371.97	2196.65
373.208	2170.93
374.444	2129.79
375.681	2111.22
376.917	2063.5
378.153	2049.79
379.389	2036.93
380.623	2035.79
381.858	2058.64
383.092	2003.21
384.327	2010.93
385.561	2034.93
386.794	2015.5
388.027	2026.35
389.26	2025.5
390.492	2009.5
391.724	2042.35
392.956	2019.49
394.188	2055.49
395.419	2064.35
396.65	2077.49
397.88	2092.63
399.11	2080.92
400.341	2089.49
401.57	2064.35
402.799	2086.92
404.028	2108.35
405.257	2132.35
406.484	2147.2
407.712	2133.49
408.94	2124.92
410.167	2136.34
411.394	2104.34
412.621	2099.49
413.847	2110.91
415.073	2112.06
416.298	2066.63
417.523	2091.48
418.749	2062.05
419.973	2084.91
421.197	2073.48
422.421	2047.77
423.644	2052.05
424.867	2067.19
426.091	2083.19
427.313	2072.05
428.536	2085.48
429.757	2104.33
430.979	2076.33
432.201	2087.48
433.421	2088.33
434.642	2087.76
435.862	2092.05
437.082	2126.33
438.301	2113.19
439.52	2126.61
440.739	2155.76
441.958	2203.76
443.176	2208.9
444.394	2272.9
445.612	2311.47
446.83	2399.75
448.046	2570.04
449.263	2704.32
450.479	2888.32
451.695	3064.9
452.911	3212.61
454.126	3212.32
455.341	3140.89
456.556	3024.61
457.77	2834.89
458.985	2685.46
460.198	2536.32
461.411	2445.18
462.624	2392.89
463.837	2325.75
465.05	2293.46
466.262	2243.17
467.473	2238.6
468.685	2217.46
469.896	2211.17
471.106	2171.17
472.317	2182.31
473.527	2154.88
474.737	2146.31
475.946	2142.88
477.155	2151.74
478.364	2181.45
479.573	2222.02
480.781	2284.02
481.988	2372.59
483.195	2370.31
484.403	2356.88
485.609	2262.31
486.816	2168.59
488.022	2077.16
489.227	2083.73
490.434	2050.59
491.639	1994.59
492.844	2017.16
494.048	1982.87
495.252	1987.45
496.456	1974.87
497.66	1984.3
498.863	1980.01
500.065	1992.87
501.268	1983.73
502.47	1959.73
503.672	1947.44
504.874	1960.87
506.075	1968.3
507.275	1986.01
508.476	2003.72
509.677	2032.3
510.876	2055.15
512.076	2053.15
513.275	2062.58
514.474	2030.29
515.673	2012.86
516.871	1997.43
518.069	1972.01
519.267	1978.58
520.464	1946.86
521.661	1940.86
522.857	1970.86
524.054	1978.86
525.25	1967.14
526.445	1981.43
527.641	1990.29
528.836	1968.57
530.031	2001.14
531.225	1991.43
532.42	2020.57
533.613	2059.14
534.807	2049.71
536	2041.71
537.192	2084.85
538.384	2077.71
539.576	2126.28
540.768	2139.42
541.96	2161.14
543.151	2197.71
544.342	2274.85
545.532	2318.28
546.723	2376.85
547.912	2514.28
549.102	2594.56
550.291	2729.13
551.479	2872.27
552.668	3017.99
553.856	3167.7
555.045	3224.84
556.232	3208.27
557.419	3065.7
558.606	2971.99
559.793	2859.98
560.979	2713.7
562.165	2604.56
563.35	2500.55
564.536	2370.84
565.721	2329.41
566.906	2263.7
568.09	2254.84
569.274	2213.69
570.457	2199.12
571.64	2207.12
572.824	2200.84
574.007	2238.55
575.189	2270.26
576.37	2354.26
577.552	2491.12
578.734	2593.98
579.915	2684.83
581.096	2658.83
582.276	2635.69
583.456	2558.54
584.636	2525.12
585.816	2423.69
586.995	2343.11
588.173	2306.83
589.352	2225.11
590.53	2193.4
591.708	2155.4
592.886	2108.83
594.063	2079.97
595.239	2064.25
596.416	2069.4
597.592	2033.68
598.768	2046.25
599.944	2010.25
601.119	2022.25
602.294	1979.68
603.469	2007.68
604.643	1987.39
605.817	1961.96
606.99	1978.25
608.163	1960.82
609.336	1972.53
610.509	1975.1
611.682	1922.82
612.853	1940.53
614.026	1928.24
615.197	1951.96
616.368	1943.1
617.539	1911.1
618.709	1907.1
619.879	1923.96
621.049	1927.67
622.218	1920.53
623.388	1914.81
624.557	1929.1
625.725	1913.1
626.893	1910.81
628.061	1913.67
629.229	1895.09
630.396	1880.81
631.563	1878.52
632.729	1876.52
633.895	1859.38
635.062	1875.38
636.227	1884.8
637.392	1878.52
638.557	1908.8
639.722	1929.66
640.886	1925.66
642.05	1910.8
643.214	1923.66
644.377	1887.94
645.54	1875.37
646.703	1851.08
647.865	1901.66
649.027	1853.08
650.189	1868.8
651.35	1867.08
652.511	1879.65
653.672	1857.94
654.833	1865.08
655.993	1880.22
657.153	1873.36
658.312	1865.94
659.472	1871.65
660.631	1901.93
661.789	1878.79
662.947	1861.93
664.105	1876.22
665.262	1876.22
666.42	1861.07
667.576	1863.65
668.734	1868.79
669.89	1865.64
671.046	1870.5
672.201	1848.79
673.357	1837.36
674.512	1859.07
675.667	1849.07
676.821	1841.35
677.975	1879.07
679.129	1824.5
680.282	1831.07
681.435	1852.21
682.588	1853.35
683.741	1821.92
684.893	1839.07
686.045	1810.21
687.196	1832.21
688.347	1823.92
689.498	1829.35
690.649	1821.92
691.799	1829.06
692.949	1821.06
694.099	1832.77
695.248	1843.06
696.396	1857.06
697.545	1850.77
698.694	1832.2
699.842	1861.34
700.989	1850.49
702.137	1842.48
703.284	1867.06
704.43	1864.48
705.577	1882.48
706.723	1859.05
707.869	1884.2
709.014	1888.77
710.159	1889.34
711.305	1888.77
712.449	1878.77
713.593	1887.05
714.737	1919.62
715.881	1930.19
717.024	1925.91
718.167	1929.62
719.309	1965.62
720.452	1965.33
721.594	1964.19
722.735	1944.76
723.876	1947.33
725.018	1919.9
726.158	1931.62
727.299	1889.9
728.439	1862.19
729.579	1808.19
730.718	1828.18
731.857	1840.76
732.996	1810.18
734.134	1815.33
735.273	1799.9
736.411	1789.32
737.548	1788.47
738.685	1787.89
739.823	1790.18
740.959	1773.61
742.095	1764.18
743.231	1773.61
744.367	1756.46
745.502	1772.46
746.637	1737.32
747.771	1781.03
748.906	1769.03
750.04	1739.03
751.173	1756.75
752.308	1735.6
753.441	1750.17
754.574	1758.74
755.705	1726.17
756.838	1738.74
757.97	1732.17
759.101	1723.6
760.232	1745.6
761.364	1745.03
762.494	1743.6
763.624	1751.88
764.754	1740.17
765.883	1748.45
767.013	1771.31
768.143	1747.59
769.271	1750.74
770.399	1751.59
771.527	1756.16
772.655	1751.59
773.782	1755.59
774.909	1735.3
776.036	1766.16
777.162	1753.59
778.289	1751.3
779.415	1762.73
780.54	1773.3
781.666	1765.87
782.791	1765.87
783.915	1783.87
785.039	1770.44
786.163	1766.16
787.287	1768.73
788.411	1767.87
789.533	1764.73
790.656	1766.72
791.778	1786.44
792.9	1785.87
794.022	1767.29
795.144	1729.87
796.265	1753.29
797.386	1787.01
798.506	1747.86
799.626	1770.15
800.746	1758.43
801.866	1779.86
802.985	1776.72
804.104	1784.72
805.223	1793.29
806.341	1791.57
807.459	1801.57
808.577	1792.72
809.694	1823
810.811	1841.57
811.928	1833
813.044	1853.28
814.16	1862.14
815.277	1847
816.392	1857
817.507	1852.71
818.622	1832.42
819.737	1847.85
820.851	1868.71
821.964	1878.14
823.078	1874.71
824.192	1919.28
825.304	1915.56
826.417	1934.71
827.53	1932.99
828.642	1979.56
829.754	1975.28
830.865	2036.99
831.976	2009.27
833.087	2062.7
834.197	2085.84
835.308	2101.27
836.417	2110.42
837.527	2144.7
838.636	2196.41
839.745	2241.56
840.854	2249.27
841.962	2296.98
843.07	2345.84
844.177	2387.55
845.284	2436.13
846.392	2511.84
847.499	2547.27
848.605	2589.55
849.711	2618.98
850.817	2583.84
851.922	2572.41
853.028	2534.12
854.132	2520.98
855.237	2560.69
856.341	2631.55
857.445	2688.69
858.549	2855.26
859.653	2976.69
860.755	3188.12
861.858	3452.97
862.96	3871.26
864.062	4356.97
865.164	5101.54
866.266	5922.4
867.367	6775.54
868.468	7459.83
869.568	7645.83
870.669	7444.68
871.768	6813.82
872.868	6047.82
873.967	5347.82
875.066	4743.25
876.165	4206.39
877.263	3756.68
878.361	3376.68
879.458	3108.68
880.557	2860.68
881.653	2672.68
882.75	2503.25
883.847	2398.96
884.943	2293.53
886.038	2213.82
887.134	2174.1
888.229	2116.67
889.325	2088.1
890.419	2047.53
891.513	2039.53
892.607	1988.39
893.701	1993.81
894.794	1970.1
895.888	1959.53
896.98	1948.95
898.073	1956.67
899.165	1929.24
900.257	1880.1
901.349	1898.67
902.44	1917.52
903.53	1895.52
904.621	1938.38
905.711	1922.66
906.802	1931.24
907.891	1932.66
908.981	1945.23
910.07	1956.95
911.158	1952.66
912.247	1971.52
913.335	1995.52
914.423	2026.37
915.51	2020.37
916.597	2030.09
917.684	2034.09
918.771	2102.94
919.857	2158.94
920.943	2215.51
922.029	2241.51
923.114	2370.08
924.199	2454.08
925.284	2556.94
926.368	2651.22
927.453	2731.8
928.537	2734.37
929.62	2711.22
930.703	2663.22
931.786	2541.79
932.868	2402.36
933.95	2284.08
935.032	2192.65
936.114	2122.36
937.196	2072.08
938.277	2013.5
939.357	1968.07
940.438	1922.07
941.518	1896.36
942.598	1867.79
943.678	1834.64
944.756	1809.5
945.835	1806.93
946.914	1782.07
947.992	1770.36
949.07	1770.64
950.148	1781.5
951.225	1733.5
952.302	1747.5
953.379	1717.78
954.456	1703.49
955.531	1690.92
956.608	1707.78
957.683	1680.92
958.758	1672.35
959.833	1638.35
960.908	1652.35
961.982	1634.63
963.056	1673.2
964.13	1636.92
965.203	1647.49
966.276	1642.06
967.349	1634.92
968.421	1613.77
969.493	1619.2
970.565	1629.2
971.636	1612.63
972.708	1629.48
973.779	1630.34
974.849	1632.63
975.92	1621.48
976.99	1636.05
978.06	1636.05
979.129	1622.91
980.198	1657.48
981.267	1645.48
982.336	1654.05
983.404	1665.19
984.471	1638.62
985.539	1654.34
986.606	1684.05
987.673	1670.62
988.739	1666.9
989.806	1686.33
990.872	1675.76
991.938	1677.76
993.003	1700.33
994.069	1710.62
995.133	1731.76
996.198	1731.47
997.262	1781.47
998.326	1775.19
999.39	1815.76
1000.45	1836.9
1001.52	1813.18
1002.58	1802.9
1003.64	1812.04
1004.7	1789.18
1005.77	1774.04
1006.83	1762.04
1007.89	1734.89
1008.95	1742.89
1010.01	1729.46
1011.07	1705.18
1012.13	1708.03
1013.19	1712.32
1014.25	1697.46
1015.31	1712.6
1016.37	1693.18
1017.42	1686.03
1018.48	1711.75
1019.54	1684.32
1020.6	1697.74
1021.65	1701.17
1022.71	1713.74
1023.77	1691.74
1024.82	1712.89
1025.88	1725.74
1026.94	1726.6
1027.99	1736.6
1029.05	1747.74
1030.1	1776.31
1031.16	1776.6
1032.21	1791.45
1033.26	1803.45
1034.32	1822.02
1035.37	1886.02
1036.42	1928.02
1037.48	1954.88
1038.53	2004.02
1039.58	2056.59
1040.63	2118.02
1041.68	2264.02
1042.74	2401.73
1043.79	2589.73
1044.84	2814.59
1045.89	3119.44
1046.94	3362.02
1047.99	3527.73
1049.04	3500.87
1050.09	3349.44
1051.13	3055.44
1052.18	2759.16
1053.23	2487.73
1054.28	2295.73
1055.33	2118.87
1056.37	2031.44
1057.42	1930.01
1058.47	1888.58
1059.51	1838.58
1060.56	1824.58
1061.6	1817.44
1062.65	1825.44
1063.7	1857.15
1064.74	1862.58
1065.78	1904.58
1066.83	1948.58
1067.87	1944
1068.92	1962.29
1069.96	1929.43
1071	1914
1072.04	1886.29
1073.09	1834.29
1074.13	1805.43
1075.17	1730.86
1076.21	1700.57
1077.25	1665.43
1078.29	1641.71
1079.34	1629.43
1080.38	1626.57
1081.42	1623.71
1082.45	1601.14
1083.49	1599.71
1084.53	1604.57
1085.57	1599.99
1086.61	1601.42
1087.65	1588.85
1088.69	1586.28
1089.72	1586.56
1090.76	1590.85
1091.8	1574.28
1092.84	1582.56
1093.87	1594.56
1094.91	1590.56
1095.94	1597.42
1096.98	1592.84
1098.01	1629.7
1099.05	1639.41
1100.08	1658.56
1101.12	1652.27
1102.15	1665.7
1103.19	1675.41
1104.22	1706.55
1105.25	1721.41
1106.29	1757.41
1107.32	1765.41
1108.35	1761.7
1109.38	1798.55
1110.41	1821.69
1111.44	1821.12
1112.48	1806.55
1113.51	1809.12
1114.54	1799.98
1115.57	1824.83
1116.6	1835.41
1117.63	1844.55
1118.65	1930.83
1119.68	1968.83
1120.71	2000.55
1121.74	2021.97
1122.77	2058.83
1123.8	1991.69
1124.82	1999.11
1125.85	1924.54
1126.88	1875.68
1127.9	1850.26
1128.93	1766.26
1129.96	1753.68
1130.98	1735.97
1132.01	1672.82
1133.03	1669.11
1134.06	1625.68
1135.08	1614.25
1136.11	1621.97
1137.13	1588.82
1138.15	1616.25
1139.18	1582.25
1140.2	1577.39
1141.22	1583.68
1142.24	1583.39
1143.27	1577.68
1144.29	1563.39
1145.31	1562.25
1146.33	1581.39
1147.35	1549.67
1148.37	1569.96
1149.39	1556.81
1150.41	1558.24
1151.43	1575.96
1152.45	1563.96
1153.47	1573.38
1154.49	1558.81
1155.51	1536.24
1156.53	1550.53
1157.54	1538.52
1158.56	1547.1
1159.58	1539.67
1160.59	1540.24
1161.61	1503.95
1162.63	1499.09
1163.64	1504.81
1164.66	1513.09
1165.68	1489.95
1166.69	1486.23
1167.71	1479.66
1168.72	1467.95
1169.73	1483.66
1170.75	1468.23
1171.76	1478.52
1172.78	1462.8
1173.79	1457.37
1174.8	1471.37
1175.81	1486.23
1176.83	1493.37
1177.84	1505.08
1178.85	1501.37
1179.86	1516.23
1180.87	1512.23
1181.88	1510.51
1182.89	1495.37
1183.9	1471.08
1184.91	1484.51
1185.92	1468.22
1186.93	1474.79
1187.94	1467.94
1188.95	1491.93
1189.96	1508.22
1190.97	1497.08
1191.97	1500.79
1192.98	1511.93
1193.99	1516.79
1195	1560.5
1196	1553.36
1197.01	1552.79
1198.01	1587.64
1199.02	1595.64
1200.03	1615.07
1201.03	1614.5
1202.04	1645.93
1203.04	1629.36
1204.04	1643.35
1205.05	1628.21
1206.05	1604.21
1207.06	1621.35
1208.06	1597.64
1209.06	1590.49
1210.06	1549.07
1211.07	1545.92
1212.07	1535.06
1213.07	1524.21
1214.07	1515.92
1215.07	1540.21
1216.07	1523.06
1217.07	1543.63
1218.07	1525.35
1219.07	1535.92
1220.07	1543.92
1221.07	1546.77
1222.07	1570.77
1223.07	1562.2
1224.07	1574.2
1225.07	1619.63
1226.06	1609.06
1227.06	1630.2
1228.06	1636.77
1229.06	1650.77
1230.05	1665.34
1231.05	1676.2
1232.04	1688.77
1233.04	1692.48
1234.04	1687.62
1235.03	1745.62
1236.03	1715.05
1237.02	1781.92
1238.01	1796.08
1239.01	1807.47
1240	1809.52
1241	1811.75
1241.99	1806.27
1242.98	1790.21
1243.97	1755.99
1244.97	1731.61
1245.96	1719.2
1246.95	1677.97
1247.94	1675.62
1248.93	1622.48
1249.92	1626.27
1250.91	1617.22
1251.9	1609.92
1252.89	1605.34
1253.88	1581.57
1254.87	1570.62
1255.86	1572.07
1256.85	1569.31
1257.84	1565.88
1258.83	1569.19
1259.81	1567.7
1260.8	1563.83
1261.79	1586.92
1262.78	1595.14
1263.76	1635.11
1264.75	1665.48
1265.73	1680.88
1266.72	1689.45
1267.71	1705.08
1268.69	1721.07
1269.68	1702.9
1270.66	1700.06
1271.65	1692.02
1272.63	1687.55
1273.61	1678.36
1274.6	1669.42
1275.58	1676.92
1276.56	1694.47
1277.55	1718.74
1278.53	1744.41
1279.51	1770.38
1280.49	1808.67
1281.47	1875.07
1282.45	1945.16
1283.43	2012.55
1284.42	2068.68
1285.4	2098.49
1286.38	2102.98
1287.35	2103.31
1288.33	2057
1289.06	2028.16
1290.08	1982.69
1291.1	1944.94
1292.12	1858.04
1293.14	1823.43
1294.16	1742.53
1295.17	1697.06
1296.19	1650.73
1297.21	1620.98
1298.23	1623.22
1299.25	1576.04
1300.27	1586.28
1301.28	1573.96
1302.3	1515.35
1303.32	1533.3
1304.33	1513.26
1305.35	1486.94
1306.37	1480.33
1307.38	1469.43
1308.4	1452.24
1309.41	1446.77
1310.43	1443.31
1311.44	1433.26
1312.46	1426.94
1313.47	1417.75
1314.49	1392.86
1315.5	1420.53
1316.51	1407.63
1317.53	1405.88
1318.54	1405.55
1319.55	1397.51
1320.57	1383.76
1321.58	1384.86
1322.59	1359.39
1323.6	1374.78
1324.61	1365.88
1325.63	1343.84
1326.64	1343.51
1327.65	1345.18
1328.66	1324.86
1329.67	1315.1
1330.68	1326.78
1331.69	1341.02
1332.7	1334.12
1333.71	1324.08
1334.72	1340.9
1335.72	1307.72
1336.73	1299.68
1337.74	1320.78
1338.75	1331.88
1339.76	1305.84
1340.76	1305.8
1341.77	1304.33
1342.78	1296.57
1343.79	1293.1
1344.79	1284.49
1345.8	1270.17
1346.8	1285.55
1347.81	1279.23
1348.82	1279.47
1349.82	1298
1350.83	1285.96
1351.83	1283.64
1352.84	1267.02
1353.84	1275.84
1354.84	1280.37
1355.85	1280.62
1356.85	1286.86
1357.85	1293.39
1358.86	1283.35
1359.86	1274.17
1360.86	1300.7
1361.86	1293.23
1362.87	1308.05
1363.87	1316.29
1364.87	1295.96
1365.87	1308.49
1366.87	1302.45
1367.87	1302.13
1368.87	1286.94
1369.87	1317.47
1370.87	1286.01
1371.87	1291.11
1372.87	1303.64
1373.87	1297.6
1374.87	1312.13
1375.87	1306.09
1376.87	1306.9
1377.86	1305.15
1378.86	1297.68
1379.86	1306.5
1380.86	1291.6
1381.85	1282.41
1382.85	1278.09
1383.85	1259.48
1384.84	1274.86
1385.84	1277.11
1386.84	1257.64
1387.83	1253.6
1388.83	1271.84
1389.82	1259.23
1390.82	1266.62
1391.81	1288.01
1392.81	1283.39
1393.8	1288.78
1394.79	1292.17
1395.79	1312.99
1396.78	1321.23
1397.77	1343.19
1398.77	1346.58
1399.76	1376.82
1400.75	1389.64
1401.74	1389.6
1402.74	1385.27
1403.73	1417.52
1404.72	1398.62
1405.71	1379.44
1406.7	1354.54
1407.69	1351.07
1408.68	1351.31
1409.67	1326.99
1410.66	1333.52
1411.65	1313.48
1412.64	1332.87
1413.63	1328.54
1414.62	1335.64
1415.61	1361.03
1416.59	1326.7
1417.58	1329.23
1418.57	1330.91
1419.56	1310.01
1420.55	1326.83
1421.53	1331.93
1422.52	1318.46
1423.51	1346.42
1424.49	1341.81
1425.48	1360.62
1426.46	1372.58
1427.45	1401.11
1428.43	1380.5
1429.42	1421.32
1430.4	1426.99
1431.39	1450.38
1432.37	1441.19
1433.36	1438.87
1434.34	1474.26
1435.32	1493.93
1436.31	1504.46
1437.29	1508.42
1438.27	1469.81
1439.26	1470.62
1440.24	1442.87
1441.22	1443.11
1442.2	1440.22
1443.18	1476.75
1444.16	1480.13
1445.14	1564.09
1446.12	1621.77
1447.11	1700.3
1448.09	1817.11
1449.07	1935.36
1450.05	2039.6
1451.02	2046.99
1452	2032.09
1452.98	1970.62
1453.96	1903.73
1454.94	1811.69
1455.92	1767.93
1456.9	1705.03
1457.87	1652.99
1458.85	1599.81
1459.83	1567.48
1460.81	1531.73
1461.78	1474.83
1462.76	1461.36
1463.73	1425.61
1464.71	1410.14
1465.69	1379.24
1466.66	1355.48
1467.64	1357.73
1468.61	1313.97
1469.59	1315.36
1470.56	1306.46
1471.54	1283.85
1472.51	1264.38
1473.48	1246.63
1474.46	1246.01
1475.43	1238.83
1476.4	1214.5
1477.37	1212.46
1478.35	1160.71
1479.32	1174.95
1480.29	1166.06
1481.26	1164.3
1482.23	1142.83
1483.21	1153.65
1484.18	1155.61
1485.15	1162.42
1486.12	1144.67
1487.09	1133.77
1488.06	1130.02
1489.03	1139.4
1490	1145.36
1490.97	1126.47
1491.93	1128.71
1492.9	1124.1
1493.87	1142.06
1494.84	1112.3
1495.81	1107.98
1496.77	1124.79
1497.74	1099.32
1498.71	1120.43
1499.68	1106.96
1500.64	1093.77
1501.61	1092.59
1502.58	1088.26
1503.54	1089.08
1504.51	1091.32
1505.47	1074.43
1506.44	1075.53
1507.4	1078.63
1508.37	1072.3
1509.33	1069.69
1510.3	1080.51
1511.26	1088.75
1512.22	1079.57
1513.19	1081.53
1514.15	1087.77
1515.11	1110.02
1516.08	1104.55
1517.04	1095.08
1518	1079.04
1518.96	1082.43
1519.92	1083.24
1520.88	1086.06
1521.85	1066.02
1522.81	1077.98
1523.77	1062.8
1524.73	1059.9
1525.69	1058.43
1526.65	1064.1
1527.61	1052.92
1528.57	1048.31
1529.53	1047.41
1530.48	1049.94
1531.44	1049.33
1532.4	1047
1533.36	1050.96
1534.32	1049.49
1535.28	1043.16
1536.23	1052.27
1537.19	1038.51
1538.15	1051.04
1539.1	1045
1540.06	1024.96
1541.02	1055.49
1541.97	1043.74
1542.93	1048.55
1543.88	1044.23
1544.84	1037.04
1545.79	1053.29
1546.75	1050.96
1547.7	1024.06
1548.66	1039.16
1549.61	1054.55
1550.56	1041.94
1551.52	1031.61
1552.47	1052.14
1553.42	1026.68
1554.38	1016.92
1555.33	1049.74
1556.28	1053.12
1557.23	1031.37
1558.18	1041.61
1559.14	1046.72
1560.09	1032.68
1561.04	1034.92
1561.99	1025.45
1562.94	1030.84
1563.89	1036.23
1564.84	1029.62
1565.79	1028.43
1566.74	1022.39
1567.69	1014.92
1568.64	1028.88
1569.59	1018.27
1570.53	1028.8
1571.48	1027.33
1572.43	1018.43
1573.38	1010.96
1574.33	1023.78
1575.27	1016.6
1576.22	1010.56
1577.17	1018.51
1578.11	1022.76
1579.06	1026.43
1580	1044.68
1580.95	1010.35
1581.9	1019.17
1582.84	1007.41
1583.79	1019.37
1584.73	1007.62
1585.67	1021.58
1586.62	1011.54
1587.56	996.924
1588.51	998.883
1589.45	1012.56
1590.39	998.23
1591.34	999.332
1592.28	981.577
1593.22	985.822
1594.16	994.639
1595.11	984.884
1596.05	975.414
1596.99	979.088
1597.93	973.047
1598.87	984.435
1599.81	976.68
1600.75	978.639
1601.69	978.599
1602.63	981.701
1603.57	996.231
1604.51	1004.48
1605.45	988.15
1606.39	995.824
1607.33	1000.07
1608.27	1024.31
1609.21	993.13
1610.14	997.946
1611.08	993.048
1612.02	1006.72
1612.96	995.538
1613.89	990.355
1614.83	973.743
1615.77	975.702
1616.7	960.518
1617.64	975.906
1618.58	969.866
1619.51	963.253
1620.45	944.927
1621.38	961.458
1622.32	949.988
1623.25	935.662
1624.19	941.336
1625.12	955.866
1626.05	943.254
1626.99	946.356
1627.92	940.887
1628.85	939.418
1629.79	955.948
1630.72	964.193
1631.65	973.581
1632.58	959.255
1633.52	962.071
1634.45	994.888
1635.38	973.133
1636.31	991.378
1637.24	1008.19
1638.17	996.725
1639.1	991.255
1640.03	989.5
1640.96	982.317
1641.89	957.99
1642.82	957.378
1643.75	950.766
1644.68	943.868
1645.61	936.113
1646.54	940.358
1647.46	910.032
1648.39	926.562
1649.32	935.093
1650.25	931.052
1651.17	911.583
1652.1	901.257
1653.03	917.502
1653.95	899.175
1654.88	899.42
1655.81	897.38
1656.73	909.91
1657.66	892.441
1658.58	904.4
1659.51	889.502
1660.43	885.747
1661.36	891.707
1662.28	897.952
1663.21	899.054
1664.13	906.727
1665.05	897.258
1665.98	904.646
1666.9	905.462
1667.82	907.136
1668.74	896.809
1669.67	867.911
1670.59	888.156
1671.51	869.83
1672.43	882.075
1673.35	881.463
1674.27	891.136
1675.19	878.81
1676.12	894.198
1677.04	888.157
1677.96	878.974
1678.88	878.647
1679.79	875.749
1680.71	876.566
1681.63	873.668
1682.55	887.341
1683.47	888.444
1684.39	881.26
1685.31	873.505
1686.23	884.607
1687.14	882.566
1688.06	881.954
1688.98	877.342
1689.89	866.73
1690.81	864.118
1691.73	874.934
1692.64	873.751
1693.56	879.424
1694.48	875.383
1695.39	863.343
1696.31	873.873
1697.22	864.118
1698.14	874.649
1699.05	841.751
1699.96	871.139
1700.88	875.384
1701.79	867.343
1702.7	871.017
1703.62	872.69
1704.53	882.65
1705.44	862.895
1706.36	867.425
1707.27	867.099
1708.18	865.63
1709.09	873.303
1710	857.834
1710.92	855.222
1711.83	864.895
1712.74	863.998
1713.65	879.385
1714.56	872.202
1715.47	862.447
1716.38	870.406
1717.29	855.222
1718.2	867.182
1719.11	884.284
1720.01	900.529
1720.92	898.488
1721.83	914.162
1722.74	915.835
1723.65	920.08
1724.56	942.897
1725.46	935.999
1726.37	961.387
1727.28	992.489
1728.18	1020.73
1729.09	1090.41
1730	1133.22
1730.9	1189.75
1731.81	1229.43
1732.71	1239.96
1733.62	1214.49
1734.52	1182.16
1735.43	1160.41
1736.33	1136.94
1737.24	1111.76
1738.14	1093.14
1739.04	1071.39
1739.95	1061.63
1740.85	1049.31
1741.75	1058.69
1742.66	1056.94
1743.56	1035.47
1744.46	1041.72
1745.36	1020.82
1746.26	1031.92
1747.17	1015.31
1748.07	1014.41
1748.97	1009.51
1749.87	996.328
1750.77	970.001
1751.67	974.246
1752.57	959.92
1753.47	959.594
1754.37	939.553
1755.27	926.369
1756.17	927.471
1757.07	908.002
1757.97	919.39
1758.86	889.064
1759.76	905.88
1760.66	889.839
1761.56	861.798
1762.45	873.472
1763.35	847.717
1764.25	854.819
1765.15	835.064
1766.04	837.881
1766.94	831.84
1767.83	819.799
1768.73	834.615
1769.63	817.432
1770.52	800.534
1771.42	807.351
1772.31	793.31
1773.2	791.269
1774.1	793.514
1774.99	787.188
1775.89	793.433
1776.78	774.821
1777.67	787.065
1778.57	775.31
1779.46	778.413
1780.35	777.229
1781.24	778.045
1782.14	756.005
1783.03	754.821
1783.92	763.923
1784.81	770.74
1785.7	758.985
1786.59	765.23
1787.48	767.189
1788.37	752.577
1789.26	749.679
1790.15	762.21
1791.04	758.169
1791.93	751.271
1792.82	764.945
1793.71	747.761
1794.6	754.292
1795.49	765.68
1796.38	741.639
1797.26	755.598
1798.15	763.843
1799.04	753.517
1799.93	747.19
1800.81	739.721
1801.7	745.109
1802.59	747.64
1803.47	750.456
1804.36	735.558
1805.24	723.232
1806.13	736.048
1807.02	732.293
1807.9	742.252
1808.79	717.926
1809.67	730.457
1810.55	732.416
1811.44	743.232
1812.32	744.049
1813.21	717.437
1814.09	729.11
1814.97	720.784
1815.86	731.314
1816.74	724.702
1817.62	718.09
1818.5	732.335
1819.38	728.294
1820.27	726.539
1821.15	720.213
1822.03	716.172
1822.91	719.274
1823.79	708.091
1824.67	706.336
1825.55	702.581
1826.43	720.254
1827.31	691.642
1828.19	709.887
1829.07	700.704
1829.95	703.806
1830.83	709.194
1831.71	700.296
1832.58	704.541
1833.46	720.5
1834.34	708.459
1835.22	674.704
1836.1	692.378
1836.97	691.766
1837.85	702.296
1838.73	689.97
1839.6	688.786
1840.48	690.46
1841.35	700.705
1842.23	684.95
1843.11	690.909
1843.98	690.297
1844.86	692.828
1845.73	683.644
1846.6	690.746
1847.48	685.563
1848.35	673.236
1849.23	677.767
1850.1	686.012
1850.97	676.257
1851.85	687.073
1852.72	681.604
1853.59	667.563
1854.46	653.808
1855.34	672.339
1856.21	660.298
1857.08	648.543
1857.95	675.645
1858.82	672.176
1859.69	674.707
1860.56	672.095
1861.43	670.34
1862.3	672.87
1863.17	665.687
1864.04	667.646
1864.91	670.748
1865.78	668.707
1866.65	651.238
1867.52	672.626
1868.39	654.014
1869.26	655.687
1870.13	658.504
1870.99	662.463
1871.86	654.994
1872.73	658.096
1873.59	654.627
1874.46	642.3
1875.33	660.831
1876.19	645.933
1877.06	653.892
1877.93	648.423
1878.79	647.239
1879.66	644.056
1880.52	648.015
1881.39	635.689
1882.25	645.362
1883.12	646.75
1883.98	628.995
1884.84	642.954
1885.71	646.628
1886.57	642.587
1887.43	644.261
1888.3	644.506
1889.16	638.179
1890.02	641.281
1890.89	628.955
1891.75	631.2
1892.61	642.588
1893.47	625.69
1894.33	646.792
1895.19	628.751
1896.05	632.425
1896.91	635.527
1897.78	621.486
1898.64	626.017
1899.5	632.262
1900.35	640.221
1901.21	639.323
1902.07	626.14
1902.93	609.814
1903.79	606.916
1904.65	626.018
1905.51	623.12
1906.37	617.651
1907.22	620.467
1908.08	613.569
1908.94	612.1
1909.8	607.202
1910.65	609.447
1911.51	612.549
1912.36	610.223
1913.22	613.61
1914.08	612.141
1914.93	615.243
1915.79	607.774
1916.64	604.59
1917.5	617.693
1918.35	605.366
1919.21	612.754
1920.06	590.713
1920.92	596.387
1921.77	597.203
1922.62	597.734
1923.48	611.408
1924.33	593.938
1925.18	602.183
1926.03	603
1926.89	604.673
1927.74	587.49
1928.59	586.306
1929.44	611.408
1930.29	594.796
1931.14	599.898
1932	581.572
1932.85	584.103
1933.7	587.776
1934.55	583.735
1935.4	584.552
1936.25	586.511
1937.1	579.613
1937.94	584.715
1938.79	582.675
1939.64	574.634
1940.49	581.164
1941.34	577.981
1942.19	578.797
1943.04	581.614
1943.88	565.859
1944.73	578.39
1945.58	570.063
1946.42	580.022
1947.27	568.839
1948.12	567.941
1948.96	567.9
1949.81	569.002
1950.65	565.247
1951.5	552.921
1952.34	563.166
1953.19	563.982
1954.03	573.084
1954.88	555.901
1955.72	566.146
1956.57	568.105
1957.41	559.493
1958.25	549.452
1959.1	565.126
1959.94	548.514
1960.78	552.759
1961.63	560.718
1962.47	567.249
1963.31	554.636
1964.15	564.881
1964.99	565.412
1965.84	549.943
1966.68	547.045
1967.52	551.576
1968.36	542.392
1969.2	556.637
1970.04	559.454
1970.88	550.841
1971.72	550.229
1972.56	532.189
1973.4	550.719
1974.24	551.536
1975.08	550.923
1975.91	551.454
1976.75	540.842
1977.59	540.801
1978.43	540.189
1979.27	537.863
1980.1	538.679
1980.94	547.21
1981.78	533.169
1982.62	541.414
1983.45	544.516
1984.29	534.19
1985.12	522.435
1985.96	536.68
1986.79	538.068
1987.63	536.884
1988.46	527.986
1989.3	519.66
1990.13	519.048
1990.97	523.007
1991.8	532.109
1992.64	528.925
1993.47	521.456
1994.3	519.415
1995.14	525.089
1995.97	529.048
1996.8	521.579
1997.64	530.967
1998.47	518.926
1999.3	524.314
2000.13	517.416
2000.96	511.375
2001.79	531.906
2002.63	515.58
2003.46	511.825
2004.29	521.784
2005.12	518.029
2005.95	511.702
2006.78	517.09
2007.61	508.764
2008.44	516.152
2009.27	505.54
2010.09	509.785
2010.92	519.458
2011.75	507.417
2012.58	505.091
2013.41	514.765
2014.24	498.438
2015.06	505.54
2015.89	495.214
2016.72	500.602
2017.54	496.561
2018.37	506.52
2019.2	497.622
2020.02	503.582
2020.85	500.969
2021.68	492.643
2022.5	498.602
2023.33	491.99
2024.15	491.664
2024.98	480.766
2025.8	495.297
2026.62	502.113
2027.45	483.215
2028.27	497.46
2029.1	486.562
2029.92	483.093
2030.74	488.195
2031.56	487.869
2032.39	487.828
2033.21	481.787
2034.03	488.889
2034.85	477.134
2035.68	479.094
2036.5	482.767
2037.32	479.298
2038.14	484.114
2038.96	477.502
2039.78	490.033
2040.6	471.135
2041.42	469.094
2042.24	465.911
2043.06	471.298
2043.88	474.115
2044.7	474.931
2045.52	467.462
2046.34	458.85
2047.16	474.523
2047.97	451.626
2048.79	465.871
2049.61	468.401
2050.43	463.218
2051.24	470.034
2052.06	465.993
2052.88	459.095
2053.69	473.055
2054.51	471.871
2055.33	465.83
2056.14	463.79
2056.96	468.606
2057.77	455.423
2058.59	464.239
2059.4	464.198
2060.22	454.158
2061.03	462.974
2061.85	464.362
2062.66	448.607
2063.48	453.995
2064.29	459.954
2065.1	465.342
2065.92	456.73
2066.73	465.546
2067.54	448.362
2068.35	449.465
2069.17	461.995
2069.98	457.955
2070.79	447.057
2071.6	459.587
2072.41	446.404
2073.22	444.363
2074.03	448.322
2074.84	443.71
2075.65	449.955
2076.46	449.915
2077.27	438.16
2078.08	442.119
2078.89	439.221
2079.7	447.752
2080.51	449.711
2081.32	447.099
2082.13	433.058
2082.94	449.589
2083.74	446.691
2084.55	444.364
2085.36	440.895
2086.17	437.712
2086.97	444.528
2087.78	434.487
2088.59	439.875
2089.39	444.406
2090.2	443.794
2091.01	434.61
2091.81	422.855
2092.62	425.386
2093.42	426.202
2094.23	423.59
2095.03	427.835
2095.84	429.794
2096.64	422.896
2097.45	435.141
2098.25	418.244
2099.05	418.203
2099.86	423.019
