150.31	2773.29
151.606	2764.71
152.902	2775.57
154.198	2737.86
155.492	2738.71
156.787	2744.71
158.081	2734.43
159.376	2704.14
160.669	2704.71
161.962	2681.57
163.256	2688.43
164.548	2703.86
165.841	2671.86
167.133	2675.29
168.424	2697.86
169.715	2707.29
171.006	2693.57
172.297	2704.71
173.587	2712.43
174.877	2697.57
176.166	2666.43
177.456	2699.29
178.745	2677.29
180.033	2697.57
181.321	2667.86
182.609	2679
183.897	2673.86
185.184	2695.86
186.471	2666.43
187.757	2718.71
189.044	2716.14
190.33	2721.86
191.615	2693
192.9	2705.57
194.185	2684.14
195.469	2635.57
196.753	2654.43
198.037	2601
199.321	2622.14
200.604	2589.57
201.887	2610.71
203.17	2605.57
204.451	2585.57
205.733	2617
207.014	2606.71
208.296	2640.43
209.576	2596.14
210.856	2598.14
212.137	2626.14
213.417	2646.43
214.696	2612.43
215.975	2613
217.253	2663
218.532	2675.57
219.81	2668.14
221.088	2703
222.365	2686.14
223.642	2714.14
224.919	2745.86
226.195	2762.43
227.471	2809
228.747	2852.44
230.022	2881.89
231.297	2912.48
232.572	2894.49
233.846	2913.65
235.12	2869.67
236.394	2866.54
237.667	2886.84
238.94	2914.57
240.213	2934.58
241.485	2972.6
242.757	2967.76
244.029	2987.2
245.3	3030.65
246.571	3080.95
247.842	3152.39
249.112	3196.41
250.381	3215.85
251.651	3263.58
252.921	3343.6
254.189	3405.9
255.457	3444.2
256.726	3532.22
257.994	3629.38
259.261	3739.11
260.529	3837.69
261.796	3933.42
263.062	4034.87
264.329	4120.02
265.595	4231.18
266.86	4242.06
268.125	4231.5
269.39	4205.52
270.655	4042.1
271.919	3889.83
273.182	3707.56
274.446	3576.72
275.71	3399.59
276.973	3249.04
278.234	3113.34
279.497	3030.21
280.759	2920.8
282.021	2877.1
283.281	2798.26
284.543	2744.28
285.803	2697.43
287.063	2679.74
288.322	2635.47
289.583	2646.91
290.842	2628.64
292.101	2631.51
293.358	2644.67
294.617	2617.26
295.875	2641.56
297.133	2639.57
298.389	2637.88
299.647	2654.18
300.903	2656.19
302.159	2663.07
303.415	2683.94
304.67	2687.38
305.925	2668.26
307.18	2672.27
308.435	2681.72
309.689	2659.16
310.943	2623.18
312.196	2635.19
313.45	2622.92
314.702	2629.79
315.954	2660.67
317.207	2639.83
318.459	2641.84
319.71	2611.86
320.961	2603.59
322.212	2583.32
323.463	2524.76
324.712	2486.49
325.962	2440.79
327.211	2415.66
328.461	2381.39
329.71	2376.27
330.958	2339.43
332.207	2362.01
333.454	2359.46
334.702	2329.76
335.949	2346.35
337.196	2354.93
338.442	2328.95
339.688	2354.39
340.933	2351.27
342.179	2320.14
343.424	2316.44
344.67	2335.6
345.914	2334.19
347.158	2350.49
348.402	2357.93
349.645	2357.38
350.888	2352.25
352.131	2381.41
353.373	2389.71
354.616	2377.15
355.857	2370.31
357.099	2342.33
358.34	2330.06
359.58	2331.21
360.821	2327.8
362.061	2346.67
363.301	2341.26
364.54	2320.71
365.78	2332.15
367.019	2364.17
368.257	2402.18
369.495	2428.48
370.733	2461.36
371.97	2454.51
373.208	2426.24
374.444	2375.4
375.681	2320.28
376.917	2272.01
378.153	2309.16
379.389	2282.32
380.623	2274.62
381.858	2256.35
383.092	2288.08
384.327	2275.53
385.561	2247.26
386.794	2253.56
388.027	2262.43
389.26	2248.73
390.492	2261.89
391.724	2272.48
392.956	2270.49
394.188	2299.65
395.419	2306.24
396.65	2289.11
397.88	2325.13
399.11	2320.57
400.341	2316.59
401.57	2323.75
402.799	2320.33
404.028	2317.78
405.257	2353.79
406.484	2382.95
407.712	2379.82
408.94	2415.55
410.167	2359.28
411.394	2360.73
412.621	2349.03
413.847	2343.9
415.073	2361.92
416.298	2348.22
417.523	2322.81
418.749	2306.82
419.973	2298.27
421.197	2338.57
422.421	2319.73
423.644	2319.46
424.867	2307.47
426.091	2327.77
427.313	2323.5
428.536	2306.09
429.757	2330.96
430.979	2338.98
432.201	2331.57
433.421	2325.58
434.642	2323.88
435.862	2326.18
437.082	2340.77
438.301	2329.64
439.52	2380.52
440.739	2379.96
441.958	2424.83
443.176	2445.99
444.394	2462.87
445.612	2537.17
446.83	2632.33
448.046	2728.91
449.263	2919.79
450.479	3077.8
451.695	3248.96
452.911	3351.83
454.126	3339.85
455.341	3268.44
456.556	3159.59
457.77	2994.47
458.985	2873.63
460.198	2722.78
461.411	2661.66
462.624	2605.67
463.837	2520.26
465.05	2500.85
466.262	2479.43
467.473	2455.16
468.685	2420.04
469.896	2417.19
471.106	2425.21
472.317	2403.23
473.527	2381.81
474.737	2366.11
475.946	2396.13
477.155	2401.57
478.364	2426.45
479.573	2466.18
480.781	2531.34
481.988	2629.35
483.195	2651.94
484.403	2615.67
485.609	2507.4
486.816	2409.41
488.022	2351.43
489.227	2292.3
490.434	2269.75
491.639	2261.48
492.844	2251.78
494.048	2236.08
495.252	2244.09
496.456	2250.4
497.66	2234.41
498.863	2255.86
500.065	2222.73
501.268	2222.74
502.47	2218.76
503.672	2207.63
504.874	2232.22
506.075	2205.95
507.275	2232.54
508.476	2223.12
509.677	2286.28
510.876	2300.3
512.076	2329.46
513.275	2285.47
514.474	2289.49
515.673	2260.93
516.871	2220.66
518.069	2222.68
519.267	2206.69
520.464	2192.71
521.661	2199.87
522.857	2220.74
524.054	2213.04
525.25	2196.2
526.445	2202.5
527.641	2217.66
528.836	2242.53
530.031	2205.98
531.225	2223.99
532.42	2268.01
533.613	2258.88
534.807	2271.47
536	2272.63
537.192	2320.93
538.384	2327.23
539.576	2328.39
540.768	2338.12
541.96	2394.13
543.151	2422.43
544.342	2447.88
545.532	2538.18
546.723	2591.34
547.912	2692.5
549.102	2767.37
550.291	2909.96
551.479	3030.26
552.668	3155.13
553.856	3274.58
555.045	3318.31
556.232	3272.61
557.419	3196.05
558.606	3074.64
559.793	2962.08
560.979	2860.67
562.165	2780.4
563.35	2664.99
564.536	2546.72
565.721	2513.3
566.906	2485.32
568.09	2444.48
569.274	2426.78
570.457	2427.37
571.64	2397.95
572.824	2413.68
574.007	2447.13
575.189	2488.57
576.37	2561.44
577.552	2618.03
578.734	2796.62
579.915	2851.78
581.096	2836.94
582.276	2814.09
583.456	2769.25
584.636	2702.13
585.816	2591.28
586.995	2567.01
588.173	2505.6
589.352	2439.33
590.53	2416.77
591.708	2380.22
592.886	2356.52
594.063	2346.82
595.239	2296.27
596.416	2312.28
597.592	2280.87
598.768	2266.03
599.944	2233.47
601.119	2249.77
602.294	2252.93
603.469	2229.8
604.643	2201.25
605.817	2207.55
606.99	2216.14
608.163	2196.15
609.336	2179.31
610.509	2192.18
611.682	2181.91
612.853	2162.5
614.026	2157.66
615.197	2179.68
616.368	2160.83
617.539	2162.28
618.709	2125.44
619.879	2165.45
621.049	2157.47
622.218	2153.77
623.388	2175.5
624.557	2157.51
625.725	2174.39
626.893	2164.97
628.061	2156.13
629.229	2116.15
630.396	2107.02
631.563	2113.61
632.729	2130.77
633.895	2097.07
635.062	2113.94
636.227	2108.24
637.392	2152.54
638.557	2152.56
639.722	2169.15
640.886	2147.45
642.05	2140.89
643.214	2122.34
644.377	2126.35
645.54	2119.51
646.703	2071.24
647.865	2071.83
649.027	2062.13
650.189	2081
651.35	2088.16
652.511	2105.6
653.672	2091.33
654.833	2093.92
655.993	2107.94
657.153	2098.81
658.312	2105.68
659.472	2089.41
660.631	2114.29
661.789	2119.16
662.947	2092.89
664.105	2102.05
665.262	2103.49
666.42	2108.65
667.576	2102.38
668.734	2090.68
669.89	2082.7
671.046	2083
672.201	2099.87
673.357	2097.89
674.512	2092.47
675.667	2076.49
676.821	2086.22
677.975	2052.23
679.129	2101.96
680.282	2059.69
681.435	2061.71
682.588	2079.73
683.741	2079.74
684.893	2066.33
686.045	2056.92
687.196	2063.5
688.347	2068.95
689.498	2050.39
690.649	2067.55
691.799	2063.56
692.949	2065.58
694.099	2062.74
695.248	2069.61
696.396	2080.48
697.545	2067.93
698.694	2084.23
699.842	2107.67
700.989	2080.55
702.137	2087.99
703.284	2082.01
704.43	2078.31
705.577	2097.18
706.723	2103.77
707.869	2122.36
709.014	2125.8
710.159	2116.39
711.305	2119.26
712.449	2096.99
713.593	2117.86
714.737	2133.02
715.881	2144.75
717.024	2149.91
718.167	2186.21
719.309	2170.8
720.452	2171.96
721.594	2185.97
722.735	2173.42
723.876	2188.86
725.018	2144.88
726.158	2118.89
727.299	2116.62
728.439	2104.92
729.579	2064.37
730.718	2078.1
731.857	2048.97
732.996	2024.99
734.134	2011.29
735.273	2001.87
736.411	2017.6
737.548	2000.19
738.685	1987.35
739.823	1996.22
740.959	1999.09
742.095	1993.11
743.231	2013.41
744.367	1970
745.502	1980.3
746.637	1971.74
747.771	1950.33
748.906	2000.06
750.04	1975.51
751.173	1967.81
752.308	1979.82
753.441	1992.98
754.574	1962.14
755.705	1980.73
756.838	1975.89
757.97	1957.04
759.101	1923.63
760.232	1949.08
761.364	1947.66
762.494	1971.39
763.624	1962.27
764.754	1967.42
765.883	1960.3
767.013	1956.6
768.143	1995.19
769.271	1954.91
770.399	1985.22
771.527	1964.37
772.655	1960.96
773.782	1977.26
774.909	1986.71
776.036	1987.87
777.162	1968.45
778.289	1985.9
779.415	1997.63
780.54	1986.5
781.666	1985.37
782.791	1955.1
783.915	2006.83
785.039	1988.85
786.163	1995.44
787.287	2004.02
788.411	1972.61
789.533	1997.2
790.656	1991.78
791.778	2003.23
792.9	1991.81
794.022	1980.69
795.144	1977.27
796.265	1982.72
797.386	1980.45
798.506	1980.18
799.626	1972.77
800.746	1979.92
801.866	1980.51
802.985	1981.67
804.104	1975.69
805.223	2018.56
806.341	1987.72
807.459	1993.73
808.577	2009.46
809.694	2024.34
810.811	2036.92
811.928	2033.22
813.044	2072.95
814.16	2026.4
815.277	2074.7
816.392	2050.14
817.507	2058.44
818.622	2059.32
819.737	2048.19
820.851	2066.21
821.964	2045.65
823.078	2085.09
824.192	2072.54
825.304	2087.98
826.417	2110.86
827.53	2163.73
828.642	2153.17
829.754	2164.62
830.865	2164.92
831.976	2206.65
833.087	2232.38
834.197	2230.97
835.308	2260.12
836.417	2267.28
837.527	2327.87
838.636	2355.6
839.745	2412.76
840.854	2418.2
841.962	2441.65
843.07	2479.38
844.177	2539.68
845.284	2601.98
846.392	2632.57
847.499	2697.72
848.605	2737.74
849.711	2722.61
850.817	2687.49
851.922	2704.36
853.028	2676.95
854.132	2652.1
855.237	2685.26
856.341	2694.14
857.445	2822.44
858.549	2931.6
859.653	3083.33
860.755	3278.48
861.858	3526.5
862.96	3880.51
864.062	4359.96
865.164	5001.69
866.266	5788.85
867.367	6562.58
868.468	7078.88
869.568	7334.89
870.669	6999.2
871.768	6533.21
872.868	5807.51
873.967	5149.24
875.066	4626.4
876.165	4154.42
877.263	3723
878.361	3411.31
879.458	3137.89
880.557	2915.91
881.653	2797.92
882.75	2616.8
883.847	2529.67
884.943	2419.11
886.038	2359.13
887.134	2326
888.229	2263.73
889.325	2233.46
890.419	2222.62
891.513	2214.64
892.607	2169.79
893.701	2164.95
894.794	2155.54
895.888	2125.84
896.98	2113.29
898.073	2119.3
899.165	2084.75
900.257	2080.76
901.349	2070.49
902.44	2084.51
903.53	2065.09
904.621	2073.68
905.711	2081.98
906.802	2099.14
907.891	2110.87
908.981	2133.46
910.07	2109.47
911.158	2137.49
912.247	2136.36
913.335	2128.09
914.423	2142.39
915.51	2174.12
916.597	2203
917.684	2207.01
918.771	2247.88
919.857	2299.33
920.943	2327.92
922.029	2421.36
923.114	2489.09
924.199	2553.68
925.284	2673.41
926.368	2763.71
927.453	2779.44
928.537	2830.31
929.62	2766.04
930.703	2703.77
931.786	2641.5
932.868	2511.23
933.95	2430.68
935.032	2350.98
936.114	2262.13
937.196	2203.87
938.277	2170.45
939.357	2138.18
940.438	2085.05
941.518	2027.07
942.598	2022.8
943.678	1993.39
944.756	2006.55
945.835	1949.99
946.914	1962.86
947.992	1966.59
949.07	1934.89
950.148	1901.77
951.225	1906.64
952.302	1903.23
953.379	1895.81
954.456	1885.26
955.531	1877.85
956.608	1865.86
957.683	1844.73
958.758	1845.89
959.833	1853.05
960.908	1844.21
961.982	1823.37
963.056	1844.24
964.13	1809.4
965.203	1826.56
966.276	1816
967.349	1787.16
968.421	1809.18
969.493	1796.62
970.565	1813.78
971.636	1788.37
972.708	1818.67
973.779	1791.83
974.849	1790.7
975.92	1827.29
976.99	1803.02
978.06	1828.75
979.129	1820.19
980.198	1799.92
981.267	1791.36
982.336	1844.24
983.404	1827.97
984.471	1828.27
985.539	1843.43
986.606	1837.16
987.673	1834.03
988.739	1854.9
989.806	1857.77
990.872	1875.22
991.938	1860.66
993.003	1873.82
994.069	1886.12
995.133	1899.85
996.198	1905.01
997.262	1944.46
998.326	1966.76
999.39	2004.2
1000.45	1976.5
1001.52	2012.23
1002.58	1981.39
1003.64	1963.98
1004.7	1941.99
1005.77	1950.58
1006.83	1924.6
1007.89	1904.9
1008.95	1908.06
1010.01	1874.64
1011.07	1872.94
1012.13	1866.1
1013.19	1873.26
1014.25	1886.99
1015.31	1884.15
1016.37	1851.02
1017.42	1855.61
1018.48	1862.48
1019.54	1869.93
1020.6	1839.66
1021.65	1873.96
1022.71	1845.69
1023.77	1879.13
1024.82	1867.43
1025.88	1885.16
1026.94	1879.75
1027.99	1896.34
1029.05	1899.21
1030.1	1916.65
1031.16	1926.67
1032.21	1939.54
1033.26	1952.42
1034.32	1974.43
1035.37	2011.02
1036.42	2045.89
1037.48	2075.34
1038.53	2157.07
1039.58	2174.51
1040.63	2238.24
1041.68	2361.4
1042.74	2509.99
1043.79	2681.14
1044.84	2913.73
1045.89	3150.89
1046.94	3371.48
1047.99	3480.64
1049.04	3497.51
1050.09	3302.1
1051.13	3058.97
1052.18	2783.27
1053.23	2556.43
1054.28	2373.3
1055.33	2237.89
1056.37	2146.19
1057.42	2052.2
1058.47	1998.22
1059.51	1991.38
1060.56	1971.97
1061.6	1963.41
1062.65	1975.71
1063.7	1999.16
1064.74	2004.6
1065.78	2047.76
1066.83	2097.49
1067.87	2119.5
1068.92	2115.52
1069.96	2108.96
1071	2070.98
1072.04	2052.42
1073.09	1985.3
1074.13	1967.6
1075.17	1902.47
1076.21	1867.63
1077.25	1841.64
1078.29	1814.52
1079.34	1802.53
1080.38	1794.26
1081.42	1768.85
1082.45	1783.44
1083.49	1771.74
1084.53	1765.18
1085.57	1777.48
1086.61	1784.36
1087.65	1746.66
1088.69	1756.96
1089.72	1750.69
1090.76	1763.56
1091.8	1770.15
1092.84	1770.45
1093.87	1743.61
1094.91	1761.63
1095.94	1769.07
1096.98	1774.51
1098.01	1754.82
1099.05	1778.83
1100.08	1813.7
1101.12	1806
1102.15	1802.31
1103.19	1820.04
1104.22	1844.05
1105.25	1854.64
1106.29	1894.65
1107.32	1900.67
1108.35	1928.11
1109.38	1904.13
1110.41	1919.29
1111.44	1940.73
1112.48	1941.89
1113.51	1943.62
1114.54	1934.78
1115.57	1943.94
1116.6	2001.67
1117.63	1984.83
1118.65	2063.7
1119.68	2065.14
1120.71	2098.02
1121.74	2135.75
1122.77	2116.91
1123.8	2109.49
1124.82	2122.08
1125.85	2066.09
1126.88	2000.97
1127.9	1951.55
1128.93	1913.86
1129.96	1865.3
1130.98	1829.32
1132.01	1808.19
1133.03	1812.2
1134.06	1797.65
1135.08	1770.52
1136.11	1757.39
1137.13	1745.98
1138.15	1750.85
1139.18	1745.73
1140.2	1747.74
1141.22	1743.19
1142.24	1752.06
1143.27	1737.5
1144.29	1741.52
1145.31	1746.96
1146.33	1733.26
1147.35	1748.71
1148.37	1721.58
1149.39	1714.45
1150.41	1743.33
1151.43	1721.06
1152.45	1714.5
1153.47	1697.37
1154.49	1711.39
1155.51	1694.83
1156.53	1698.28
1157.54	1671.15
1158.56	1707.45
1159.58	1694.33
1160.59	1691.48
1161.61	1699.5
1162.63	1666.37
1163.64	1700.96
1164.66	1675.83
1165.68	1673.85
1166.69	1626.43
1167.71	1641.88
1168.72	1625.32
1169.73	1629.62
1170.75	1628.78
1171.76	1623.66
1172.78	1619.39
1173.79	1628.26
1174.8	1607.99
1175.81	1635.43
1176.83	1667.16
1177.84	1634.61
1178.85	1666.62
1179.86	1665.78
1180.87	1670.94
1181.88	1642.1
1182.89	1644.11
1183.9	1623.56
1184.91	1611.57
1185.92	1629.3
1186.93	1631.03
1187.94	1647.05
1188.95	1630.21
1189.96	1627.65
1190.97	1669.38
1191.97	1669.97
1192.98	1682.84
1193.99	1669.14
1195	1706.3
1196	1725.17
1197.01	1714.33
1198.01	1737.49
1199.02	1737.51
1200.03	1747.24
1201.03	1764.68
1202.04	1775.55
1203.04	1786.14
1204.04	1752.44
1205.05	1765.6
1206.05	1752.47
1207.06	1749.92
1208.06	1735.93
1209.06	1736.81
1210.06	1704.25
1211.07	1693.12
1212.07	1681.42
1213.07	1689.44
1214.07	1674.88
1215.07	1677.47
1216.07	1674.63
1217.07	1675.22
1218.07	1704.38
1219.07	1697.53
1220.07	1721.55
1221.07	1718.71
1222.07	1724.72
1223.07	1738.74
1224.07	1737.33
1225.07	1749.34
1226.06	1757.64
1227.06	1778.52
1228.06	1813.1
1229.06	1786.26
1230.05	1814.28
1231.05	1843.15
1232.04	1836.59
1233.04	1843.18
1234.04	1857.77
1235.03	1878.64
1236.03	1884.09
1237.02	1954.11
1238.01	1966.32
1239.01	1959.66
1240	1966.25
1241	1955.65
1241.99	1954.92
1242.98	1943.24
1243.97	1920.63
1244.97	1901.13
1245.96	1854.56
1246.95	1833.3
1247.94	1819.3
1248.93	1779.24
1249.92	1791.43
1250.91	1775.25
1251.9	1748.47
1252.89	1750.65
1253.88	1747.08
1254.87	1730.79
1255.86	1730.16
1256.85	1717.59
1257.84	1709.63
1258.83	1706.46
1259.81	1691.24
1260.8	1721.97
1261.79	1717.98
1262.78	1753.69
1263.76	1762.39
1264.75	1790.48
1265.73	1793.44
1266.72	1805.79
1267.71	1848.13
1268.69	1840.29
1269.68	1830.75
1270.66	1810.96
1271.65	1819.01
1272.63	1819
1273.61	1807.65
1274.6	1802.65
1275.58	1805.84
1276.56	1818.87
1277.55	1835.54
1278.53	1849.85
1279.51	1887.23
1280.49	1929.64
1281.47	1998.73
1282.45	2067.83
1283.43	2114.55
1284.42	2157.1
1285.4	2180.71
1286.38	2183.21
1287.35	2190.51
1288.33	2164.35
1289.06	2127.47
1290.08	2058.84
1291.1	2034.51
1292.12	1967.31
1293.14	1904.11
1294.16	1838.06
1295.17	1814.29
1296.19	1799.38
1297.21	1745.62
1298.23	1721.28
1299.25	1723.22
1300.27	1675.17
1301.28	1682.55
1302.3	1653.92
1303.32	1650.73
1304.33	1627.53
1305.35	1627.76
1306.37	1601.71
1307.38	1599.08
1308.4	1604.75
1309.41	1595.55
1310.43	1592.64
1311.44	1574.01
1312.46	1595.96
1313.47	1553.91
1314.49	1559
1315.5	1553.8
1316.51	1548.61
1317.53	1552.27
1318.54	1531.64
1319.55	1538.45
1320.57	1531.54
1321.58	1535.48
1322.59	1540.29
1323.6	1531.38
1324.61	1492.75
1325.63	1499.84
1326.64	1490.36
1327.65	1480.02
1328.66	1488.25
1329.67	1477.92
1330.68	1476.43
1331.69	1465.81
1332.7	1453.47
1333.71	1481.42
1334.72	1487.94
1335.72	1459.31
1336.73	1472.97
1337.74	1466.92
1338.75	1454.01
1339.76	1431.38
1340.76	1433.62
1341.77	1440.42
1342.78	1428.94
1343.79	1426.89
1344.79	1406.55
1345.8	1425.35
1346.8	1426.73
1347.81	1425.82
1348.82	1411.19
1349.82	1429.71
1350.83	1425.09
1351.83	1421.6
1352.84	1404.12
1353.84	1420.07
1354.84	1403.73
1355.85	1413.39
1356.85	1429.91
1357.85	1404.14
1358.86	1413.23
1359.86	1414.04
1360.86	1436.55
1361.86	1442.22
1362.87	1431.59
1363.87	1433.82
1364.87	1441.48
1365.87	1430
1366.87	1423.66
1367.87	1421.33
1368.87	1444.99
1369.87	1410.65
1370.87	1429.45
1371.87	1438.83
1372.87	1431.92
1373.87	1429.86
1374.87	1440.67
1375.87	1440.9
1376.87	1430.28
1377.86	1432.79
1378.86	1412.74
1379.86	1428.97
1380.86	1392.63
1381.85	1402.01
1382.85	1420.53
1383.85	1369.05
1384.84	1408.14
1385.84	1391.51
1386.84	1420.89
1387.83	1393.69
1388.83	1389.64
1389.82	1389.58
1390.82	1388.96
1391.81	1391.19
1392.81	1408
1393.8	1425.94
1394.79	1415.03
1395.79	1433.27
1396.78	1460.64
1397.77	1441.73
1398.77	1476.25
1399.76	1499.62
1400.75	1513.86
1401.74	1530.66
1402.74	1556.04
1403.73	1542.84
1404.72	1525.64
1405.71	1481.02
1406.7	1481.54
1407.69	1458.91
1408.68	1452
1409.67	1451.95
1410.66	1455.33
1411.65	1465.27
1412.64	1449.22
1413.63	1439.45
1414.62	1457.4
1415.61	1461.06
1416.59	1452.72
1417.58	1436.95
1418.57	1441.76
1419.56	1438.85
1420.55	1441.94
1421.53	1442.74
1422.52	1448.69
1423.51	1450.06
1424.49	1459.15
1425.48	1472.82
1426.46	1503.62
1427.45	1489.28
1428.43	1500.08
1429.42	1491.75
1430.4	1517.12
1431.39	1517.07
1432.37	1546.73
1433.36	1540.1
1434.34	1542.62
1435.32	1568.28
1436.31	1603.94
1437.29	1596.75
1438.27	1577.27
1439.26	1545.5
1440.24	1533.73
1441.22	1543.68
1442.2	1543.05
1443.18	1571.86
1444.16	1596.09
1445.14	1625.47
1446.12	1713.7
1447.11	1774.22
1448.09	1918.74
1449.07	2001.83
1450.05	2074.92
1451.02	2084
1452	2052.81
1452.98	2013.33
1453.96	1939.56
1454.94	1878.08
1455.92	1821.17
1456.9	1767.4
1457.87	1696.78
1458.85	1689.87
1459.83	1650.96
1460.81	1584.9
1461.78	1580.28
1462.76	1545.65
1463.73	1539.31
1464.71	1481.83
1465.69	1471.49
1466.66	1452.58
1467.64	1444.53
1468.61	1401.05
1469.59	1434.42
1470.56	1404.09
1471.54	1390.6
1472.51	1363.98
1473.48	1363.64
1474.46	1344.73
1475.43	1321.53
1476.4	1310.62
1477.37	1320.29
1478.35	1301.66
1479.32	1304.75
1480.29	1291.84
1481.26	1278.93
1482.23	1281.16
1483.21	1265.97
1484.18	1263.63
1485.15	1263.57
1486.12	1266.66
1487.09	1258.9
1488.06	1238.84
1489.03	1243.93
1490	1249.02
1490.97	1256.68
1491.93	1239.77
1492.9	1237.72
1493.87	1236.52
1494.84	1241.04
1495.81	1226.7
1496.77	1215.22
1497.74	1227.17
1498.71	1224.26
1499.68	1216.49
1500.64	1195.87
1501.61	1198.96
1502.58	1195.48
1503.54	1191.14
1504.51	1196.8
1505.47	1189.89
1506.44	1189.26
1507.4	1177.21
1508.37	1195.44
1509.33	1169.67
1510.3	1187.62
1511.26	1195.28
1512.22	1200.37
1513.19	1194.6
1514.15	1206.27
1515.11	1193.07
1516.08	1222.45
1517.04	1198.96
1518	1185.2
1518.96	1180.29
1519.92	1197.66
1520.88	1179.32
1521.85	1177.84
1522.81	1164.65
1523.77	1177.16
1524.73	1177.11
1525.69	1163.63
1526.65	1151.29
1527.61	1180.95
1528.57	1163.75
1529.53	1161.42
1530.48	1148.51
1531.44	1158.74
1532.4	1166.97
1533.36	1148.92
1534.32	1159.72
1535.28	1140.81
1536.23	1139.33
1537.19	1142.42
1538.15	1144.37
1539.1	1143.46
1540.06	1137.12
1541.02	1141.35
1541.97	1149.58
1542.93	1145.53
1543.88	1137.19
1544.84	1135.99
1545.79	1157.37
1546.75	1133.6
1547.7	1143.26
1548.66	1129.5
1549.61	1119.44
1550.56	1121.39
1551.52	1123.34
1552.47	1150.43
1553.42	1134.37
1554.38	1136.61
1555.33	1139.41
1556.28	1142.21
1557.23	1143.3
1558.18	1152.68
1559.14	1132.05
1560.09	1143.43
1561.04	1114.23
1561.99	1128.18
1562.94	1132.13
1563.89	1128.36
1564.84	1116.31
1565.79	1119.68
1566.74	1136.2
1567.69	1121.86
1568.64	1134.95
1569.59	1141.47
1570.53	1129.99
1571.48	1138.51
1572.43	1109.31
1573.38	1120.11
1574.33	1114.63
1575.27	1110.29
1576.22	1119.67
1577.17	1110.19
1578.11	1116.42
1579.06	1106.94
1580	1124.6
1580.95	1111.98
1581.9	1114.78
1582.84	1098.16
1583.79	1124.96
1584.73	1100.05
1585.67	1105.42
1586.62	1081.94
1587.56	1096.75
1588.51	1090.41
1589.45	1086.35
1590.39	1083.73
1591.34	1092.82
1592.28	1087.34
1593.22	1069.57
1594.16	1071.52
1595.11	1077.46
1596.05	1067.41
1596.99	1097.07
1597.93	1078.16
1598.87	1071.25
1599.81	1080.63
1600.75	1079.72
1601.69	1071.95
1602.63	1103.04
1603.57	1076.7
1604.51	1073.79
1605.45	1077.45
1606.39	1090.26
1607.33	1087.35
1608.27	1104.43
1609.21	1091.24
1610.14	1100.33
1611.08	1089.7
1612.02	1095.08
1612.96	1069.88
1613.89	1084.97
1614.83	1073.49
1615.77	1061.15
1616.7	1054.81
1617.64	1060.19
1618.58	1059.56
1619.51	1059.51
1620.45	1043.17
1621.38	1045.69
1622.32	1028.21
1623.25	1040.44
1624.19	1050.1
1625.12	1020.62
1626.05	1038.28
1626.99	1030.23
1627.92	1020.46
1628.85	1030.69
1629.79	1031.5
1630.72	1040.59
1631.65	1039.11
1632.58	1044.2
1633.52	1059.57
1634.45	1068.38
1635.38	1068.89
1636.31	1042.27
1637.24	1065.07
1638.17	1070.45
1639.1	1066.4
1640.03	1058.06
1640.96	1062.86
1641.89	1052.81
1642.82	1030.47
1643.75	1039.56
1644.68	1012.93
1645.61	1020.02
1646.54	1019.69
1647.46	1014.78
1648.39	1012.15
1649.32	1024.38
1650.25	1010.33
1651.17	1000.28
1652.1	995.652
1653.03	998.171
1653.95	983.26
1654.88	995.493
1655.81	1003.44
1656.73	990.815
1657.66	962.762
1658.58	987.852
1659.51	992.084
1660.43	975.46
1661.36	989.692
1662.28	963.354
1663.21	975.015
1664.13	970.104
1665.05	969.766
1665.98	973.141
1666.9	973.945
1667.82	955.035
1668.74	964.696
1669.67	959.214
1670.59	957.447
1671.51	961.108
1672.43	958.769
1673.35	954.43
1674.27	978.949
1675.19	967.467
1676.12	980.271
1677.04	969.075
1677.96	967.593
1678.88	953.54
1679.79	960.058
1680.71	958.005
1681.63	946.809
1682.55	949.042
1683.47	938.703
1684.39	960.936
1685.31	949.454
1686.23	943.687
1687.14	972.49
1688.06	956.152
1688.98	951.527
1689.89	952.331
1690.81	951.135
1691.73	935.368
1692.64	955.315
1693.56	925.833
1694.48	940.637
1695.39	946.012
1696.31	922.531
1697.22	955.335
1698.14	950.139
1699.05	935.229
1699.96	944.89
1700.88	940.551
1701.79	949.641
1702.7	939.873
1703.62	949.82
1704.53	938.91
1705.44	943.428
1706.36	944.232
1707.27	934.179
1708.18	938.126
1709.09	936.358
1710	942.019
1710.92	927.681
1711.83	934.199
1712.74	944.717
1713.65	931.236
1714.56	940.611
1715.47	948.558
1716.38	933.362
1717.29	943.309
1718.2	952.684
1719.11	948.06
1720.01	964.006
1720.92	951.096
1721.83	979.615
1722.74	965.561
1723.65	963.508
1724.56	994.026
1725.46	996.831
1726.37	1027.06
1727.28	1055.3
1728.18	1080.1
1729.09	1125.19
1730	1181.42
1730.9	1215.65
1731.81	1258.17
1732.71	1260.98
1733.62	1247.78
1734.52	1215.44
1735.43	1191.39
1736.33	1170.76
1737.24	1155.57
1738.14	1129.23
1739.04	1116.61
1739.95	1106.27
1740.85	1115.93
1741.75	1081.3
1742.66	1090.96
1743.56	1089.48
1744.46	1096
1745.36	1070.8
1746.26	1071.89
1747.17	1056.13
1748.07	1052.07
1748.97	1055.16
1749.87	1033.97
1750.77	1020.77
1751.67	1017.86
1752.57	1016.67
1753.47	1005.47
1754.37	995.13
1755.27	981.934
1756.17	955.881
1757.07	961.828
1757.97	943.204
1758.86	956.293
1759.76	941.955
1760.66	940.758
1761.56	917.277
1762.45	920.367
1763.35	929.742
1764.25	933.689
1765.15	893.922
1766.04	887.297
1766.94	880.101
1767.83	884.334
1768.73	863.709
1769.63	872.799
1770.52	868.174
1771.42	860.407
1772.31	854.639
1773.2	854.301
1774.1	842.819
1774.99	852.194
1775.89	840.998
1776.78	840.088
1777.67	845.749
1778.57	827.982
1779.46	822.214
1780.35	828.447
1781.24	834.108
1782.14	831.769
1783.03	826.002
1783.92	833.949
1784.81	817.61
1785.7	815.557
1786.59	796.075
1787.48	835.451
1788.37	805.112
1789.26	822.487
1790.15	830.148
1791.04	801.238
1791.93	823.756
1792.82	809.132
1793.71	813.079
1794.6	817.311
1795.49	799.829
1796.38	804.919
1797.26	805.437
1798.15	804.813
1799.04	800.188
1799.93	801.85
1800.81	799.511
1801.7	814.886
1802.59	804.262
1803.47	800.494
1804.36	785.298
1805.24	805.531
1806.13	786.335
1807.02	784.282
1807.9	800.514
1808.79	797.032
1809.67	786.979
1810.55	777.212
1811.44	792.873
1812.32	787.391
1813.21	769.91
1814.09	773.285
1814.97	759.803
1815.86	772.893
1816.74	772.269
1817.62	769.073
1818.5	782.162
1819.38	768.966
1820.27	785.485
1821.15	773.432
1822.03	759.664
1822.91	778.468
1823.79	773.558
1824.67	753.219
1825.55	758.594
1826.43	764.256
1827.31	759.345
1828.19	760.149
1829.07	760.953
1829.95	752.043
1830.83	746.561
1831.71	758.508
1832.58	737.312
1833.46	750.974
1834.34	754.349
1835.22	744.296
1836.1	748.528
1836.97	743.904
1837.85	744.422
1838.73	742.94
1839.6	744.316
1840.48	724.263
1841.35	749.924
1842.23	723.871
1843.11	752.103
1843.98	736.05
1844.86	727.426
1845.73	715.658
1846.6	739.034
1847.48	731.266
1848.35	732.927
1849.23	720.589
1850.1	727.107
1850.97	718.482
1851.85	722.429
1852.72	722.09
1853.59	723.466
1854.46	729.984
1855.34	717.359
1856.21	714.164
1857.08	714.396
1857.95	712.057
1858.82	708.576
1859.69	717.665
1860.56	714.755
1861.43	715.559
1862.3	715.22
1863.17	726.31
1864.04	713.114
1864.91	717.061
1865.78	712.436
1866.65	711.812
1867.52	708.33
1868.39	709.706
1869.26	716.795
1870.13	701.313
1870.99	693.546
1871.86	711.493
1872.73	717.726
1873.59	695.958
1874.46	685.048
1875.33	702.138
1876.19	694.37
1877.06	707.174
1877.93	684.55
1878.79	681.639
1879.66	689.3
1880.52	699.819
1881.39	683.48
1882.25	689.998
1883.12	696.802
1883.98	699.606
1884.84	690.41
1885.71	699.5
1886.57	684.304
1887.43	695.394
1888.3	674.198
1889.16	679.859
1890.02	678.949
1890.89	678.038
1891.75	673.414
1892.61	676.789
1893.47	692.451
1894.33	674.112
1895.19	669.487
1896.05	672.005
1896.91	676.238
1897.78	666.756
1898.64	674.703
1899.5	663.793
1900.35	664.025
1901.21	661.401
1902.07	677.633
1902.93	665.295
1903.79	664.956
1904.65	665.188
1905.51	662.849
1906.37	658.225
1907.22	658.458
1908.08	654.976
1908.94	659.208
1909.8	659.441
1910.65	659.388
1911.51	663.335
1912.36	658.424
1913.22	648.086
1914.08	658.318
1914.93	650.551
1915.79	644.212
1916.64	643.588
1917.5	641.249
1918.35	650.624
1919.21	643.142
1920.06	637.089
1920.92	648.75
1921.77	636.983
1922.62	648.073
1923.48	633.448
1924.33	629.109
1925.18	638.199
1926.03	631.003
1926.89	630.664
1927.74	627.183
1928.59	628.844
1929.44	637.362
1930.29	626.166
1931.14	621.541
1932	635.203
1932.85	622.864
1933.7	623.382
1934.55	609.329
1935.4	612.99
1936.25	605.223
1937.1	617.17
1937.94	624.545
1938.79	625.92
1939.64	623.01
1940.49	611.814
1941.34	608.904
1942.19	618.851
1943.04	605.941
1943.88	591.316
1944.73	612.977
1945.58	618.067
1946.42	609.728
1947.27	608.532
1948.12	599.622
1948.96	615.854
1949.81	614.658
1950.65	603.462
1951.5	598.838
1952.34	609.356
1953.19	607.303
1954.03	599.25
1954.88	596.911
1955.72	603.715
1956.57	593.376
1957.41	574.752
1958.25	590.984
1959.1	591.788
1959.94	580.878
1960.78	591.111
1961.63	597.343
1962.47	573.004
1963.31	601.523
1964.15	583.755
1964.99	600.273
1965.84	574.506
1966.68	577.31
1967.52	573.257
1968.36	583.775
1969.2	585.436
1970.04	579.955
1970.88	579.33
1971.72	575.277
1972.56	559.51
1973.4	565.456
1974.24	575.689
1975.08	566.493
1975.91	572.44
1976.75	570.101
1977.59	565.191
1978.43	569.423
1979.27	565.085
1980.1	567.317
1980.94	567.264
1981.78	566.354
1982.62	550.586
1983.45	548.819
1984.29	569.052
1985.12	561.855
1985.96	557.231
1986.79	556.606
1987.63	559.125
1988.46	565.357
1989.3	554.447
1990.13	556.965
1990.97	567.198
1991.8	546.288
1992.64	545.949
1993.47	545.61
1994.3	552.128
1995.14	549.789
1995.97	542.593
1996.8	537.112
1997.64	551.059
1998.47	546.434
1999.3	554.667
2000.13	549.471
2000.96	552.846
2001.79	544.222
2002.63	545.883
2003.46	540.972
2004.29	544.919
2005.12	533.723
2005.95	551.384
2006.78	544.474
2007.61	550.993
2008.44	528.939
2009.27	540.601
2010.09	541.405
2010.92	539.637
2011.75	540.727
2012.58	533.531
2013.41	528.906
2014.24	527.996
2015.06	539.086
2015.89	528.747
2016.72	514.408
2017.54	527.498
2018.37	515.159
2019.2	512.534
2020.02	532.767
2020.85	522.428
2021.68	519.232
2022.5	516.036
2023.33	517.126
2024.15	516.787
2024.98	506.448
2025.8	516.681
2026.62	519.199
2027.45	499.717
2028.27	502.521
2029.1	513.04
2029.92	513.272
2030.74	511.505
2031.56	508.309
2032.39	503.113
2033.21	507.06
2034.03	487.007
2034.85	504.096
2035.68	493.758
2036.5	497.99
2037.32	494.223
2038.14	488.455
2038.96	504.974
2039.78	492.349
2040.6	486.582
2041.42	495.386
2042.24	489.047
2043.06	498.137
2043.88	487.512
2044.7	508.03
2045.52	487.977
2046.34	508.496
2047.16	494.442
2047.97	488.961
2048.79	483.765
2049.61	489.997
2050.43	483.087
2051.24	489.605
2052.06	480.695
2052.88	488.07
2053.69	484.589
2054.51	487.107
2055.33	487.911
2056.14	487.572
2056.96	482.091
2057.77	475.18
2058.59	477.984
2059.4	484.788
2060.22	470.735
2061.03	473.539
2061.85	464.343
2062.66	465.433
2063.48	475.666
2064.29	474.184
2065.1	471.845
2065.92	480.078
2066.73	474.596
2067.54	483.971
2068.35	483.347
2069.17	476.722
2069.98	477.526
2070.79	468.902
2071.6	471.134
2072.41	475.938
2073.22	472.171
2074.03	473.832
2074.84	460.922
2075.65	453.154
2076.46	459.673
2077.27	462.191
2078.08	459.281
2078.89	465.228
2079.7	458.603
2080.51	451.693
2081.32	463.64
2082.13	449.015
2082.94	452.676
2083.74	446.337
2084.55	459.427
2085.36	452.802
2086.17	456.464
2086.97	452.696
2087.78	440.643
2088.59	448.876
2089.39	455.965
2090.2	448.769
2091.01	459.573
2091.81	452.663
2092.62	450.61
2093.42	443.986
2094.23	447.932
2095.03	445.022
2095.84	436.112
2096.64	444.344
2097.45	440.863
2098.25	441.667
2099.05	436.185
2099.86	438.703
