150.31	2041
151.606	2058.71
152.902	2065.57
154.198	2055
155.492	2039.29
156.787	2002.71
158.081	2045
159.376	2012.14
160.669	2007.86
161.962	2034.14
163.256	2014.14
164.548	2007
165.841	2025.57
167.133	2037.86
168.424	2011.29
169.715	2037.57
171.006	2023.86
172.297	1987
173.587	2006.14
174.877	2006.14
176.166	1990.43
177.456	2019.29
178.745	2016.71
180.033	1991.86
181.321	1991.86
182.609	2004.14
183.897	2003.57
185.184	2013.29
186.471	2031
187.757	2057.86
189.044	2041.29
190.33	2035.29
191.615	2056.71
192.9	2057.29
194.185	2013.29
195.469	2003.86
196.753	1986.14
198.037	1961.86
199.321	1947.29
200.604	1945.29
201.887	1916.14
203.17	1912.14
204.451	1944.43
205.733	1923
207.014	1913.29
208.296	1948.43
209.576	1923.86
210.856	1928.43
212.137	1950.14
213.417	1943
214.696	1946.14
215.975	1932.71
217.253	1969.86
218.532	1968.43
219.81	1987.57
221.088	2023.57
222.365	2007.57
223.642	2025.86
224.919	2056.43
226.195	2085
227.471	2107.29
228.747	2144.42
230.022	2151.56
231.297	2162.98
232.572	2160.68
233.846	2160.96
235.12	2165.52
236.394	2187.23
237.667	2220.94
238.94	2223.79
240.213	2235.78
241.485	2246.63
242.757	2269.19
244.029	2346.04
245.3	2364.6
246.571	2398.31
247.842	2464.02
249.112	2508.87
250.381	2547.43
251.651	2609.14
252.921	2694.27
254.189	2767.98
255.457	2833.11
256.726	2944.53
257.994	3035.38
259.261	3150.52
260.529	3265.37
261.796	3373.08
263.062	3522.78
264.329	3570.49
265.595	3661.34
266.86	3751.62
268.125	3684.46
269.39	3619.6
270.655	3485.88
271.919	3294.16
273.182	3063.58
274.446	2900.43
275.71	2763.85
276.973	2574.98
278.234	2478.69
279.497	2352.68
280.759	2249.82
282.021	2193.24
283.281	2132.94
284.543	2066.65
285.803	2015.5
287.063	1984.35
288.322	1968.63
289.583	1965.19
290.842	1932.32
292.101	1951.46
293.358	1956.02
294.617	1936.59
295.875	1944.29
297.133	1940.86
298.389	1926.56
299.647	1936.56
300.903	1956.26
302.159	1972.83
303.415	1971.1
304.67	1999.95
305.925	2031.95
307.18	2005.08
308.435	1978.22
309.689	1960.21
310.943	1964.49
312.196	1940.76
313.45	1947.61
314.702	1977.32
315.954	1930.17
317.207	1956.45
318.459	1924.44
319.71	1940.72
320.961	1879.85
322.212	1868.42
323.463	1794.41
324.712	1764.11
325.962	1730.11
327.211	1717.81
328.461	1697.23
329.71	1650.08
330.958	1672.93
332.207	1639.21
333.454	1641.77
334.702	1649.48
335.949	1610.61
337.196	1628.89
338.442	1633.46
339.688	1610.31
340.933	1607.16
342.179	1621.72
343.424	1615.14
344.67	1619.13
345.914	1598.27
347.158	1605.69
348.402	1603.11
349.645	1614.24
350.888	1600.52
352.131	1613.09
353.373	1624.22
354.616	1614.5
355.857	1615.92
357.099	1631.63
358.34	1611.33
359.58	1575.61
360.821	1608.17
362.061	1625.59
363.301	1612.73
364.54	1627.01
365.78	1611.28
367.019	1632.71
368.257	1642.98
369.495	1662.4
370.733	1662.11
371.97	1660.1
373.208	1624.95
374.444	1591.23
375.681	1587.22
376.917	1557.5
378.153	1546.06
379.389	1538.06
380.623	1525.48
381.858	1568.33
383.092	1543.46
384.327	1524.88
385.561	1534.87
386.794	1543.72
388.027	1540.86
389.26	1544.57
390.492	1524.56
391.724	1551.12
392.956	1562.83
394.188	1555.11
395.419	1569.38
396.65	1597.09
397.88	1564.8
399.11	1585.07
400.341	1579.35
401.57	1578.2
402.799	1578.48
404.028	1607.04
405.257	1612.46
406.484	1621.6
407.712	1606.16
408.94	1608.73
410.167	1607.29
411.394	1586.71
412.621	1607.85
413.847	1589.27
415.073	1596.12
416.298	1555.82
417.523	1580.96
418.749	1580.38
419.973	1565.23
421.197	1574.65
422.421	1572.35
423.644	1585.49
424.867	1573.48
426.091	1589.47
427.313	1586.32
428.536	1576.32
429.757	1576.02
430.979	1570.01
432.201	1603.44
433.421	1586.28
434.642	1600.85
435.862	1601.98
437.082	1610.55
438.301	1635.97
439.52	1651.1
440.739	1658.81
441.958	1695.37
443.176	1708.51
444.394	1783.07
445.612	1850.78
446.83	1937.91
448.046	2092.76
449.263	2252.47
450.479	2445.03
451.695	2620.74
452.911	2717.59
454.126	2699.3
455.341	2585
456.556	2438.42
457.77	2275.27
458.985	2118.98
460.198	2002.97
461.411	1932.96
462.624	1824.95
463.837	1804.66
465.05	1780.65
466.262	1736.65
467.473	1691.21
468.685	1702.63
469.896	1651.48
471.106	1665.47
472.317	1651.18
473.527	1662.31
474.737	1629.73
475.946	1626.58
477.155	1640.29
478.364	1650.85
479.573	1713.13
480.781	1786.55
481.988	1767.97
483.195	1755.39
484.403	1717.96
485.609	1664.81
486.816	1596.23
488.022	1548.79
489.227	1537.35
490.434	1512.49
491.639	1481.34
492.844	1494.76
494.048	1480.18
495.252	1490.46
496.456	1478.45
497.66	1469.3
498.863	1489.86
500.065	1472.71
501.268	1474.99
502.47	1487.84
503.672	1476.98
504.874	1456.4
506.075	1489.82
507.275	1495.81
508.476	1493.8
509.677	1516.65
510.876	1536.07
512.076	1512.64
513.275	1522.06
514.474	1507.19
515.673	1496.33
516.871	1478.32
518.069	1464.31
519.267	1471.45
520.464	1463.44
521.661	1469.14
522.857	1472.28
524.054	1474.56
525.25	1464.26
526.445	1487.97
527.641	1478.53
528.836	1481.38
530.031	1500.23
531.225	1513.65
532.42	1501.65
533.613	1528.21
534.807	1528.77
536	1547.34
537.192	1577.04
538.384	1601.32
539.576	1617.88
540.768	1649.3
541.96	1681.3
543.151	1740.72
544.342	1767.57
545.532	1849.27
546.723	1930.12
547.912	2033.83
549.102	2140.68
550.291	2280.1
551.479	2425.81
552.668	2564.94
553.856	2662.65
555.045	2702.93
556.232	2638.63
557.419	2556.91
558.606	2442.04
559.793	2288.32
560.979	2194.31
562.165	2071.16
563.35	1938.59
564.536	1868.01
565.721	1820.86
566.906	1770.85
568.09	1736.55
569.274	1696.83
570.457	1667.68
571.64	1681.39
572.824	1691.67
574.007	1715.66
575.189	1790.79
576.37	1889.93
577.552	2009.06
578.734	2102.2
579.915	2173.9
581.096	2188.75
582.276	2119.03
583.456	2049.31
584.636	1938.73
585.816	1895.87
586.995	1803.57
588.173	1774.42
589.352	1713.84
590.53	1688.41
591.708	1634.4
592.886	1607.82
594.063	1584.67
595.239	1566.66
596.416	1551.22
597.592	1544.36
598.768	1536.64
599.944	1524.92
601.119	1500.62
602.294	1498.33
603.469	1479.46
604.643	1454.31
605.817	1465.16
606.99	1452.87
608.163	1455.15
609.336	1446.85
610.509	1434.27
611.682	1419.69
612.853	1440.54
614.026	1418.25
615.197	1415.39
616.368	1414.23
617.539	1417.08
618.709	1407.93
619.879	1422.21
621.049	1422.2
622.218	1398.77
623.388	1429.33
624.557	1424.47
625.725	1419.03
626.893	1388.45
628.061	1394.16
629.229	1398.43
630.396	1376.43
631.563	1360.99
632.729	1382.41
633.895	1361.26
635.062	1384.68
636.227	1368.67
637.392	1377.52
638.557	1379.23
639.722	1414.36
640.886	1382.93
642.05	1360.63
643.214	1366.91
644.377	1361.48
645.54	1356.33
646.703	1354.89
647.865	1352.88
649.027	1355.44
650.189	1365.44
651.35	1344.86
652.511	1370.56
653.672	1341.7
654.833	1355.41
655.993	1367.4
657.153	1364.53
658.312	1368.52
659.472	1363.95
660.631	1375.37
661.789	1364.5
662.947	1357.92
664.105	1374.77
665.262	1355.91
666.42	1349.9
667.576	1350.46
668.734	1367.6
669.89	1353.3
671.046	1341.01
672.201	1355.29
673.357	1361
674.512	1341.27
675.667	1330.41
676.821	1345.54
677.975	1329.54
679.129	1334.96
680.282	1333.52
681.435	1349.23
682.588	1332.08
683.741	1324.64
684.893	1315.49
686.045	1348.34
687.196	1339.19
688.347	1332.32
689.498	1334.03
690.649	1328.02
691.799	1316.58
692.949	1341.15
694.099	1312
695.248	1340.85
696.396	1339.7
697.545	1339.12
698.694	1336.82
699.842	1369.96
700.989	1356.24
702.137	1349.66
703.284	1345.08
704.43	1350.78
705.577	1371.92
706.723	1351.91
707.869	1366.76
709.014	1367.32
710.159	1384.46
711.305	1343.31
712.449	1397.02
713.593	1382.44
714.737	1386.43
715.881	1427.85
717.024	1444.41
718.167	1458.12
719.309	1452.68
720.452	1441.25
721.594	1464.1
722.735	1460.37
723.876	1444.65
725.018	1429.5
726.158	1405.21
727.299	1376.34
728.439	1370.62
729.579	1350.33
730.718	1328.32
731.857	1318.03
732.996	1328.3
734.134	1302.87
735.273	1303.15
736.411	1287.14
737.548	1290.27
738.685	1297.41
739.823	1269.11
740.959	1267.11
742.095	1275.38
743.231	1289.09
744.367	1262.23
745.502	1271.93
746.637	1259.64
747.771	1250.77
748.906	1240.19
750.04	1273.04
751.173	1256.75
752.308	1248.74
753.441	1256.16
754.574	1239.01
755.705	1256.72
756.838	1248.43
757.97	1235.28
759.101	1227.27
760.232	1252.97
761.364	1232.68
762.494	1257.24
763.624	1255.24
764.754	1259.23
765.883	1248.08
767.013	1255.21
768.143	1262.92
769.271	1249.2
770.399	1250.9
771.527	1240.61
772.655	1272.6
773.782	1252.02
774.909	1274.87
776.036	1266.58
777.162	1258.57
778.289	1262.56
779.415	1255.41
780.54	1271.98
781.666	1257.68
782.791	1263.1
783.915	1276.52
785.039	1277.37
786.163	1262.51
787.287	1271.64
788.411	1253.92
789.533	1263.06
790.656	1249.33
791.778	1271.9
792.9	1262.46
794.022	1268.74
795.144	1238.73
796.265	1251.3
797.386	1269.86
798.506	1263.28
799.626	1274.13
800.746	1282.12
801.866	1261.83
802.985	1262.96
804.104	1289.53
805.223	1292.95
806.341	1300.08
807.459	1316.93
808.577	1305.78
809.694	1314.63
810.811	1337.77
811.928	1317.76
813.044	1336.04
814.16	1352.03
815.277	1322.31
816.392	1370.87
817.507	1336.86
818.622	1362.57
819.737	1359.13
820.851	1359.7
821.964	1376.54
823.078	1403.39
824.192	1408.53
825.304	1409.38
826.417	1447.09
827.53	1462.22
828.642	1493.36
829.754	1486.2
830.865	1519.91
831.976	1525.05
833.087	1561.9
834.197	1597.6
835.308	1609.02
836.417	1652.16
837.527	1679.29
838.636	1713
839.745	1750.13
840.854	1775.56
841.962	1815.26
843.07	1839.25
844.177	1905.25
845.284	1973.81
846.392	2024.09
847.499	2069.22
848.605	2133.79
849.711	2121.78
850.817	2093.48
851.922	2065.19
853.028	2038.9
854.132	2047.75
855.237	2092.6
856.341	2121.73
857.445	2254.01
858.549	2374.86
859.653	2539.42
860.755	2783.41
861.858	3062.84
862.96	3487.11
864.062	4091.68
865.164	4816.81
866.266	5734.52
867.367	6539.08
868.468	7073.07
869.568	7163.92
870.669	6827.92
871.768	6069.62
872.868	5386.47
873.967	4690.46
875.066	4069.6
876.165	3544.45
877.263	3149.58
878.361	2819
879.458	2506.14
880.557	2319.85
881.653	2156.98
882.75	1984.4
883.847	1883.82
884.943	1803.24
886.038	1723.81
887.134	1654.66
888.229	1623.22
889.325	1603.78
890.419	1545.49
891.513	1569.48
892.607	1514.33
893.701	1497.47
894.794	1499.74
895.888	1490.59
896.98	1480.01
898.073	1482.58
899.165	1448
900.257	1446.85
901.349	1409.7
902.44	1423.69
903.53	1425.97
904.621	1435.67
905.711	1430.81
906.802	1461.37
907.891	1455.94
908.981	1457.36
910.07	1491.06
911.158	1478.48
912.247	1519.05
913.335	1508.75
914.423	1527.32
915.51	1523.31
916.597	1583.87
917.684	1591.87
918.771	1636.43
919.857	1693.85
920.943	1742.7
922.029	1800.12
923.114	1901.83
924.199	2011.53
925.284	2118.67
926.368	2201.23
927.453	2261.51
928.537	2277.79
929.62	2227.21
930.703	2129.2
931.786	2026.34
932.868	1932.33
933.95	1790.89
935.032	1712.31
936.114	1621.16
937.196	1567.44
938.277	1529.72
939.357	1473.71
940.438	1456.56
941.518	1413.69
942.598	1379.97
943.678	1363.11
944.756	1333.67
945.835	1317.38
946.914	1315.94
947.992	1294.22
949.07	1277.35
950.148	1274.2
951.225	1263.91
952.302	1258.76
953.379	1229.04
954.456	1245.89
955.531	1235.88
956.608	1212.73
957.683	1200.72
958.758	1217.57
959.833	1189.28
960.908	1179.84
961.982	1182.4
963.056	1166.4
964.13	1169.53
965.203	1189.24
966.276	1180.37
967.349	1170.65
968.421	1162.93
969.493	1159.21
970.565	1154.63
971.636	1177.19
972.708	1138.9
973.779	1157.46
974.849	1160.02
975.92	1168.87
976.99	1169.15
978.06	1161.43
979.129	1176.85
980.198	1158.27
981.267	1184.55
982.336	1171.4
983.404	1181.39
984.471	1167.95
985.539	1185.38
986.606	1197.08
987.673	1215.93
988.739	1212.49
989.806	1200.77
990.872	1241.91
991.938	1244.47
993.003	1214.75
994.069	1269.6
995.133	1246.16
996.198	1282.15
997.262	1315.29
998.326	1326.71
999.39	1348.42
1000.45	1349.27
1001.52	1360.12
1002.58	1359.82
1003.64	1327.53
1004.7	1322.09
1005.77	1292.94
1006.83	1293.22
1007.89	1266.07
1008.95	1278.06
1010.01	1251.48
1011.07	1246.05
1012.13	1255.75
1013.19	1252.03
1014.25	1235.16
1015.31	1218.3
1016.37	1228.58
1017.42	1213.43
1018.48	1232.28
1019.54	1213.13
1020.6	1233.12
1021.65	1226.82
1022.71	1231.96
1023.77	1247.09
1024.82	1239.94
1025.88	1243.36
1026.94	1275.36
1027.99	1293.35
1029.05	1301.63
1030.1	1310.76
1031.16	1321.61
1032.21	1339.6
1033.26	1361.02
1034.32	1401.87
1035.37	1413.58
1036.42	1442.14
1037.48	1488.14
1038.53	1547.27
1039.58	1628.41
1040.63	1744.11
1041.68	1829.53
1042.74	2014.38
1043.79	2216.37
1044.84	2485.8
1045.89	2741.22
1046.94	2987.49
1047.99	3082.34
1049.04	3034.34
1050.09	2818.61
1051.13	2512.03
1052.18	2252.88
1053.23	1978.02
1054.28	1751.15
1055.33	1665.72
1056.37	1531.14
1057.42	1474.56
1058.47	1414.27
1059.51	1391.97
1060.56	1361.68
1061.6	1364.81
1062.65	1377.38
1063.7	1401.66
1064.74	1421.36
1065.78	1467.07
1066.83	1481.06
1067.87	1509.91
1068.92	1473.62
1069.96	1440.18
1071	1428.46
1072.04	1394.16
1073.09	1343.01
1074.13	1260.15
1075.17	1237.85
1076.21	1231.28
1077.25	1189.84
1078.29	1180.97
1079.34	1163.25
1080.38	1167.82
1081.42	1145.81
1082.45	1148.66
1083.49	1137.79
1084.53	1126.93
1085.57	1132.35
1086.61	1129.2
1087.65	1147.48
1088.69	1148.32
1089.72	1109.75
1090.76	1151.74
1091.8	1150.3
1092.84	1126.87
1093.87	1143.71
1094.91	1151.42
1095.94	1142.27
1096.98	1163.69
1098.01	1173.68
1099.05	1188.82
1100.08	1185.67
1101.12	1201.37
1102.15	1205.94
1103.19	1241.36
1104.22	1249.07
1105.25	1270.49
1106.29	1304.19
1107.32	1321.61
1108.35	1320.75
1109.38	1360.45
1110.41	1365.02
1111.44	1361.3
1112.48	1355.86
1113.51	1350.99
1114.54	1358.13
1115.57	1374.98
1116.6	1409.26
1117.63	1431.82
1118.65	1477.81
1119.68	1549.23
1120.71	1553.23
1121.74	1585.79
1122.77	1596.35
1123.8	1570.35
1124.82	1553.48
1125.85	1471.19
1126.88	1433.18
1127.9	1383.74
1128.93	1328.31
1129.96	1298.3
1130.98	1256.29
1132.01	1247.14
1133.03	1218.85
1134.06	1190.55
1135.08	1201.12
1136.11	1168.54
1137.13	1155.39
1138.15	1148.24
1139.18	1143.37
1140.2	1117.65
1141.22	1131.07
1142.24	1144.21
1143.27	1123.91
1144.29	1106.48
1145.31	1130.75
1146.33	1118.75
1147.35	1137.02
1148.37	1101.87
1149.39	1128.15
1150.41	1111
1151.43	1118.71
1152.45	1098.7
1153.47	1108.41
1154.49	1106.68
1155.51	1077.25
1156.53	1103.24
1157.54	1081.52
1158.56	1075.22
1159.58	1089.22
1160.59	1060.92
1161.61	1065.77
1162.63	1054.33
1163.64	1055.47
1164.66	1058.32
1165.68	1046.31
1166.69	1028.59
1167.71	1031.44
1168.72	1040.86
1169.73	1022.28
1170.75	1042.56
1171.76	1013.98
1172.78	1013.69
1173.79	1017.39
1174.8	1017.96
1175.81	1023.09
1176.83	1040.23
1177.84	1049.65
1178.85	1049.64
1179.86	1023.63
1180.87	1047.05
1181.88	1039.33
1182.89	1026.75
1183.9	1033.31
1184.91	1025.59
1185.92	1020.16
1186.93	1029.29
1187.94	1050.71
1188.95	1047.85
1189.96	1062.12
1190.97	1068.4
1191.97	1076.97
1192.98	1076.96
1193.99	1093.81
1195	1099.8
1196	1117.22
1197.01	1133.21
1198.01	1163.2
1199.02	1172.05
1200.03	1186.33
1201.03	1163.75
1202.04	1193.17
1203.04	1210.59
1204.04	1188.3
1205.05	1179.72
1206.05	1182.57
1207.06	1148.56
1208.06	1144.84
1209.06	1145.12
1210.06	1125.11
1211.07	1117.1
1212.07	1109.1
1213.07	1091.95
1214.07	1075.65
1215.07	1063.07
1216.07	1074.49
1217.07	1075.34
1218.07	1092.76
1219.07	1078.76
1220.07	1086.18
1221.07	1095.6
1222.07	1103.59
1223.07	1115.3
1224.07	1111.57
1225.07	1125.57
1226.06	1127.84
1227.06	1154.69
1228.06	1154.4
1229.06	1161.25
1230.05	1210.67
1231.05	1179.52
1232.04	1222.37
1233.04	1231.5
1234.04	1221.21
1235.03	1255.49
1236.03	1251.77
1237.02	1291.5
1238.01	1297.84
1239.01	1322.44
1240	1316.35
1241	1313.25
1241.99	1290.19
1242.98	1280.46
1243.97	1238.6
1244.97	1232.52
1245.96	1215.29
1246.95	1205.91
1247.94	1184.57
1248.93	1185.98
1249.92	1168.78
1250.91	1151.75
1251.9	1147.62
1252.89	1135.63
1253.88	1128.63
1254.87	1122.56
1255.86	1122.48
1256.85	1120.5
1257.84	1115.45
1258.83	1126.26
1259.81	1119.99
1260.8	1132.48
1261.79	1162.05
1262.78	1174
1263.76	1213.58
1264.75	1241.1
1265.73	1263.75
1266.72	1285.81
1267.71	1276.91
1268.69	1288.26
1269.68	1277.28
1270.66	1254.16
1271.65	1265.29
1272.63	1248.21
1273.61	1247.39
1274.6	1248.98
1275.58	1260.62
1276.56	1257.09
1277.55	1294.8
1278.53	1335.08
1279.51	1375.95
1280.49	1418.23
1281.47	1468.13
1282.45	1539.96
1283.43	1596.51
1284.42	1635.12
1285.4	1668.06
1286.38	1678.75
1287.35	1668.31
1288.33	1637.39
1289.06	1603.21
1290.08	1535.46
1291.1	1483.43
1292.12	1451.69
1293.14	1383.09
1294.16	1320.77
1295.17	1269.6
1296.19	1233.29
1297.21	1199.83
1298.23	1174.94
1299.25	1142.63
1300.27	1135.17
1301.28	1106.57
1302.3	1111.97
1303.32	1086.22
1304.33	1093.34
1305.35	1046.45
1306.37	1062.99
1307.38	1045.54
1308.4	1054.08
1309.41	1028.62
1310.43	1010.88
1311.44	1020.85
1312.46	995.962
1313.47	998.218
1314.49	974.189
1315.5	987.303
1316.51	968.702
1317.53	970.101
1318.54	972.072
1319.55	960.9
1320.57	959.728
1321.58	945.413
1322.59	940.527
1323.6	927.926
1324.61	935.897
1325.63	922.153
1326.64	891.838
1327.65	899.238
1328.66	909.208
1329.67	915.465
1330.68	889.15
1331.69	912.264
1332.7	903.949
1333.71	909.92
1334.72	913.605
1335.72	889.861
1336.73	902.118
1337.74	895.517
1338.75	871.488
1339.76	884.601
1340.76	873.715
1341.77	871.114
1342.78	875.371
1343.79	896.199
1344.79	872.741
1345.8	885.283
1346.8	866.111
1347.81	882.368
1348.82	886.053
1349.82	874.595
1350.83	881.423
1351.83	849.394
1352.84	871.364
1353.84	858.192
1354.84	860.449
1355.85	878.134
1356.85	873.533
1357.85	888.933
1358.86	878.332
1359.86	896.874
1360.86	882.273
1361.86	880.53
1362.87	897.929
1363.87	909.043
1364.87	905.014
1365.87	914.413
1366.87	886.098
1367.87	881.497
1368.87	899.182
1369.87	885.153
1370.87	899.41
1371.87	903.666
1372.87	891.923
1373.87	905.036
1374.87	892.722
1375.87	904.121
1376.87	912.092
1377.86	912.348
1378.86	909.176
1379.86	888.004
1380.86	885.403
1381.85	883.374
1382.85	878.488
1383.85	874.173
1384.84	878.715
1385.84	871.829
1386.84	856.657
1387.83	876.627
1388.83	856.884
1389.82	870.283
1390.82	867.683
1391.81	863.939
1392.81	888.481
1393.8	895.881
1394.79	900.994
1395.79	898.965
1396.78	891.793
1397.77	911.764
1398.77	934.877
1399.76	942.277
1400.75	964.819
1401.74	941.361
1402.74	956.189
1403.73	953.874
1404.72	966.988
1405.71	953.816
1406.7	939.786
1407.69	935.186
1408.68	926.299
1409.67	927.413
1410.66	920.813
1411.65	925.069
1412.64	938.468
1413.63	945.582
1414.62	920.981
1415.61	930.095
1416.59	922.923
1417.58	924.608
1418.57	926.293
1419.56	914.549
1420.55	935.949
1421.53	934.205
1422.52	958.176
1423.51	952.433
1424.49	957.261
1425.48	974.66
1426.46	1005.49
1427.45	1008.32
1428.43	1022.86
1429.42	1023.4
1430.4	1050.51
1431.39	1049.91
1432.37	1083.88
1433.36	1095.85
1434.34	1110.4
1435.32	1129.51
1436.31	1126.05
1437.29	1124.31
1438.27	1103.14
1439.26	1090.82
1440.24	1071.08
1441.22	1079.05
1442.2	1090.16
1443.18	1097.85
1444.16	1144.39
1445.14	1188.93
1446.12	1261.47
1447.11	1395.73
1448.09	1493.42
1449.07	1617.39
1450.05	1698.22
1451.02	1697.04
1452	1643.59
1452.98	1598.13
1453.96	1530.67
1454.94	1469.5
1455.92	1355.18
1456.9	1310.01
1457.87	1267.7
1458.85	1219.38
1459.83	1183.35
1460.81	1148.47
1461.78	1097.58
1462.76	1079.84
1463.73	1075.52
1464.71	1026.35
1465.69	1017.75
1466.66	990.576
1467.64	971.118
1468.61	956.231
1469.59	944.488
1470.56	928.173
1471.54	907.572
1472.51	889.257
1473.48	878.657
1474.46	863.199
1475.43	857.455
1476.4	841.141
1477.37	823.683
1478.35	812.796
1479.32	800.767
1480.29	811.881
1481.26	798.709
1482.23	788.394
1483.21	782.65
1484.18	779.192
1485.15	764.02
1486.12	766.277
1487.09	759.105
1488.06	761.647
1489.03	757.903
1490	767.017
1490.97	750.988
1491.93	762.387
1492.9	751.787
1493.87	768.9
1494.84	756.3
1495.81	751.699
1496.77	749.67
1497.74	737.355
1498.71	748.468
1499.68	745.296
1500.64	738.124
1501.61	717.809
1502.58	737.209
1503.54	740.037
1504.51	711.15
1505.47	729.121
1506.44	723.949
1507.4	741.634
1508.37	732.176
1509.33	722.147
1510.3	724.975
1511.26	731.231
1512.22	728.916
1513.19	729.173
1514.15	726.286
1515.11	727.686
1516.08	735.371
1517.04	732.199
1518	734.17
1518.96	718.426
1519.92	716.968
1520.88	712.939
1521.85	708.91
1522.81	710.881
1523.77	705.994
1524.73	707.108
1525.69	716.507
1526.65	714.764
1527.61	701.877
1528.57	715.277
1529.53	699.819
1530.48	707.218
1531.44	694.904
1532.4	697.446
1533.36	700.274
1534.32	699.387
1535.28	694.501
1536.23	691.615
1537.19	689.3
1538.15	694.699
1539.1	690.098
1540.06	688.069
1541.02	679.754
1541.97	698.582
1542.93	697.41
1543.88	700.238
1544.84	686.78
1545.79	695.894
1546.75	694.722
1547.7	688.121
1548.66	687.235
1549.61	698.634
1550.56	701.748
1551.52	692.861
1552.47	695.118
1553.42	684.517
1554.38	690.488
1555.33	696.173
1556.28	690.144
1557.23	689.257
1558.18	691.514
1559.14	693.199
1560.09	703.455
1561.04	689.712
1561.99	680.826
1562.94	691.082
1563.89	680.767
1564.84	678.167
1565.79	672.709
1566.74	669.251
1567.69	673.793
1568.64	671.193
1569.59	694.592
1570.53	691.134
1571.48	685.676
1572.43	675.647
1573.38	668.761
1574.33	675.589
1575.27	663.559
1576.22	677.816
1577.17	679.501
1578.11	666.615
1579.06	675.443
1580	669.413
1580.95	666.241
1581.9	661.926
1582.84	673.611
1583.79	670.439
1584.73	661.267
1585.67	673.238
1586.62	656.066
1587.56	666.322
1588.51	656.579
1589.45	658.55
1590.39	656.806
1591.34	660.777
1592.28	658.176
1593.22	653.576
1594.16	653.546
1595.11	643.517
1596.05	648.06
1596.99	660.03
1597.93	646.572
1598.87	647.4
1599.81	647.085
1600.75	669.628
1601.69	659.027
1602.63	650.712
1603.57	653.254
1604.51	660.368
1605.45	668.624
1606.39	651.452
1607.33	668.852
1608.27	665.965
1609.21	657.079
1610.14	652.193
1611.08	671.306
1612.02	655.563
1612.96	654.105
1613.89	649.79
1614.83	647.475
1615.77	647.732
1616.7	634.559
1617.64	642.245
1618.58	629.644
1619.51	637.043
1620.45	630.728
1621.38	643.27
1622.32	622.098
1623.25	621.498
1624.19	638.611
1625.12	616.582
1626.05	629.41
1626.99	624.809
1627.92	630.78
1628.85	623.322
1629.79	623.293
1630.72	640.121
1631.65	635.235
1632.58	639.491
1633.52	641.748
1634.45	656.576
1635.38	651.689
1636.31	646.803
1637.24	642.488
1638.17	659.03
1639.1	654.715
1640.03	632.115
1640.96	640.943
1641.89	644.628
1642.82	640.884
1643.75	621.998
1644.68	628.54
1645.61	629.368
1646.54	607.624
1647.46	606.167
1648.39	594.995
1649.32	600.68
1650.25	597.508
1651.17	604.907
1652.1	580.306
1653.03	597.134
1653.95	585.391
1654.88	609.361
1655.81	603.618
1656.73	599.589
1657.66	584.131
1658.58	593.245
1659.51	586.644
1660.43	589.758
1661.36	598.3
1662.28	595.985
1663.21	578.813
1664.13	588.498
1665.05	590.469
1665.98	581.582
1666.9	582.982
1667.82	576.381
1668.74	574.637
1669.67	576.037
1670.59	578.579
1671.51	599.407
1672.43	586.235
1673.35	587.634
1674.27	583.319
1675.19	568.433
1676.12	573.547
1677.04	588.089
1677.96	573.488
1678.88	577.745
1679.79	578.572
1680.71	568.829
1681.63	573.657
1682.55	570.771
1683.47	568.17
1684.39	585.855
1685.31	572.111
1686.23	583.797
1687.14	584.053
1688.06	575.738
1688.98	569.995
1689.89	577.965
1690.81	577.079
1691.73	564.478
1692.64	573.592
1693.56	567.277
1694.48	568.676
1695.39	572.076
1696.31	565.475
1697.22	565.446
1698.14	581.417
1699.05	568.816
1699.96	565.072
1700.88	563.615
1701.79	573.014
1702.7	557.842
1703.62	565.813
1704.53	580.641
1705.44	584.612
1706.36	561.154
1707.27	563.982
1708.18	580.524
1709.09	557.352
1710	579.037
1710.92	568.15
1711.83	579.835
1712.74	562.092
1713.65	584.349
1714.56	575.462
1715.47	582.29
1716.38	590.832
1717.29	593.66
1718.2	599.06
1719.11	596.745
1720.01	601.001
1720.92	618.972
1721.83	616.943
1722.74	618.628
1723.65	641.741
1724.56	651.426
1725.46	677.683
1726.37	692.225
1727.28	723.624
1728.18	759.309
1729.09	804.137
1730	889.251
1730.9	920.365
1731.81	958.336
1732.71	942.878
1733.62	938.563
1734.52	899.391
1735.43	880.79
1736.33	838.189
1737.24	837.303
1738.14	811.274
1739.04	790.673
1739.95	774.073
1740.85	779.758
1741.75	776.871
1742.66	771.413
1743.56	761.098
1744.46	758.212
1745.36	743.897
1746.26	743.868
1747.17	731.553
1748.07	728.952
1748.97	716.352
1749.87	691.465
1750.77	706.293
1751.67	685.978
1752.57	690.235
1753.47	660.491
1754.37	679.319
1755.27	655.576
1756.17	644.118
1757.07	636.375
1757.97	609.774
1758.86	622.03
1759.76	618.287
1760.66	603.4
1761.56	589.371
1762.45	599.342
1763.35	595.027
1764.25	583.284
1765.15	566.969
1766.04	562.654
1766.94	560.91
1767.83	550.881
1768.73	539.423
1769.63	542.537
1770.52	541.365
1771.42	525.907
1772.31	529.592
1773.2	527.277
1774.1	516.962
1774.99	519.219
1775.89	517.475
1776.78	497.732
1777.67	509.988
1778.57	509.673
1779.46	508.501
1780.35	491.043
1781.24	491.586
1782.14	497.842
1783.03	494.67
1783.92	496.641
1784.81	494.897
1785.7	489.725
1786.59	493.982
1787.48	496.238
1788.37	494.495
1789.26	495.323
1790.15	489.865
1791.04	483.264
1791.93	499.806
1792.82	480.92
1793.71	486.891
1794.6	481.433
1795.49	488.832
1796.38	486.803
1797.26	483.06
1798.15	478.459
1799.04	487.573
1799.93	474.972
1800.81	472.943
1801.7	478.913
1802.59	466.884
1803.47	485.712
1804.36	479.969
1805.24	470.797
1806.13	490.767
1807.02	483.881
1807.9	480.709
1808.79	475.537
1809.67	470.651
1810.55	466.05
1811.44	468.878
1812.32	479.706
1813.21	477.962
1814.09	467.647
1814.97	465.332
1815.86	480.732
1816.74	455.274
1817.62	468.388
1818.5	468.644
1819.38	456.901
1820.27	458.586
1821.15	462.271
1822.03	459.67
1822.91	477.069
1823.79	455.04
1824.67	454.44
1825.55	462.982
1826.43	463.238
1827.31	456.923
1828.19	449.751
1829.07	450.579
1829.95	456.264
1830.83	450.235
1831.71	457.92
1832.58	449.891
1833.46	454.147
1834.34	454.118
1835.22	443.517
1836.1	446.917
1836.97	465.745
1837.85	445.716
1838.73	458.543
1839.6	439.371
1840.48	453.628
1841.35	447.027
1842.23	440.427
1843.11	438.969
1843.98	442.94
1844.86	444.339
1845.73	448.024
1846.6	437.138
1847.48	445.394
1848.35	433.651
1849.23	437.336
1850.1	427.592
1850.97	424.991
1851.85	442.677
1852.72	438.933
1853.59	445.475
1854.46	424.017
1855.34	439.417
1856.21	423.959
1857.08	427.358
1857.95	433.329
1858.82	434.729
1859.69	434.985
1860.56	430.67
1861.43	431.498
1862.3	430.897
1863.17	433.44
1864.04	442.839
1864.91	425.095
1865.78	434.78
1866.65	425.323
1867.52	433.865
1868.39	421.264
1869.26	418.664
1870.13	430.063
1870.99	424.319
1871.86	427.719
1872.73	422.832
1873.59	417.375
1874.46	414.488
1875.33	411.316
1876.19	419.858
1877.06	414.401
1877.93	426.943
1878.79	422.342
1879.66	408.313
1880.52	415.998
1881.39	404.826
1882.25	416.225
1883.12	411.625
1883.98	409.881
1884.84	406.709
1885.71	417.251
1886.57	416.079
1887.43	413.193
1888.3	418.592
1889.16	413.134
1890.02	404.819
1890.89	410.79
1891.75	401.904
1892.61	410.16
1893.47	404.131
1894.33	413.816
1895.19	403.216
1896.05	405.472
1896.91	412.3
1897.78	406.556
1898.64	409.384
1899.5	389.641
1900.35	406.469
1901.21	395.011
1902.07	403.553
1902.93	396.381
1903.79	408.066
1904.65	400.323
1905.51	410.294
1906.37	393.693
1907.22	391.949
1908.08	391.92
1908.94	402.462
1909.8	386.433
1910.65	392.118
1911.51	396.089
1912.36	386.06
1913.22	381.459
1914.08	382.287
1914.93	394.258
1915.79	389.657
1916.64	387.342
1917.5	402.456
1918.35	389.284
1919.21	390.397
1920.06	397.797
1920.92	388.339
1921.77	387.167
1922.62	382.852
1923.48	386.823
1924.33	389.079
1925.18	374.479
1926.03	379.306
1926.89	383.277
1927.74	380.391
1928.59	373.505
1929.44	376.904
1930.29	386.875
1931.14	371.988
1932	375.959
1932.85	368.501
1933.7	377.044
1934.55	378.443
1935.4	373.271
1936.25	381.242
1937.1	366.355
1937.94	373.469
1938.79	372.868
1939.64	366.839
1940.49	376.524
1941.34	368.781
1942.19	371.608
1943.04	369.294
1943.88	361.55
1944.73	364.949
1945.58	373.777
1946.42	377.748
1947.27	364.862
1948.12	365.118
1948.96	362.232
1949.81	359.06
1950.65	360.745
1951.5	361.858
1952.34	354.401
1953.19	353.8
1954.03	365.485
1954.88	360.884
1955.72	359.712
1956.57	364.54
1957.41	362.225
1958.25	358.196
1959.1	364.738
1959.94	354.423
1960.78	349.537
1961.63	352.079
1962.47	355.479
1963.31	347.449
1964.15	356.849
1964.99	350.534
1965.84	346.219
1966.68	343.047
1967.52	357.875
1968.36	351.274
1969.2	348.959
1970.04	352.644
1970.88	346.615
1971.72	344.014
1972.56	341.414
1973.4	353.956
1974.24	340.212
1975.08	346.183
1975.91	351.868
1976.75	340.696
1977.59	329.81
1978.43	344.638
1979.27	348.323
1980.1	335.436
1980.94	339.693
1981.78	345.378
1982.62	333.063
1983.45	339.034
1984.29	342.433
1985.12	345.261
1985.96	337.232
1986.79	341.774
1987.63	340.888
1988.46	336.287
1989.3	341.401
1990.13	339.943
1990.97	337.628
1991.8	335.027
1992.64	339.855
1993.47	336.397
1994.3	328.654
1995.14	332.053
1995.97	333.738
1996.8	337.423
1997.64	343.109
1998.47	334.222
1999.3	337.05
2000.13	334.449
2000.96	328.706
2001.79	333.248
2002.63	330.076
2003.46	322.333
2004.29	327.732
2005.12	324.56
2005.95	327.102
2006.78	319.644
2007.61	341.044
2008.44	319.3
2009.27	332.414
2010.09	338.099
2010.92	329.784
2011.75	324.897
2012.58	324.011
2013.41	318.268
2014.24	323.953
2015.06	319.352
2015.89	326.466
2016.72	319.579
2017.54	326.693
2018.37	316.378
2019.2	320.063
2020.02	310.891
2020.85	316.005
2021.68	312.833
2022.5	309.946
2023.33	315.346
2024.15	312.173
2024.98	302.716
2025.8	303.544
2026.62	307.229
2027.45	305.485
2028.27	303.456
2029.1	302.855
2029.92	306.826
2030.74	307.083
2031.56	303.339
2032.39	308.167
2033.21	300.423
2034.03	307.537
2034.85	298.651
2035.68	296.907
2036.5	303.735
2037.32	306.277
2038.14	296.82
2038.96	303.076
2039.78	295.333
2040.6	298.732
2041.42	292.988
2042.24	305.816
2043.06	296.93
2043.88	307.758
2044.7	299.157
2045.52	300.842
2046.34	297.67
2047.16	297.355
2047.97	293.612
2048.79	304.725
2049.61	302.982
2050.43	293.524
2051.24	299.781
2052.06	296.323
2052.88	295.722
2053.69	296.264
2054.51	302.807
2055.33	299.635
2056.14	292.462
2056.96	293.862
2057.77	295.833
2058.59	286.375
2059.4	295.203
2060.22	300.888
2061.03	299.144
2061.85	288.258
2062.66	287.657
2063.48	301.342
2064.29	278.742
2065.1	283.57
2065.92	292.398
2066.73	294.94
2067.54	288.625
2068.35	294.881
2069.17	299.424
2069.98	293.966
2070.79	286.508
2071.6	290.193
2072.41	285.592
2073.22	286.992
2074.03	281.82
2074.84	279.79
2075.65	291.476
2076.46	285.732
2077.27	293.988
2078.08	283.674
2078.89	283.93
2079.7	292.187
2080.51	285.014
2081.32	288.128
2082.13	289.527
2082.94	288.641
2083.74	285.469
2084.55	288.583
2085.36	273.696
2086.17	279.953
2086.97	286.781
2087.78	280.18
2088.59	282.722
2089.39	271.836
2090.2	280.95
2091.01	266.349
2091.81	273.463
2092.62	279.148
2093.42	271.976
2094.23	274.518
2095.03	262.489
2095.84	275.602
2096.64	270.716
2097.45	269.829
2098.25	272.943
2099.05	263.2
2099.86	275.17
