150.31	2348.43
151.606	2341.57
152.902	2329
154.198	2335.86
155.492	2333
156.787	2329
158.081	2299
159.376	2307
160.669	2307.86
161.962	2328.43
163.256	2295.29
164.548	2302.43
165.841	2334.43
167.133	2309.29
168.424	2305.86
169.715	2334.14
171.006	2301.57
172.297	2297.29
173.587	2317
174.877	2286.43
176.166	2293.29
177.456	2284.14
178.745	2288.71
180.033	2291.86
181.321	2305.57
182.609	2291
183.897	2318.43
185.184	2314.43
186.471	2336.14
187.757	2332.14
189.044	2340.71
190.33	2320.43
191.615	2367.57
192.9	2319.57
194.185	2329.86
195.469	2294.43
196.753	2269.57
198.037	2254.43
199.321	2231.57
200.604	2213.86
201.887	2228.71
203.17	2184.43
204.451	2200.71
205.733	2217
207.014	2213.57
208.296	2199
209.576	2237.29
210.856	2230.43
212.137	2217.29
213.417	2240.14
214.696	2247.86
215.975	2257.29
217.253	2284.71
218.532	2269.86
219.81	2283.57
221.088	2302.71
222.365	2309.29
223.642	2331
224.919	2344.43
226.195	2344.71
227.471	2413.86
228.747	2453.85
230.022	2475.27
231.297	2495.55
232.572	2495.25
233.846	2494.1
235.12	2504.67
236.394	2501.51
237.667	2527.51
238.94	2529.21
240.213	2543.49
241.485	2579.2
242.757	2623.47
244.029	2658.04
245.3	2714.31
246.571	2733.16
247.842	2755.44
249.112	2873.72
250.381	2898.85
251.651	2963.13
252.921	3060.55
254.189	3147.97
255.457	3241.39
256.726	3350.24
257.994	3487.38
259.261	3567.65
260.529	3726.5
261.796	3852.49
263.062	3993.92
264.329	4100.48
265.595	4160.47
266.86	4219.32
268.125	4196.17
269.39	4112.73
270.655	3950.44
271.919	3748.43
273.182	3530.99
274.446	3320.7
275.71	3104.41
276.973	2941.54
278.234	2811.82
279.497	2695.24
280.759	2580.09
282.021	2483.22
283.281	2417.5
284.543	2390.35
285.803	2292.34
287.063	2277.19
288.322	2247.75
289.583	2227.74
290.842	2214.88
292.101	2226.87
293.358	2237.72
294.617	2210
295.875	2242.85
297.133	2209.12
298.389	2243.12
299.647	2245.96
300.903	2242.81
302.159	2245.95
303.415	2285.94
304.67	2303.93
305.925	2271.35
307.18	2292.77
308.435	2276.19
309.689	2238.76
310.943	2244.18
312.196	2260.45
313.45	2228.16
314.702	2245.3
315.954	2239.86
317.207	2238.42
318.459	2232.7
319.71	2182.98
320.961	2157.83
322.212	2110.96
323.463	2068.1
324.712	2040.66
325.962	1984.08
327.211	1958.93
328.461	1943.78
329.71	1933.48
330.958	1917.19
332.207	1902.61
333.454	1886.6
334.702	1880.88
335.949	1885.44
337.196	1883.15
338.442	1877.14
339.688	1858.85
340.933	1856.55
342.179	1854.55
343.424	1860.25
344.67	1844.81
345.914	1859.38
347.158	1855.66
348.402	1851.08
349.645	1847.07
350.888	1892.77
352.131	1877.62
353.373	1873.9
354.616	1879.04
355.857	1853.6
357.099	1862.73
358.34	1854.73
359.58	1849.57
360.821	1854.14
362.061	1834.99
363.301	1850.41
364.54	1852.4
365.78	1869.53
367.019	1867.53
368.257	1864.37
369.495	1905.79
370.733	1932.93
371.97	1903.78
373.208	1894.63
374.444	1857.48
375.681	1827.47
376.917	1808.03
378.153	1782.02
379.389	1787.16
380.623	1769.15
381.858	1768.86
383.092	1753.71
384.327	1773.13
385.561	1765.97
386.794	1755.97
388.027	1776.53
389.26	1771.66
390.492	1786.8
391.724	1795.93
392.956	1782.5
394.188	1823.92
395.419	1825.05
396.65	1837.62
397.88	1825.32
399.11	1827.6
400.341	1825.59
401.57	1821.01
402.799	1826.15
404.028	1829.57
405.257	1870.42
406.484	1862.98
407.712	1887.83
408.94	1875.25
410.167	1852.1
411.394	1851.8
412.621	1830.37
413.847	1842.93
415.073	1827.49
416.298	1829.2
417.523	1826.91
418.749	1822.33
419.973	1824.6
421.197	1803.17
422.421	1826.3
423.644	1809.72
424.867	1803.71
426.091	1844.56
427.313	1850.84
428.536	1838.55
429.757	1841.11
430.979	1840.53
432.201	1836.81
433.421	1859.94
434.642	1856.22
435.862	1850.5
437.082	1860.49
438.301	1889.63
439.52	1907.62
440.739	1897.32
441.958	1963.6
443.176	1976.16
444.394	2023.87
445.612	2143.29
446.83	2223.85
448.046	2404.13
449.263	2588.41
450.479	2802.97
451.695	2992.68
452.911	3090.38
454.126	3098.95
455.341	2971.8
456.556	2789.79
457.77	2593.49
458.985	2424.92
460.198	2312.34
461.411	2201.18
462.624	2138.03
463.837	2092.31
465.05	2064.59
466.262	2005.15
467.473	1978.57
468.685	1961.71
469.896	1950.27
471.106	1921.12
472.317	1907.11
473.527	1889.67
474.737	1899.95
475.946	1889.66
477.155	1875.36
478.364	1916.5
479.573	1962.78
480.781	2004.77
481.988	2025.9
483.195	2048.75
484.403	2024.17
485.609	1951.31
486.816	1871.3
488.022	1813.29
489.227	1777
490.434	1726.7
491.639	1742.7
492.844	1725.83
494.048	1724.96
495.252	1714.39
496.456	1713.23
497.66	1712.65
498.863	1725.5
500.065	1731.5
501.268	1730.34
502.47	1717.77
503.672	1714.33
504.874	1716.61
506.075	1712.03
507.275	1731.16
508.476	1736.01
509.677	1771.43
510.876	1755.71
512.076	1762.56
513.275	1776.55
514.474	1757.4
515.673	1724.53
516.871	1719.38
518.069	1721.95
519.267	1706.51
520.464	1694.5
521.661	1713.92
522.857	1696.48
524.054	1706.76
525.25	1713.04
526.445	1713.03
527.641	1718.45
528.836	1730.16
530.031	1721.86
531.225	1744.43
532.42	1758.13
533.613	1731.84
534.807	1781.55
536	1799.54
537.192	1832.67
538.384	1844.38
539.576	1879.8
540.768	1886.65
541.96	1945.78
543.151	2013.77
544.342	2062.05
545.532	2118.62
546.723	2216.04
547.912	2327.74
549.102	2474.59
550.291	2621.44
551.479	2790
552.668	2933.14
553.856	3025.42
555.045	3072.26
556.232	3022.26
557.419	2919.39
558.606	2786.53
559.793	2608.23
560.979	2500.79
562.165	2362.5
563.35	2231.35
564.536	2156.2
565.721	2073.33
566.906	2013.9
568.09	1982.46
569.274	1949.02
570.457	1941.59
571.64	1914.72
572.824	1974.14
574.007	1999.56
575.189	2061.55
576.37	2137.83
577.552	2285.82
578.734	2399.82
579.915	2483.81
581.096	2482.37
582.276	2472.65
583.456	2366.35
584.636	2264.35
585.816	2176.91
586.995	2091.47
588.173	2025.75
589.352	1970.03
590.53	1932.59
591.708	1904.58
592.886	1852.29
594.063	1833.42
595.239	1793.99
596.416	1783.41
597.592	1770.54
598.768	1742.53
599.944	1741.38
601.119	1727.95
602.294	1734.22
603.469	1706.5
604.643	1704.49
605.817	1667.34
606.99	1696.48
608.163	1685.33
609.336	1671.03
610.509	1648.17
611.682	1651.02
612.853	1656.44
614.026	1637.57
615.197	1648.71
616.368	1629.27
617.539	1630.4
618.709	1657.54
619.879	1640.39
621.049	1622.38
622.218	1628.66
623.388	1640.36
624.557	1648.07
625.725	1613.78
626.893	1634.34
628.061	1613.76
629.229	1596.04
630.396	1599.74
631.563	1590.88
632.729	1588.87
633.895	1585.43
635.062	1594.85
636.227	1610.56
637.392	1600.27
638.557	1633.69
639.722	1605.96
640.886	1601.38
642.05	1615.09
643.214	1576.51
644.377	1589.07
645.54	1579.07
646.703	1583.63
647.865	1579.62
649.027	1594.47
650.189	1595.03
651.35	1565.88
652.511	1574.16
653.672	1551.3
654.833	1557.86
655.993	1577.85
657.153	1590.7
658.312	1576.98
659.472	1586.4
660.631	1583.82
661.789	1585.24
662.947	1583.8
664.105	1599.22
665.262	1586.93
666.42	1582.92
667.576	1575.2
668.734	1569.76
669.89	1568.61
671.046	1544.89
672.201	1579.45
673.357	1547.44
674.512	1557.72
675.667	1548.85
676.821	1560.56
677.975	1539.7
679.129	1535.4
680.282	1564.54
681.435	1558.53
682.588	1550.81
683.741	1557.37
684.893	1528.5
686.045	1543.92
687.196	1552.2
688.347	1526.19
689.498	1537.04
690.649	1545.89
691.799	1529.88
692.949	1533.88
694.099	1539.01
695.248	1555.86
696.396	1545.28
697.545	1567.84
698.694	1557.26
699.842	1580.4
700.989	1561.53
702.137	1578.38
703.284	1564.37
704.43	1567.22
705.577	1548.36
706.723	1569.78
707.869	1564.06
709.014	1604.33
710.159	1599.75
711.305	1591.75
712.449	1601.74
713.593	1601.73
714.737	1620.29
715.881	1647.71
717.024	1684.28
718.167	1685.13
719.309	1679.69
720.452	1686.82
721.594	1686.24
722.735	1675.66
723.876	1675.08
725.018	1628.22
726.158	1597.64
727.299	1607.35
728.439	1579.91
729.579	1568.19
730.718	1557.89
731.857	1529.03
732.996	1521.88
734.134	1521.58
735.273	1507
736.411	1512.42
737.548	1496.13
738.685	1490.12
739.823	1499.54
740.959	1476.68
742.095	1473.81
743.231	1473.23
744.367	1479.8
745.502	1475.22
746.637	1468.06
747.771	1466.34
748.906	1468.91
750.04	1452.9
751.173	1465.75
752.308	1446.88
753.441	1465.73
754.574	1466.86
755.705	1452.86
756.838	1420.28
757.97	1454.55
759.101	1455.98
760.232	1451.11
761.364	1440.53
762.494	1441.95
763.624	1460.23
764.754	1472.79
765.883	1440.78
767.013	1454.49
768.143	1461.05
769.271	1465.33
770.399	1447.04
771.527	1450.17
772.655	1468.16
773.782	1454.16
774.909	1448.72
776.036	1446.71
777.162	1461.56
778.289	1458.69
779.415	1462.97
780.54	1481.25
781.666	1436.38
782.791	1474.66
783.915	1476.37
785.039	1476.36
786.163	1459.78
787.287	1466.63
788.411	1443.48
789.533	1477.76
790.656	1459.18
791.778	1455.17
792.9	1428.59
794.022	1458.87
795.144	1445.14
796.265	1463.42
797.386	1461.41
798.506	1475.12
799.626	1465.11
800.746	1470.82
801.866	1462.24
802.985	1494.8
804.104	1469.08
805.223	1461.07
806.341	1504.49
807.459	1501.63
808.577	1522.47
809.694	1526.75
810.811	1536.74
811.928	1547.59
813.044	1567.01
814.16	1563.29
815.277	1554.71
816.392	1559.56
817.507	1568.41
818.622	1564.69
819.737	1572.39
820.851	1579.81
821.964	1611.52
823.078	1597.51
824.192	1631.79
825.304	1642.92
826.417	1659.2
827.53	1673.48
828.642	1721.76
829.754	1701.46
830.865	1745.74
831.976	1782.02
833.087	1785.15
834.197	1797.14
835.308	1876.56
836.417	1885.41
837.527	1909.41
838.636	1955.68
839.745	1978.53
840.854	2043.1
841.962	2057.94
843.07	2120.79
844.177	2185.36
845.284	2230.21
846.392	2320.48
847.499	2371.33
848.605	2418.47
849.711	2419.89
850.817	2393.02
851.922	2348.44
853.028	2309.01
854.132	2326.43
855.237	2370.13
856.341	2414.41
857.445	2545.26
858.549	2670.39
859.653	2868.96
860.755	3156.38
861.858	3464.66
862.96	3964.36
864.062	4612.64
865.164	5459.2
866.266	6402.62
867.367	7383.76
868.468	7968.04
869.568	8080.03
870.669	7668.3
871.768	6946.01
872.868	6070
873.967	5286.85
875.066	4617.7
876.165	4033.12
877.263	3593.4
878.361	3220.25
879.458	2880.81
880.557	2669.09
881.653	2442.79
882.75	2271.93
883.847	2152.78
884.943	2068.48
886.038	1961.33
887.134	1922.75
888.229	1841.89
889.325	1817.02
890.419	1807.87
891.513	1797.58
892.607	1733.57
893.701	1740.13
894.794	1714.98
895.888	1713.26
896.98	1691.82
898.073	1673.53
899.165	1660.38
900.257	1656.37
901.349	1652.65
902.44	1661.78
903.53	1642.06
904.621	1638.62
905.711	1657.19
906.802	1675.46
907.891	1664.03
908.981	1697.16
910.07	1699.73
911.158	1702.86
912.247	1738.28
913.335	1738.84
914.423	1761.98
915.51	1775.69
916.597	1784.25
917.684	1830.81
918.771	1897.37
919.857	1928.51
920.943	1998.79
922.029	2049.64
923.114	2185.63
924.199	2283.05
925.284	2411.33
926.368	2501.32
927.453	2577.02
928.537	2569.59
929.62	2533.29
930.703	2444.71
931.786	2322.99
932.868	2185.84
933.95	2072.12
935.032	1980.97
936.114	1858.96
937.196	1809.81
938.277	1764.66
939.357	1706.08
940.438	1654.07
941.518	1610.63
942.598	1591.77
943.678	1553.76
944.756	1526.32
945.835	1521.46
946.914	1502.31
947.992	1502.87
949.07	1470.86
950.148	1478
951.225	1440.27
952.302	1447.98
953.379	1429.4
954.456	1442.25
955.531	1429.38
956.608	1395.38
957.683	1421.65
958.758	1389.93
959.833	1381.35
960.908	1354.2
961.982	1352.76
963.056	1357.9
964.13	1350.75
965.203	1364.74
966.276	1354.73
967.349	1351.29
968.421	1345.57
969.493	1344.71
970.565	1360.13
971.636	1342.98
972.708	1346.4
973.779	1339.25
974.849	1321.81
975.92	1332.66
976.99	1347.51
978.06	1329.78
979.129	1359.49
980.198	1361.77
981.267	1346.05
982.336	1353.18
983.404	1368.89
984.471	1386.02
985.539	1375.44
986.606	1378.58
987.673	1382.85
988.739	1383.99
989.806	1411.7
990.872	1410.26
991.938	1404.25
993.003	1417.38
994.069	1433.38
995.133	1445.65
996.198	1472.79
997.262	1519.64
998.326	1535.63
999.39	1563.62
1000.45	1560.76
1001.52	1583.03
1002.58	1532.74
1003.64	1523.88
1004.7	1516.44
1005.77	1478.14
1006.83	1510.42
1007.89	1457.27
1008.95	1457.55
1010.01	1452.11
1011.07	1422.68
1012.13	1434.38
1013.19	1411.52
1014.25	1418.36
1015.31	1430.07
1016.37	1427.49
1017.42	1419.77
1018.48	1407.19
1019.54	1412.04
1020.6	1425.17
1021.65	1437.17
1022.71	1422.59
1023.77	1418.58
1024.82	1419.71
1025.88	1465.42
1026.94	1438.27
1027.99	1465.69
1029.05	1482.82
1030.1	1519.1
1031.16	1519.38
1032.21	1531.66
1033.26	1559.08
1034.32	1602.78
1035.37	1615.06
1036.42	1672.19
1037.48	1718.76
1038.53	1800.46
1039.58	1864.17
1040.63	1957.02
1041.68	2091.87
1042.74	2281.86
1043.79	2514.99
1044.84	2774.13
1045.89	3118.69
1046.94	3365.83
1047.99	3513.82
1049.04	3437.52
1050.09	3168.09
1051.13	2821.51
1052.18	2520.93
1053.23	2239.49
1054.28	2052.34
1055.33	1881.19
1056.37	1770.33
1057.42	1651.17
1058.47	1628.02
1059.51	1572.59
1060.56	1579.15
1061.6	1564.57
1062.65	1582.56
1063.7	1591.13
1064.74	1623.12
1065.78	1661.11
1066.83	1698.82
1067.87	1704.81
1068.92	1674.51
1069.96	1680.79
1071	1615.35
1072.04	1587.63
1073.09	1517.91
1074.13	1476.19
1075.17	1450.46
1076.21	1400.74
1077.25	1363.02
1078.29	1361.87
1079.34	1346.15
1080.38	1337.85
1081.42	1331.84
1082.45	1335.26
1083.49	1332.11
1084.53	1337.82
1085.57	1342.38
1086.61	1309.23
1087.65	1301.51
1088.69	1306.93
1089.72	1306.64
1090.76	1307.77
1091.8	1287.48
1092.84	1301.18
1093.87	1324.89
1094.91	1308.6
1095.94	1312.59
1096.98	1341.44
1098.01	1355.43
1099.05	1353.13
1100.08	1337.98
1101.12	1393.98
1102.15	1411.97
1103.19	1409.67
1104.22	1442.52
1105.25	1469.94
1106.29	1515.65
1107.32	1518.78
1108.35	1526.49
1109.38	1549.34
1110.41	1560.47
1111.44	1554.75
1112.48	1557.89
1113.51	1539.88
1114.54	1547.87
1115.57	1577
1116.6	1611.85
1117.63	1624.42
1118.65	1678.41
1119.68	1746.11
1120.71	1786.68
1121.74	1801.24
1122.77	1819.23
1123.8	1797.51
1124.82	1756.93
1125.85	1698.92
1126.88	1630.06
1127.9	1572.91
1128.93	1546.9
1129.96	1489.46
1130.98	1468.03
1132.01	1421.73
1133.03	1396.01
1134.06	1359.72
1135.08	1360.85
1136.11	1328.84
1137.13	1340.55
1138.15	1332.54
1139.18	1305.67
1140.2	1299.38
1141.22	1308.8
1142.24	1303.08
1143.27	1304.5
1144.29	1300.49
1145.31	1305.63
1146.33	1290.19
1147.35	1268.47
1148.37	1295.6
1149.39	1270.45
1150.41	1290.16
1151.43	1265.86
1152.45	1291.85
1153.47	1269.85
1154.49	1242.98
1155.51	1253.83
1156.53	1243.25
1157.54	1242.96
1158.56	1240.66
1159.58	1249.8
1160.59	1238.07
1161.61	1212.35
1162.63	1230.06
1163.64	1225.76
1164.66	1207.76
1165.68	1200.61
1166.69	1205.17
1167.71	1168.02
1168.72	1198.58
1169.73	1193.72
1170.75	1169.14
1171.76	1185.7
1172.78	1167.69
1173.79	1187.97
1174.8	1187.68
1175.81	1195.38
1176.83	1202.52
1177.84	1200.22
1178.85	1204.21
1179.86	1205.92
1180.87	1198.2
1181.88	1187.05
1182.89	1190.47
1183.9	1199.32
1184.91	1189.02
1185.92	1185.87
1186.93	1193.58
1187.94	1209.57
1188.95	1187.85
1189.96	1214.98
1190.97	1234.12
1191.97	1226.97
1192.98	1250.1
1193.99	1251.24
1195	1267.23
1196	1276.36
1197.01	1296.64
1198.01	1303.77
1199.02	1341.77
1200.03	1344.33
1201.03	1354.61
1202.04	1366.03
1203.04	1369.45
1204.04	1372.3
1205.05	1352.57
1206.05	1344.57
1207.06	1336.84
1208.06	1313.12
1209.06	1300.83
1210.06	1274.53
1211.07	1255.67
1212.07	1265.95
1213.07	1230.22
1214.07	1206.5
1215.07	1233.06
1216.07	1226.2
1217.07	1211.91
1218.07	1237.61
1219.07	1237.89
1220.07	1234.17
1221.07	1238.44
1222.07	1266.15
1223.07	1283.57
1224.07	1278.13
1225.07	1290.7
1226.06	1293.83
1227.06	1322.4
1228.06	1335.53
1229.06	1346.95
1230.05	1347.51
1231.05	1375.22
1232.04	1369.78
1233.04	1393.77
1234.04	1390.91
1235.03	1418.62
1236.03	1454.04
1237.02	1455.33
1238.01	1482.96
1239.01	1485.76
1240	1500.22
1241	1490.97
1241.99	1487.22
1242.98	1468.74
1243.97	1431.73
1244.97	1428.94
1245.96	1402.88
1246.95	1393.64
1247.94	1359.24
1248.93	1350.58
1249.92	1338.25
1250.91	1314.06
1251.9	1328.05
1252.89	1297.78
1253.88	1311.4
1254.87	1290.51
1255.86	1299.13
1256.85	1291.88
1257.84	1279.64
1258.83	1288.61
1259.81	1294.35
1260.8	1313.64
1261.79	1336
1262.78	1356.19
1263.76	1387.47
1264.75	1421.72
1265.73	1430.65
1266.72	1449.82
1267.71	1448.8
1268.69	1454.9
1269.68	1447.96
1270.66	1448.76
1271.65	1423.42
1272.63	1437.44
1273.61	1420.48
1274.6	1433.26
1275.58	1440.99
1276.56	1449.65
1277.55	1485.19
1278.53	1514.5
1279.51	1561.94
1280.49	1610.56
1281.47	1673.08
1282.45	1744.69
1283.43	1801.22
1284.42	1855.96
1285.4	1906.06
1286.38	1924.84
1287.35	1909.96
1288.33	1877.61
1289.06	1833.57
1290.08	1756.4
1291.1	1697.23
1292.12	1635.49
1293.14	1560.04
1294.16	1502.59
1295.17	1450.27
1296.19	1401.96
1297.21	1375.08
1298.23	1352.2
1299.25	1337.6
1300.27	1320.43
1301.28	1294.12
1302.3	1268.67
1303.32	1252.36
1304.33	1225.76
1305.35	1243.17
1306.37	1223.43
1307.38	1207.4
1308.4	1186.52
1309.41	1169.92
1310.43	1183.61
1311.44	1173.59
1312.46	1143.56
1313.47	1146.68
1314.49	1141.8
1315.5	1120.63
1316.51	1122.32
1317.53	1119.15
1318.54	1111.13
1319.55	1106.82
1320.57	1113.36
1321.58	1110.19
1322.59	1099.31
1323.6	1070.72
1324.61	1073.83
1325.63	1041.24
1326.64	1053.5
1327.65	1058.62
1328.66	1045.16
1329.67	1043.71
1330.68	1044.25
1331.69	1037.94
1332.7	1045.92
1333.71	1038.46
1334.72	1055.58
1335.72	1040.13
1336.73	1033.53
1337.74	1036.94
1338.75	1035.2
1339.76	1017.46
1340.76	1015.15
1341.77	1011.98
1342.78	1024.81
1343.79	1019.93
1344.79	1006.19
1345.8	1013.31
1346.8	1023.28
1347.81	1019.83
1348.82	992.946
1349.82	1030.64
1350.83	1016.04
1351.83	1009.73
1352.84	1012.27
1353.84	1011.39
1354.84	1019.65
1355.85	997.342
1356.85	1022.46
1357.85	1017.86
1358.86	1015.27
1359.86	1015.53
1360.86	1037.22
1361.86	1038.05
1362.87	1034.02
1363.87	1050.28
1364.87	1051.69
1365.87	1037.38
1366.87	1015.07
1367.87	1029.9
1368.87	1020.73
1369.87	1032.71
1370.87	1010.11
1371.87	1027.23
1372.87	1037.49
1373.87	1020.6
1374.87	1030.29
1375.87	1037.7
1376.87	1047.67
1377.86	1040.22
1378.86	1024.19
1379.86	1032.74
1380.86	1014.72
1381.85	1005.83
1382.85	1011.52
1383.85	991.211
1384.84	1019.76
1385.84	1008.88
1386.84	989.707
1387.83	998.825
1388.83	992.8
1389.82	984.489
1390.82	1009.04
1391.81	993.296
1392.81	1005.56
1393.8	1011.25
1394.79	1016.36
1395.79	1028.05
1396.78	1054.31
1397.77	1040
1398.77	1068.84
1399.76	1096.24
1400.75	1101.07
1401.74	1105.33
1402.74	1105.02
1403.73	1103.85
1404.72	1117.26
1405.71	1086.66
1406.7	1094.06
1407.69	1074.32
1408.68	1058.01
1409.67	1046.85
1410.66	1083.68
1411.65	1072.8
1412.64	1077.91
1413.63	1087.89
1414.62	1088.15
1415.61	1074.12
1416.59	1070.96
1417.58	1070.93
1418.57	1067.76
1419.56	1070.31
1420.55	1070.86
1421.53	1072.83
1422.52	1062.52
1423.51	1097.35
1424.49	1107.33
1425.48	1117.3
1426.46	1129.56
1427.45	1148.11
1428.43	1156.94
1429.42	1199.2
1430.4	1206.03
1431.39	1208.01
1432.37	1238.84
1433.36	1233.96
1434.34	1258.5
1435.32	1284.76
1436.31	1282.74
1437.29	1269.57
1438.27	1268.98
1439.26	1244.09
1440.24	1232.64
1441.22	1228.61
1442.2	1228.3
1443.18	1273.99
1444.16	1297.11
1445.14	1362.51
1446.12	1425.92
1447.11	1550.18
1448.09	1693.3
1449.07	1820.7
1450.05	1895.53
1451.02	1896.08
1452	1852.62
1452.98	1798.03
1453.96	1702.57
1454.94	1618.83
1455.92	1543.95
1456.9	1478.21
1457.87	1427.62
1458.85	1391.88
1459.83	1339.85
1460.81	1290.97
1461.78	1265.8
1462.76	1234.06
1463.73	1210.61
1464.71	1189.44
1465.69	1136.84
1466.66	1133.96
1467.64	1104.22
1468.61	1090.77
1469.59	1066.74
1470.56	1063.01
1471.54	1024.98
1472.51	1027.81
1473.48	1009.5
1474.46	991.191
1475.43	979.166
1476.4	953.712
1477.37	963.401
1478.35	928.519
1479.32	917.065
1480.29	922.469
1481.26	922.158
1482.23	900.705
1483.21	894.965
1484.18	901.512
1485.15	908.629
1486.12	906.319
1487.09	883.722
1488.06	901.411
1489.03	873.1
1490	877.647
1490.97	876.193
1491.93	883.025
1492.9	878.143
1493.87	879.547
1494.84	871.807
1495.81	860.639
1496.77	868.328
1497.74	844.875
1498.71	853.993
1499.68	868.253
1500.64	853.085
1501.61	854.775
1502.58	854.464
1503.54	832.724
1504.51	834.414
1505.47	826.674
1506.44	830.935
1507.4	843.196
1508.37	829.742
1509.33	834.288
1510.3	823.692
1511.26	816.238
1512.22	839.07
1513.19	844.759
1514.15	852.449
1515.11	841.566
1516.08	852.113
1517.04	848.659
1518	838.634
1518.96	830.895
1519.92	840.013
1520.88	819.702
1521.85	827.391
1522.81	824.795
1523.77	819.055
1524.73	830.744
1525.69	820.719
1526.65	809.551
1527.61	808.383
1528.57	805.216
1529.53	804.619
1530.48	802.594
1531.44	802.855
1532.4	807.401
1533.36	797.09
1534.32	785.637
1535.28	809.612
1536.23	810.444
1537.19	791.847
1538.15	795.822
1539.1	806.94
1540.06	794.629
1541.02	808.318
1541.97	810.007
1542.93	797.411
1543.88	795.1
1544.84	799.647
1545.79	795.05
1546.75	804.739
1547.7	797
1548.66	796.403
1549.61	788.664
1550.56	806.639
1551.52	797.471
1552.47	792.875
1553.42	799.707
1554.38	800.253
1555.33	792.799
1556.28	796.203
1557.23	796.464
1558.18	782.439
1559.14	800.128
1560.09	782.96
1561.04	785.22
1561.99	806.624
1562.94	780.313
1563.89	809.431
1564.84	793.12
1565.79	795.952
1566.74	800.784
1567.69	795.331
1568.64	779.306
1569.59	774.709
1570.53	776.684
1571.48	786.659
1572.43	784.348
1573.38	777.466
1574.33	776.87
1575.27	780.559
1576.22	761.391
1577.17	786.223
1578.11	780.484
1579.06	779.316
1580	789.862
1580.95	786.694
1581.9	779.526
1582.84	764.644
1583.79	767.762
1584.73	782.022
1585.67	760.854
1586.62	780.829
1587.56	769.376
1588.51	752.208
1589.45	760.754
1590.39	748.729
1591.34	755.847
1592.28	738.965
1593.22	739.797
1594.16	746.343
1595.11	752.032
1596.05	744.293
1596.99	732.839
1597.93	753.386
1598.87	735.075
1599.81	752.193
1600.75	742.168
1601.69	749.285
1602.63	755.546
1603.57	757.521
1604.51	751.21
1605.45	750.042
1606.39	760.874
1607.33	753.421
1608.27	751.396
1609.21	770.513
1610.14	763.631
1611.08	775.035
1612.02	756.438
1612.96	760.699
1613.89	752.388
1614.83	749.792
1615.77	750.052
1616.7	735.17
1617.64	732.859
1618.58	722.263
1619.51	727.952
1620.45	728.498
1621.38	711.902
1622.32	726.448
1623.25	730.423
1624.19	714.112
1625.12	720.087
1626.05	716.919
1626.99	706.894
1627.92	725.726
1628.85	741.987
1629.79	719.105
1630.72	728.794
1631.65	733.34
1632.58	718.744
1633.52	737.576
1634.45	719.265
1635.38	747.812
1636.31	744.358
1637.24	749.19
1638.17	753.451
1639.1	731.997
1640.03	738.543
1640.96	731.09
1641.89	745.636
1642.82	712.468
1643.75	708.157
1644.68	716.132
1645.61	711.536
1646.54	711.796
1647.46	703.486
1648.39	695.461
1649.32	694.578
1650.25	699.696
1651.17	686.528
1652.1	688.789
1653.03	689.907
1653.95	689.596
1654.88	680.428
1655.81	693.26
1656.73	690.664
1657.66	674.067
1658.58	686.328
1659.51	669.446
1660.43	668.563
1661.36	680.824
1662.28	671.37
1663.21	661.06
1664.13	684.749
1665.05	674.152
1665.98	682.413
1666.9	672.388
1667.82	674.648
1668.74	668.052
1669.67	662.884
1670.59	669.145
1671.51	665.405
1672.43	672.523
1673.35	673.355
1674.27	658.473
1675.19	663.591
1676.12	671.28
1677.04	664.683
1677.96	669.516
1678.88	655.776
1679.79	661.465
1680.71	664.298
1681.63	658.273
1682.55	650.247
1683.47	652.222
1684.39	657.911
1685.31	668.172
1686.23	644.719
1687.14	650.408
1688.06	665.24
1688.98	666.358
1689.89	659.761
1690.81	659.736
1691.73	653.997
1692.64	659.972
1693.56	667.375
1694.48	648.779
1695.39	656.754
1696.31	653.871
1697.22	662.132
1698.14	657.821
1699.05	651.796
1699.96	651.485
1700.88	654.603
1701.79	661.15
1702.7	640.267
1703.62	655.099
1704.53	651.931
1705.44	659.621
1706.36	661.024
1707.27	662.713
1708.18	660.117
1709.09	663.806
1710	656.067
1710.92	652.327
1711.83	658.017
1712.74	656.563
1713.65	644.824
1714.56	657.656
1715.47	665.631
1716.38	677.891
1717.29	682.438
1718.2	688.984
1719.11	702.388
1720.01	696.362
1720.92	716.623
1721.83	695.741
1722.74	709.716
1723.65	723.405
1724.56	734.523
1725.46	762.212
1726.37	777.33
1727.28	813.876
1728.18	860.708
1729.09	909.54
1730	967.801
1730.9	1036.92
1731.81	1066.61
1732.71	1066.58
1733.62	1038.84
1734.52	1027.1
1735.43	964.794
1736.33	949.911
1737.24	930.172
1738.14	923.004
1739.04	920.693
1739.95	896.382
1740.85	892.357
1741.75	875.189
1742.66	883.164
1743.56	867.711
1744.46	845.686
1745.36	858.232
1746.26	858.207
1747.17	830.182
1748.07	839.585
1748.97	818.132
1749.87	807.821
1750.77	796.082
1751.67	789.485
1752.57	774.603
1753.47	768.292
1754.37	761.981
1755.27	751.099
1756.17	745.074
1757.07	724.763
1757.97	723.31
1758.86	704.999
1759.76	705.26
1760.66	682.092
1761.56	691.495
1762.45	669.47
1763.35	672.016
1764.25	651.706
1765.15	657.966
1766.04	636.798
1766.94	642.202
1767.83	640.748
1768.73	619.866
1769.63	625.27
1770.52	595.53
1771.42	618.934
1772.31	610.909
1773.2	606.598
1774.1	596.858
1774.99	593.69
1775.89	591.38
1776.78	585.355
1777.67	597.901
1778.57	579.59
1779.46	586.994
1780.35	587.254
1781.24	576.086
1782.14	585.49
1783.03	583.751
1783.92	576.868
1784.81	566.272
1785.7	572.247
1786.59	570.222
1787.48	566.768
1788.37	568.457
1789.26	579.861
1790.15	563.264
1791.04	561.811
1791.93	555.214
1792.82	560.046
1793.71	569.45
1794.6	553.996
1795.49	566.257
1796.38	567.946
1797.26	563.064
1798.15	562.467
1799.04	549.871
1799.93	559.846
1800.81	551.535
1801.7	554.653
1802.59	562.628
1803.47	556.031
1804.36	551.435
1805.24	541.124
1806.13	551.956
1807.02	548.502
1807.9	542.477
1808.79	530.167
1809.67	536.427
1810.55	540.974
1811.44	554.377
1812.32	548.638
1813.21	548.327
1814.09	536.302
1814.97	547.705
1815.86	530.823
1816.74	543.37
1817.62	546.202
1818.5	538.462
1819.38	542.151
1820.27	536.412
1821.15	540.958
1822.03	524.933
1822.91	523.765
1823.79	533.74
1824.67	530.001
1825.55	529.405
1826.43	527.38
1827.31	520.211
1828.19	526.758
1829.07	521.019
1829.95	516.993
1830.83	511.54
1831.71	518.372
1832.58	527.204
1833.46	526.893
1834.34	521.44
1835.22	516.557
1836.1	522.532
1836.97	521.079
1837.85	521.911
1838.73	519.029
1839.6	510.432
1840.48	520.978
1841.35	512.668
1842.23	516.071
1843.11	518.617
1843.98	511.45
1844.86	505.71
1845.73	503.114
1846.6	493.946
1847.48	509.921
1848.35	511.896
1849.23	499.299
1850.1	509.274
1850.97	495.249
1851.85	499.795
1852.72	508.056
1853.59	490.888
1854.46	496.292
1855.34	506.552
1856.21	502.813
1857.08	501.359
1857.95	499.334
1858.82	500.166
1859.69	500.713
1860.56	507.83
1861.43	490.377
1862.3	485.495
1863.17	499.469
1864.04	497.444
1864.91	499.419
1865.78	490.251
1866.65	479.941
1867.52	503.344
1868.39	482.748
1869.26	490.437
1870.13	497.84
1870.99	484.958
1871.86	493.79
1872.73	489.194
1873.59	490.312
1874.46	486.858
1875.33	488.833
1876.19	490.808
1877.06	483.068
1877.93	495.329
1878.79	478.733
1879.66	481.85
1880.52	482.397
1881.39	474.943
1882.25	484.061
1883.12	471.179
1883.98	479.439
1884.84	473.986
1885.71	471.389
1886.57	483.078
1887.43	479.053
1888.3	471.6
1889.16	471.575
1890.02	471.835
1890.89	476.953
1891.75	461.785
1892.61	468.903
1893.47	468.592
1894.33	465.424
1895.19	470.828
1896.05	466.231
1896.91	474.492
1897.78	463.038
1898.64	469.299
1899.5	455.56
1900.35	474.963
1901.21	457.509
1902.07	454.627
1902.93	460.316
1903.79	472.291
1904.65	455.123
1905.51	460.527
1906.37	453.073
1907.22	449.048
1908.08	459.595
1908.94	467.57
1909.8	467.259
1910.65	446.662
1911.51	449.78
1912.36	457.755
1913.22	458.016
1914.08	447.991
1914.93	449.965
1915.79	453.94
1916.64	456.487
1917.5	453.319
1918.35	445.579
1919.21	449.84
1920.06	448.958
1920.92	445.219
1921.77	439.479
1922.62	441.74
1923.48	444.572
1924.33	444.833
1925.18	447.093
1926.03	447.068
1926.89	440.757
1927.74	445.018
1928.59	429.85
1929.44	434.682
1930.29	425.514
1931.14	456.918
1932	443.464
1932.85	425.439
1933.7	419.985
1934.55	425.389
1935.4	436.507
1936.25	427.339
1937.1	424.742
1937.94	437.289
1938.79	431.835
1939.64	432.953
1940.49	434.928
1941.34	430.046
1942.19	413.735
1943.04	433.995
1943.88	429.399
1944.73	417.66
1945.58	416.492
1946.42	420.467
1947.27	426.441
1948.12	426.988
1948.96	431.249
1949.81	418.081
1950.65	418.056
1951.5	421.459
1952.34	410.005
1953.19	409.123
1954.03	419.384
1954.88	411.359
1955.72	418.762
1956.57	415.023
1957.41	412.141
1958.25	409.544
1959.1	402.948
1959.94	413.208
1960.78	409.183
1961.63	409.73
1962.47	422.276
1963.31	395.68
1964.15	415.94
1964.99	398.487
1965.84	413.89
1966.68	403.579
1967.52	407.554
1968.36	407.529
1969.2	400.361
1970.04	398.336
1970.88	396.311
1971.72	399.429
1972.56	409.975
1973.4	405.664
1974.24	389.068
1975.08	399.043
1975.91	391.303
1976.75	395.278
1977.59	402.682
1978.43	409.514
1979.27	407.489
1980.1	391.464
1980.94	396.582
1981.78	404.842
1982.62	390.532
1983.45	391.078
1984.29	399.624
1985.12	385.599
1985.96	392.717
1986.79	400.406
1987.63	375.81
1988.46	386.356
1989.3	392.902
1990.13	383.449
1990.97	392.281
1991.8	391.97
1992.64	399.088
1993.47	383.634
1994.3	389.038
1995.14	386.441
1995.97	387.845
1996.8	387.248
1997.64	379.795
1998.47	388.912
1999.3	378.887
2000.13	387.434
2000.96	385.123
2001.79	392.241
2002.63	395.358
2003.46	390.762
2004.29	386.165
2005.12	384.14
2005.95	388.972
2006.78	371.233
2007.61	381.208
2008.44	385.469
2009.27	371.158
2010.09	375.419
2010.92	371.393
2011.75	382.226
2012.58	362.772
2013.41	373.033
2014.24	378.436
2015.06	364.125
2015.89	369.815
2016.72	364.075
2017.54	375.479
2018.37	371.454
2019.2	379.429
2020.02	367.975
2020.85	365.664
2021.68	358.21
2022.5	365.9
2023.33	372.732
2024.15	357.278
2024.98	369.825
2025.8	362.942
2026.62	348.06
2027.45	360.606
2028.27	364.296
2029.1	366.842
2029.92	365.388
2030.74	349.935
2031.56	356.767
2032.39	355.885
2033.21	351.574
2034.03	349.263
2034.85	350.381
2035.68	352.07
2036.5	344.331
2037.32	348.877
2038.14	343.709
2038.96	353.684
2039.78	356.23
2040.6	352.491
2041.42	364.18
2042.24	345.584
2043.06	346.416
2043.88	344.962
2044.7	339.509
2045.52	346.341
2046.34	345.173
2047.16	338.576
2047.97	344.837
2048.79	349.383
2049.61	340.501
2050.43	340.476
2051.24	341.308
2052.06	332.426
2052.88	337.829
2053.69	347.519
2054.51	343.779
2055.33	348.611
2056.14	339.729
2056.96	350.275
2057.77	341.108
2058.59	336.225
2059.4	323.915
2060.22	326.175
2061.03	343.007
2061.85	332.125
2062.66	328.386
2063.48	332.646
2064.29	335.193
2065.1	333.739
2065.92	330.571
2066.73	342.546
2067.54	335.664
2068.35	338.21
2069.17	334.185
2069.98	325.303
2070.79	330.706
2071.6	331.824
2072.41	343.228
2073.22	339.488
2074.03	335.463
2074.84	337.153
2075.65	329.413
2076.46	331.102
2077.27	327.363
2078.08	329.052
2078.89	331.313
2079.7	324.145
2080.51	330.977
2081.32	339.809
2082.13	325.498
2082.94	327.188
2083.74	330.02
2084.55	328.28
2085.36	326.255
2086.17	318.516
2086.97	325.062
2087.78	322.466
2088.59	317.012
2089.39	323.844
2090.2	319.248
2091.01	319.508
2091.81	323.198
2092.62	320.03
2093.42	324.576
2094.23	318.837
2095.03	321.097
2095.84	315.358
2096.64	319.619
2097.45	315.594
2098.25	305.283
2099.05	309.258
2099.86	314.09
