150.31	2262.71
151.606	2240.43
152.902	2233.86
154.198	2269.57
155.492	2217.86
156.787	2197
158.081	2221.57
159.376	2187
160.669	2186.71
161.962	2217.29
163.256	2207.86
164.548	2206.43
165.841	2191.57
167.133	2221.29
168.424	2237
169.715	2230.14
171.006	2225
172.297	2207.86
173.587	2232.43
174.877	2226.43
176.166	2233
177.456	2222.43
178.745	2195.57
180.033	2226.14
181.321	2218.43
182.609	2187.57
183.897	2208.71
185.184	2238.14
186.471	2235.57
187.757	2248.71
189.044	2272.71
190.33	2275.29
191.615	2286.71
192.9	2245
194.185	2232.71
195.469	2205.29
196.753	2184.71
198.037	2164.14
199.321	2188.71
200.604	2139.57
201.887	2143.86
203.17	2118.14
204.451	2144.71
205.733	2115.86
207.014	2134.43
208.296	2140.14
209.576	2133
210.856	2140.71
212.137	2127.29
213.417	2150.43
214.696	2167.57
215.975	2170.14
217.253	2193
218.532	2211.57
219.81	2198.71
221.088	2198.43
222.365	2203
223.642	2230.71
224.919	2272.43
226.195	2307.57
227.471	2321.29
228.747	2365.24
230.022	2370.91
231.297	2416.87
232.572	2399.97
233.846	2391.07
235.12	2428.74
236.394	2396.13
237.667	2422.08
238.94	2451.18
240.213	2487.14
241.485	2522.24
242.757	2504.48
244.029	2589.87
245.3	2588.97
246.571	2632.92
247.842	2698.02
249.112	2757.98
250.381	2811.65
251.651	2906.18
252.921	2954.99
254.189	3045.24
255.457	3179.48
256.726	3252.86
257.994	3364.82
259.261	3456.78
260.529	3586.45
261.796	3736.98
263.062	3849.22
264.329	3979.18
265.595	4043.7
266.86	4111.66
268.125	4133.9
269.39	4015.29
270.655	3904.96
271.919	3677.77
273.182	3476.02
274.446	3271.69
275.71	3075.07
276.973	2907.03
278.234	2743.27
279.497	2626.09
280.759	2517.19
282.021	2436.29
283.281	2381.96
284.543	2322.77
285.803	2279.87
287.063	2230.4
288.322	2193.5
289.583	2154.31
290.842	2171.98
292.101	2150.8
293.358	2154.75
294.617	2179
295.875	2142.1
297.133	2191.77
298.389	2185.44
299.647	2168.82
300.903	2178.78
302.159	2197.31
303.415	2224.12
304.67	2222.94
305.925	2226.04
307.18	2231.42
308.435	2255.66
309.689	2206.76
310.943	2195.01
312.196	2175.53
313.45	2158.63
314.702	2168.88
315.954	2165.12
317.207	2167.36
318.459	2160.18
319.71	2153.28
320.961	2116.38
322.212	2070.9
323.463	2012.29
324.712	1975.39
325.962	1953.63
327.211	1919.02
328.461	1900.4
329.71	1858.36
330.958	1855.17
332.207	1847.99
333.454	1810.23
334.702	1840.19
335.949	1819
337.196	1819.81
338.442	1811.2
339.688	1794.87
340.933	1803.97
342.179	1797.64
343.424	1793.88
344.67	1793.84
345.914	1802.94
347.158	1806.61
348.402	1797.43
349.645	1801.67
350.888	1823.91
352.131	1824.72
353.373	1817.54
354.616	1814.64
355.857	1800.31
357.099	1788.27
358.34	1790.79
359.58	1808.18
360.821	1794.42
362.061	1806.95
363.301	1790.05
364.54	1790.58
365.78	1801.39
367.019	1799.63
368.257	1812.16
369.495	1816.12
370.733	1848.36
371.97	1824.32
373.208	1821.42
374.444	1805.95
375.681	1775.9
376.917	1765.29
378.153	1745.82
379.389	1724.35
380.623	1723.73
381.858	1686.83
383.092	1715.64
384.327	1714.74
385.561	1734.42
386.794	1708.37
388.027	1724.9
389.26	1711.14
390.492	1718.53
391.724	1720.77
392.956	1728.16
394.188	1729.54
395.419	1764.93
396.65	1768.31
397.88	1775.13
399.11	1768.51
400.341	1756.18
401.57	1758.71
402.799	1789.81
404.028	1764.62
405.257	1785.44
406.484	1821.4
407.712	1807.35
408.94	1799.59
410.167	1789.55
411.394	1800.37
412.621	1778.61
413.847	1779.99
415.073	1777.38
416.298	1761.91
417.523	1775.58
418.749	1757.25
419.973	1777.49
421.197	1761.16
422.421	1757.98
423.644	1745.08
424.867	1751.32
426.091	1752.42
427.313	1765.23
428.536	1780.9
429.757	1769.43
430.979	1763.67
432.201	1749.63
433.421	1781.3
434.642	1772.12
435.862	1779.22
437.082	1801.17
438.301	1821.42
439.52	1798.23
440.739	1839.33
441.958	1851
443.176	1928.67
444.394	1955.2
445.612	2065.16
446.83	2132.54
448.046	2264.21
449.263	2460.46
450.479	2658.41
451.695	2844.94
452.911	2970.9
454.126	2979.71
455.341	2928.81
456.556	2735.91
457.77	2587.01
458.985	2385.82
460.198	2262.92
461.411	2148.88
462.624	2064.27
463.837	2032.79
465.05	1977.04
466.262	1954.42
467.473	1920.95
468.685	1887.19
469.896	1890.01
471.106	1873.96
472.317	1857.35
473.527	1823.31
474.737	1815.83
475.946	1824.93
477.155	1803.75
478.364	1819.42
479.573	1863.95
480.781	1904.19
481.988	1929.86
483.195	1935.82
484.403	1922.35
485.609	1850.59
486.816	1774.26
488.022	1722.22
489.227	1688.17
490.434	1678.13
491.639	1650.94
492.844	1659.19
494.048	1644.29
495.252	1641.39
496.456	1641.63
497.66	1649.87
498.863	1650.4
500.065	1645.21
501.268	1634.31
502.47	1631.13
503.672	1650.8
504.874	1629.04
506.075	1659.85
507.275	1634.1
508.476	1676.34
509.677	1662.58
510.876	1687.68
512.076	1674.21
513.275	1681.31
514.474	1690.98
515.673	1646.08
516.871	1660.61
518.069	1641.14
519.267	1642.81
520.464	1637.62
521.661	1629.01
522.857	1662.96
524.054	1655.49
525.25	1636.59
526.445	1642.26
527.641	1631.08
528.836	1648.18
530.031	1678.99
531.225	1692.09
532.42	1694.62
533.613	1690.57
534.807	1700.82
536	1713.92
537.192	1741.3
538.384	1752.12
539.576	1778.07
540.768	1806.6
541.96	1855.42
543.151	1912.51
544.342	1939.9
545.532	2044.71
546.723	2098.39
547.912	2216.34
549.102	2323.16
550.291	2465.97
551.479	2637.64
552.668	2807.03
553.856	2912.98
555.045	2979.23
556.232	2934.33
557.419	2845.71
558.606	2706.81
559.793	2582.2
560.979	2445.3
562.165	2307.25
563.35	2170.92
564.536	2083.74
565.721	2017.69
566.906	1947.37
568.09	1903.04
569.274	1875.56
570.457	1866.09
571.64	1881.48
572.824	1897.72
574.007	1922.82
575.189	1951.63
576.37	2055.31
577.552	2170.12
578.734	2286.08
579.915	2423.18
581.096	2404.85
582.276	2370.52
583.456	2262.48
584.636	2183.86
585.816	2130.1
586.995	2027.49
588.173	1964.02
589.352	1914.26
590.53	1869.36
591.708	1811.6
592.886	1786.7
594.063	1748.94
595.239	1719.47
596.416	1728
597.592	1697.67
598.768	1695.91
599.944	1662.44
601.119	1678.97
602.294	1658.07
603.469	1647.17
604.643	1627.98
605.817	1611.37
606.99	1621.9
608.163	1581
609.336	1582.1
610.509	1596.05
611.682	1579.72
612.853	1586.54
614.026	1572.49
615.197	1585.59
616.368	1572.98
617.539	1568.65
618.709	1535.47
619.879	1550.85
621.049	1560.81
622.218	1543.05
623.388	1562.72
624.557	1557.53
625.725	1560.06
626.893	1530.59
628.061	1537.12
629.229	1524.79
630.396	1494.75
631.563	1504.7
632.729	1512.09
633.895	1503.76
635.062	1500.29
636.227	1526.53
637.392	1501.35
638.557	1523.87
639.722	1519.54
640.886	1522.36
642.05	1507.46
643.214	1503.99
644.377	1469.66
645.54	1511.04
646.703	1483.86
647.865	1486.1
649.027	1476.91
650.189	1490.58
651.35	1483.97
652.511	1488.78
653.672	1489.88
654.833	1493.84
655.993	1506.08
657.153	1491.75
658.312	1513.14
659.472	1491.1
660.631	1495.91
661.789	1483.01
662.947	1476.97
664.105	1505.78
665.262	1494.88
666.42	1495.41
667.576	1495.37
668.734	1486.75
669.89	1496.14
671.046	1489.81
672.201	1493.48
673.357	1486.29
674.512	1469.96
675.667	1487.35
676.821	1479.59
677.975	1474.69
679.129	1467.79
680.282	1454.89
681.435	1456.85
682.588	1465.09
683.741	1457.62
684.893	1441.57
686.045	1459.53
687.196	1439.49
688.347	1462.02
689.498	1469.12
690.649	1445.93
691.799	1468.46
692.949	1461.84
694.099	1444.09
695.248	1451.76
696.396	1454
697.545	1481.1
698.694	1484.49
699.842	1459.87
700.989	1473.83
702.137	1472.07
703.284	1487.74
704.43	1469.41
705.577	1492.51
706.723	1500.75
707.869	1495.85
709.014	1484.38
710.159	1508.91
711.305	1492.3
712.449	1500.82
713.593	1504.49
714.737	1533.31
715.881	1524.41
717.024	1544.94
718.167	1584.04
719.309	1607.71
720.452	1597.66
721.594	1600.19
722.735	1578.44
723.876	1558.39
725.018	1571.78
726.158	1523.16
727.299	1527.69
728.439	1499.08
729.579	1473.03
730.718	1445.56
731.857	1453.52
732.996	1441.48
734.134	1416.57
735.273	1424.25
736.411	1422.77
737.548	1427.02
738.685	1403.54
739.823	1407.79
740.959	1391.17
742.095	1389.7
743.231	1395.09
744.367	1411.9
745.502	1376.43
746.637	1376.67
747.771	1345.77
748.906	1376.87
750.04	1372.26
751.173	1354.78
752.308	1362.74
753.441	1394.41
754.574	1358.37
755.705	1340.61
756.838	1359.43
757.97	1349.95
759.101	1386.77
760.232	1368.72
761.364	1354.68
762.494	1356.64
763.624	1345.74
764.754	1343.69
765.883	1354.22
767.013	1328.18
768.143	1354.99
769.271	1352.38
770.399	1360.34
771.527	1341.72
772.655	1380.25
773.782	1352.21
774.909	1369.59
776.036	1357.83
777.162	1354.93
778.289	1348.89
779.415	1364.56
780.54	1380.8
781.666	1385.62
782.791	1385.57
783.915	1391.53
785.039	1378.92
786.163	1388.02
787.287	1377.12
788.411	1359.93
789.533	1382.74
790.656	1370.13
791.778	1371.8
792.9	1364.04
794.022	1361.71
795.144	1357.1
796.265	1363.91
797.386	1378.44
798.506	1368.4
799.626	1362.64
800.746	1400.6
801.866	1387.13
802.985	1393.37
804.104	1386.75
805.223	1399.85
806.341	1402.38
807.459	1401.48
808.577	1417.15
809.694	1417.4
810.811	1449.07
811.928	1441.88
813.044	1463.84
814.16	1452.37
815.277	1450.04
816.392	1461.71
817.507	1448.24
818.622	1456.19
819.737	1471.29
820.851	1475.53
821.964	1490.06
823.078	1503.45
824.192	1529.69
825.304	1546.5
826.417	1575.6
827.53	1582.42
828.642	1593.8
829.754	1607.19
830.865	1624.86
831.976	1664.82
833.087	1679.35
834.197	1716.16
835.308	1733.83
836.417	1778.07
837.527	1796.03
838.636	1846.27
839.745	1884.51
840.854	1925.9
841.962	1937.86
843.07	1984.1
844.177	2041.77
845.284	2117.44
846.392	2178.26
847.499	2225.07
848.605	2281.31
849.711	2281.55
850.817	2258.37
851.922	2219.75
853.028	2196.57
854.132	2205.67
855.237	2206.77
856.341	2288.15
857.445	2387.54
858.549	2541.78
859.653	2697.17
860.755	2880.55
861.858	3225.08
862.96	3657.32
864.062	4208.99
865.164	4984.38
866.266	5954.33
867.367	6874.58
868.468	7563.96
869.568	7770.49
870.669	7480.73
871.768	6835.83
872.868	5993.22
873.967	5236.89
875.066	4547.99
876.165	3979.38
877.263	3511.33
878.361	3125.57
879.458	2794.1
880.557	2531.77
881.653	2324.87
882.75	2171.4
883.847	2068.5
884.943	1948.17
886.038	1878.7
887.134	1840.37
888.229	1758.61
889.325	1709.71
890.419	1716.24
891.513	1671.63
892.607	1630.44
893.701	1644.68
894.794	1598.64
895.888	1592.88
896.98	1579.41
898.073	1557.08
899.165	1549.61
900.257	1554.43
901.349	1553.24
902.44	1539.77
903.53	1536.58
904.621	1566.82
905.711	1555.64
906.802	1554.74
907.891	1574.12
908.981	1582.37
910.07	1600.32
911.158	1579.42
912.247	1626.52
913.335	1629.05
914.423	1652.44
915.51	1688.39
916.597	1699.78
917.684	1692.88
918.771	1755.69
919.857	1818.51
920.943	1869.32
922.029	1951.56
923.114	2028.66
924.199	2143.76
925.284	2250.29
926.368	2342.53
927.453	2422.77
928.537	2462.73
929.62	2407.26
930.703	2364.93
931.786	2221.74
932.868	2114.84
933.95	1969.94
935.032	1866.47
936.114	1769.29
937.196	1713.24
938.277	1620.06
939.357	1588.87
940.438	1548.26
941.518	1528.5
942.598	1483.88
943.678	1447.84
944.756	1436.37
945.835	1435.18
946.914	1409.43
947.992	1407.1
949.07	1382.48
950.148	1374.15
951.225	1366.4
952.302	1363.49
953.379	1317.17
954.456	1340.84
955.531	1317.65
956.608	1299.89
957.683	1299.85
958.758	1289.24
959.833	1296.62
960.908	1290.01
961.982	1257.68
963.056	1272.21
964.13	1259.31
965.203	1253.83
966.276	1257.22
967.349	1256.6
968.421	1242.28
969.493	1240.23
970.565	1242.19
971.636	1253.86
972.708	1246.96
973.779	1238.06
974.849	1242.87
975.92	1256.26
976.99	1241.93
978.06	1250.17
979.129	1265.84
980.198	1268.94
981.267	1243.76
982.336	1263.71
983.404	1263.1
984.471	1291.63
985.539	1289.58
986.606	1280.97
987.673	1288.36
988.739	1295.17
989.806	1293.13
990.872	1283.37
991.938	1302.18
993.003	1324.14
994.069	1332.1
995.133	1348.62
996.198	1370.3
997.262	1405.11
998.326	1420.21
999.39	1459.31
1000.45	1462.12
1001.52	1471.22
1002.58	1442.61
1003.64	1443.14
1004.7	1428.52
1005.77	1391.91
1006.83	1394.44
1007.89	1381.53
1008.95	1365.21
1010.01	1350.02
1011.07	1349.41
1012.13	1335.36
1013.19	1325.89
1014.25	1312.99
1015.31	1310.38
1016.37	1318.33
1017.42	1313.15
1018.48	1299.67
1019.54	1322.49
1020.6	1316.16
1021.65	1313.26
1022.71	1305.5
1023.77	1312.32
1024.82	1329.13
1025.88	1350.23
1026.94	1383.33
1027.99	1360.43
1029.05	1388.1
1030.1	1390.06
1031.16	1425.44
1032.21	1439.68
1033.26	1460.78
1034.32	1485.31
1035.37	1513.27
1036.42	1561.23
1037.48	1612.04
1038.53	1638.85
1039.58	1727.95
1040.63	1787.62
1041.68	1973.87
1042.74	2118.68
1043.79	2299.78
1044.84	2574.59
1045.89	2904.55
1046.94	3136.79
1047.99	3312.47
1049.04	3244.99
1050.09	3108.38
1051.13	2793.76
1052.18	2458.58
1053.23	2179.39
1054.28	1971.35
1055.33	1777.88
1056.37	1673.83
1057.42	1577.51
1058.47	1514.89
1059.51	1501.7
1060.56	1462.23
1061.6	1451.05
1062.65	1459.57
1063.7	1486.39
1064.74	1512.06
1065.78	1527.73
1066.83	1601.12
1067.87	1563.36
1068.92	1581.03
1069.96	1550.13
1071	1518.94
1072.04	1484.61
1073.09	1409.43
1074.13	1361.39
1075.17	1306.2
1076.21	1295.3
1077.25	1280.4
1078.29	1281.78
1079.34	1246.6
1080.38	1241.13
1081.42	1243.94
1082.45	1231.04
1083.49	1222.71
1084.53	1223.81
1085.57	1230.91
1086.61	1236.3
1087.65	1221.68
1088.69	1207.07
1089.72	1224.17
1090.76	1222.98
1091.8	1204.37
1092.84	1218.04
1093.87	1226.28
1094.91	1237.38
1095.94	1233.05
1096.98	1223.01
1098.01	1253.25
1099.05	1250.63
1100.08	1280.59
1101.12	1275.41
1102.15	1316.22
1103.19	1337.32
1104.22	1322.42
1105.25	1365.52
1106.29	1395.76
1107.32	1410.29
1108.35	1441.96
1109.38	1457.92
1110.41	1465.87
1111.44	1468.69
1112.48	1466.07
1113.51	1447.74
1114.54	1445.99
1115.57	1474.51
1116.6	1502.47
1117.63	1524.71
1118.65	1579.53
1119.68	1627.48
1120.71	1682.87
1121.74	1715.4
1122.77	1709.36
1123.8	1685.03
1124.82	1643.84
1125.85	1599.23
1126.88	1545.47
1127.9	1499.71
1128.93	1438.81
1129.96	1402.2
1130.98	1360.72
1132.01	1327.25
1133.03	1322.35
1134.06	1275.74
1135.08	1259.98
1136.11	1253.37
1137.13	1237.04
1138.15	1239.56
1139.18	1230.66
1140.2	1220.91
1141.22	1215.15
1142.24	1205.96
1143.27	1209.06
1144.29	1197.59
1145.31	1185.83
1146.33	1208.65
1147.35	1197.75
1148.37	1184.85
1149.39	1173.09
1150.41	1174.76
1151.43	1184.15
1152.45	1182.96
1153.47	1170.63
1154.49	1187.73
1155.51	1165.97
1156.53	1165.36
1157.54	1157.89
1158.56	1165.84
1159.58	1149.8
1160.59	1149.47
1161.61	1130.57
1162.63	1144.81
1163.64	1146.77
1164.66	1108.44
1165.68	1119.54
1166.69	1102.36
1167.71	1098.03
1168.72	1101.41
1169.73	1101.37
1170.75	1107.04
1171.76	1092.14
1172.78	1107.52
1173.79	1098.91
1174.8	1097.72
1175.81	1089.97
1176.83	1118.78
1177.84	1104.17
1178.85	1102.41
1179.86	1108.08
1180.87	1091.75
1181.88	1110.56
1182.89	1102.81
1183.9	1117.62
1184.91	1092.15
1185.92	1108.39
1186.93	1118.35
1187.94	1111.45
1188.95	1111.12
1189.96	1135.08
1190.97	1141.32
1191.97	1156.42
1192.98	1162.38
1193.99	1172.33
1195	1184
1196	1194.53
1197.01	1216.49
1198.01	1224.16
1199.02	1260.4
1200.03	1258.64
1201.03	1272.89
1202.04	1265.99
1203.04	1275.66
1204.04	1269.33
1205.05	1286.14
1206.05	1265.53
1207.06	1248.63
1208.06	1230.87
1209.06	1217.11
1210.06	1189.64
1211.07	1171.31
1212.07	1155.27
1213.07	1155.23
1214.07	1145.75
1215.07	1140.85
1216.07	1125.38
1217.07	1150.77
1218.07	1139.01
1219.07	1136.68
1220.07	1149.21
1221.07	1162.02
1222.07	1172.55
1223.07	1152.79
1224.07	1174.75
1225.07	1182.42
1226.06	1195.24
1227.06	1182.05
1228.06	1226.58
1229.06	1233.68
1230.05	1232.49
1231.05	1271.59
1232.04	1272.69
1233.04	1264.08
1234.04	1274.32
1235.03	1305.7
1236.03	1317.38
1237.02	1328.5
1238.01	1355.3
1239.01	1364.43
1240	1359.02
1241	1365.2
1241.99	1365.96
1242.98	1339.37
1243.97	1323.24
1244.97	1311.89
1245.96	1275.91
1246.95	1266.03
1247.94	1259.68
1248.93	1224.98
1249.92	1216.71
1250.91	1215.72
1251.9	1194.76
1252.89	1206.41
1253.88	1198.88
1254.87	1192.68
1255.86	1182.2
1256.85	1171.83
1257.84	1180.68
1258.83	1182.22
1259.81	1190.25
1260.8	1201.02
1261.79	1220.69
1262.78	1242.19
1263.76	1271.18
1264.75	1304.36
1265.73	1331.4
1266.72	1343.86
1267.71	1346.94
1268.69	1352.89
1269.68	1353.15
1270.66	1348.21
1271.65	1316.85
1272.63	1318.82
1273.61	1315.81
1274.6	1327.82
1275.58	1327.28
1276.56	1339.13
1277.55	1353.35
1278.53	1385.73
1279.51	1425.3
1280.49	1471.24
1281.47	1543
1282.45	1608.29
1283.43	1668.72
1284.42	1715.88
1285.4	1750.85
1286.38	1770.13
1287.35	1761.3
1288.33	1737.28
1289.06	1714.63
1290.08	1639.97
1291.1	1604.45
1292.12	1511.51
1293.14	1447.99
1294.16	1391.91
1295.17	1350.68
1296.19	1319.45
1297.21	1275.93
1298.23	1248.7
1299.25	1220.9
1300.27	1214.24
1301.28	1188.73
1302.3	1180.64
1303.32	1164.27
1304.33	1145.89
1305.35	1124.38
1306.37	1116.86
1307.38	1102.2
1308.4	1105.83
1309.41	1092.6
1310.43	1082.23
1311.44	1061.29
1312.46	1063.77
1313.47	1046.25
1314.49	1038.74
1315.5	1048.08
1316.51	1013.42
1317.53	1015.62
1318.54	1021.53
1319.55	1010.02
1320.57	1000.5
1321.58	996.131
1322.59	1000.9
1323.6	978.529
1324.61	974.156
1325.63	980.926
1326.64	969.982
1327.65	965.038
1328.66	966.094
1329.67	963.721
1330.68	947.92
1331.69	956.691
1332.7	952.889
1333.71	956.231
1334.72	944.43
1335.72	952.914
1336.73	948.256
1337.74	945.884
1338.75	934.654
1339.76	917.996
1340.76	932.48
1341.77	916.965
1342.78	926.306
1343.79	931.362
1344.79	925.276
1345.8	943.189
1346.8	916.53
1347.81	933.872
1348.82	923.785
1349.82	925.698
1350.83	922.183
1351.83	932.382
1352.84	915.723
1353.84	925.636
1354.84	920.978
1355.85	928.034
1356.85	928.804
1357.85	936.718
1358.86	956.059
1359.86	920.544
1360.86	953.885
1361.86	960.656
1362.87	945.426
1363.87	946.196
1364.87	971.538
1365.87	944.308
1366.87	948.507
1367.87	964.992
1368.87	948.619
1369.87	937.104
1370.87	948.731
1371.87	943.216
1372.87	965.129
1373.87	949.327
1374.87	947.526
1375.87	935.725
1376.87	954.21
1377.86	957.551
1378.86	936.322
1379.86	940.235
1380.86	926.148
1381.85	932.918
1382.85	916.26
1383.85	930.459
1384.84	930.086
1385.84	922.856
1386.84	922.198
1387.83	922.968
1388.83	935.739
1389.82	914.223
1390.82	920.422
1391.81	928.049
1392.81	920.248
1393.8	928.733
1394.79	934.075
1395.79	944.845
1396.78	971.044
1397.77	982.957
1398.77	972.87
1399.76	979.926
1400.75	995.839
1401.74	997.466
1402.74	1005.95
1403.73	997.864
1404.72	1012.06
1405.71	1002.26
1406.7	995.603
1407.69	972.088
1408.68	989.43
1409.67	974.771
1410.66	984.113
1411.65	988.312
1412.64	983.082
1413.63	1006.42
1414.62	999.48
1415.61	994.25
1416.59	987.306
1417.58	984.076
1418.57	983.989
1419.56	981.903
1420.55	996.673
1421.53	1001.44
1422.52	1011.07
1423.51	1026.7
1424.49	1026.33
1425.48	1052.24
1426.46	1054.15
1427.45	1059.49
1428.43	1093.69
1429.42	1115.61
1430.4	1121.52
1431.39	1127.15
1432.37	1132.77
1433.36	1156.69
1434.34	1184.6
1435.32	1205.37
1436.31	1209.85
1437.29	1195.2
1438.27	1171.97
1439.26	1153.31
1440.24	1153.79
1441.22	1121.99
1442.2	1152.19
1443.18	1163.53
1444.16	1209.16
1445.14	1247.07
1446.12	1316.7
1447.11	1450.04
1448.09	1548.24
1449.07	1673.58
1450.05	1779.5
1451.02	1796.55
1452	1775.89
1452.98	1703.52
1453.96	1644.58
1454.94	1559.35
1455.92	1491.55
1456.9	1424.6
1457.87	1365.66
1458.85	1321.28
1459.83	1277.2
1460.81	1237.68
1461.78	1189.88
1462.76	1158.94
1463.73	1137.99
1464.71	1128.48
1465.69	1094.11
1466.66	1052.02
1467.64	1055.36
1468.61	1011.27
1469.59	1020.33
1470.56	983.385
1471.54	967.012
1472.51	954.354
1473.48	929.41
1474.46	927.038
1475.43	900.665
1476.4	894.007
1477.37	877.063
1478.35	875.833
1479.32	850.317
1480.29	855.088
1481.26	848.715
1482.23	837.771
1483.21	846.827
1484.18	827.883
1485.15	840.939
1486.12	832.566
1487.09	824.194
1488.06	817.821
1489.03	790.591
1490	816.505
1490.97	819.561
1491.93	809.759
1492.9	795.101
1493.87	804.729
1494.84	808.927
1495.81	797.983
1496.77	807.896
1497.74	798.381
1498.71	796.294
1499.68	804.207
1500.64	786.12
1501.61	786.605
1502.58	780.518
1503.54	762.145
1504.51	764.916
1505.47	769.4
1506.44	769.599
1507.4	778.369
1508.37	755.425
1509.33	761.339
1510.3	781.823
1511.26	772.022
1512.22	771.364
1513.19	772.705
1514.15	791.19
1515.11	781.674
1516.08	775.302
1517.04	769.501
1518	788.271
1518.96	765.613
1519.92	780.954
1520.88	778.867
1521.85	759.638
1522.81	756.979
1523.77	759.464
1524.73	744.52
1525.69	757.004
1526.65	752.918
1527.61	745.974
1528.57	741.315
1529.53	749.514
1530.48	749.999
1531.44	745.055
1532.4	739.253
1533.36	742.309
1534.32	741.651
1535.28	728.421
1536.23	739.192
1537.19	738.533
1538.15	738.161
1539.1	738.36
1540.06	743.701
1541.02	747.614
1541.97	750.099
1542.93	750.298
1543.88	731.925
1544.84	732.41
1545.79	729.751
1546.75	736.522
1547.7	725.006
1548.66	752.919
1549.61	728.833
1550.56	738.746
1551.52	735.802
1552.47	737.715
1553.42	740.771
1554.38	747.255
1555.33	753.454
1556.28	741.082
1557.23	743.28
1558.18	738.336
1559.14	745.678
1560.09	731.877
1561.04	735.504
1561.99	743.703
1562.94	718.759
1563.89	739.815
1564.84	750.3
1565.79	729.927
1566.74	733.269
1567.69	745.468
1568.64	725.381
1569.59	722.722
1570.53	724.635
1571.48	739.406
1572.43	729.89
1573.38	727.518
1574.33	719.431
1575.27	727.915
1576.22	719.257
1577.17	725.456
1578.11	730.798
1579.06	722.711
1580	735.767
1580.95	726.251
1581.9	719.593
1582.84	702.649
1583.79	728.276
1584.73	715.904
1585.67	698.388
1586.62	715.159
1587.56	704.215
1588.51	710.985
1589.45	705.184
1590.39	720.811
1591.34	710.439
1592.28	707.78
1593.22	695.979
1594.16	702.178
1595.11	698.948
1596.05	708.861
1596.99	702.203
1597.93	708.402
1598.87	702.315
1599.81	700.228
1600.75	691.855
1601.69	689.483
1602.63	707.396
1603.57	698.452
1604.51	690.079
1605.45	701.993
1606.39	705.906
1607.33	695.819
1608.27	710.589
1609.21	727.645
1610.14	717.844
1611.08	709.186
1612.02	712.242
1612.96	708.155
1613.89	699.782
1614.83	700.552
1615.77	694.465
1616.7	696.664
1617.64	694.006
1618.58	682.776
1619.51	698.118
1620.45	670.603
1621.38	671.944
1622.32	679.857
1623.25	671.199
1624.19	658.255
1625.12	668.74
1626.05	666.367
1626.99	663.994
1627.92	655.622
1628.85	668.678
1629.79	658.877
1630.72	682.218
1631.65	672.989
1632.58	677.473
1633.52	675.672
1634.45	683.871
1635.38	685.498
1636.31	694.554
1637.24	680.467
1638.17	696.952
1639.1	688.008
1640.03	676.778
1640.96	678.406
1641.89	674.89
1642.82	669.946
1643.75	668.431
1644.68	666.344
1645.61	660.257
1646.54	645.884
1647.46	660.369
1648.39	663.71
1649.32	650.195
1650.25	643.823
1651.17	650.593
1652.1	644.22
1653.03	638.705
1653.95	646.332
1654.88	647.96
1655.81	633.301
1656.73	635.214
1657.66	638.27
1658.58	627.326
1659.51	630.668
1660.43	631.438
1661.36	624.208
1662.28	633.55
1663.21	636.32
1664.13	628.805
1665.05	632.718
1665.98	628.346
1666.9	623.687
1667.82	611.886
1668.74	624.085
1669.67	619.712
1670.59	630.483
1671.51	636.11
1672.43	614.88
1673.35	624.508
1674.27	620.707
1675.19	619.762
1676.12	624.818
1677.04	620.16
1677.96	622.359
1678.88	618.558
1679.79	622.471
1680.71	619.527
1681.63	620.012
1682.55	604.21
1683.47	595.266
1684.39	605.465
1685.31	605.95
1686.23	618.148
1687.14	630.347
1688.06	611.403
1688.98	610.174
1689.89	612.372
1690.81	617.428
1691.73	620.77
1692.64	620.969
1693.56	619.739
1694.48	617.652
1695.39	613.851
1696.31	596.621
1697.22	617.963
1698.14	620.448
1699.05	610.647
1699.96	610.56
1700.88	621.901
1701.79	609.529
1702.7	620.87
1703.62	605.069
1704.53	615.268
1705.44	616.038
1706.36	613.952
1707.27	616.15
1708.18	610.349
1709.09	621.119
1710	610.747
1710.92	614.66
1711.83	604.859
1712.74	610.772
1713.65	630.685
1714.56	615.455
1715.47	619.083
1716.38	624.424
1717.29	630.052
1718.2	629.394
1719.11	641.021
1720.01	628.363
1720.92	647.419
1721.83	663.903
1722.74	665.245
1723.65	681.444
1724.56	698.214
1725.46	700.127
1726.37	710.04
1727.28	764.525
1728.18	801.295
1729.09	837.494
1730	895.978
1730.9	981.892
1731.81	1009.52
1732.71	1019.15
1733.62	1008.77
1734.52	961.258
1735.43	940.029
1736.33	903.656
1737.24	887.569
1738.14	856.625
1739.04	846.538
1739.95	857.309
1740.85	832.365
1741.75	815.135
1742.66	820.477
1743.56	816.39
1744.46	819.731
1745.36	809.644
1746.26	775.557
1747.17	787.471
1748.07	771.955
1748.97	755.868
1749.87	747.21
1750.77	749.409
1751.67	731.322
1752.57	733.807
1753.47	733.72
1754.37	717.633
1755.27	693.832
1756.17	684.031
1757.07	670.229
1757.97	679.857
1758.86	668.056
1759.76	635.683
1760.66	640.739
1761.56	639.224
1762.45	615.708
1763.35	611.621
1764.25	610.677
1765.15	602.59
1766.04	600.789
1766.94	591.845
1767.83	585.758
1768.73	572.529
1769.63	587.013
1770.52	571.498
1771.42	570.268
1772.31	568.753
1773.2	556.38
1774.1	556.864
1774.99	543.92
1775.89	556.405
1776.78	546.318
1777.67	533.374
1778.57	527.001
1779.46	530.629
1780.35	536.828
1781.24	524.455
1782.14	535.511
1783.03	526.853
1783.92	521.909
1784.81	516.108
1785.7	513.449
1786.59	531.077
1787.48	522.704
1788.37	520.903
1789.26	523.387
1790.15	507.015
1791.04	518.642
1791.93	530.27
1792.82	508.183
1793.71	521.524
1794.6	519.152
1795.49	513.637
1796.38	516.978
1797.26	508.891
1798.15	509.947
1799.04	518.718
1799.93	511.202
1800.81	524.83
1801.7	502.743
1802.59	507.513
1803.47	512.569
1804.36	506.196
1805.24	510.109
1806.13	506.594
1807.02	508.507
1807.9	499.563
1808.79	511.19
1809.67	499.961
1810.55	500.16
1811.44	503.501
1812.32	486.843
1813.21	496.47
1814.09	492.098
1814.97	500.297
1815.86	496.21
1816.74	492.123
1817.62	490.322
1818.5	497.092
1819.38	497.291
1820.27	483.49
1821.15	489.688
1822.03	489.887
1822.91	480.372
1823.79	491.428
1824.67	496.198
1825.55	478.397
1826.43	487.739
1827.31	473.366
1828.19	477.851
1829.07	478.049
1829.95	488.534
1830.83	477.876
1831.71	472.932
1832.58	477.131
1833.46	486.187
1834.34	478.385
1835.22	472.584
1836.1	465.354
1836.97	487.268
1837.85	490.895
1838.73	464.237
1839.6	463.578
1840.48	471.777
1841.35	480.833
1842.23	463.032
1843.11	457.802
1843.98	461.43
1844.86	465.629
1845.73	467.256
1846.6	456.883
1847.48	465.654
1848.35	454.138
1849.23	453.48
1850.1	461.107
1850.97	465.306
1851.85	455.791
1852.72	468.275
1853.59	456.76
1854.46	461.816
1855.34	445.157
1856.21	460.785
1857.08	463.555
1857.95	448.611
1858.82	457.953
1859.69	453.58
1860.56	462.35
1861.43	445.406
1862.3	443.32
1863.17	433.518
1864.04	446.289
1864.91	454.487
1865.78	454.115
1866.65	436.599
1867.52	458.513
1868.39	458.426
1869.26	448.053
1870.13	442.252
1870.99	450.451
1871.86	431.793
1872.73	442.277
1873.59	437.047
1874.46	439.246
1875.33	428.588
1876.19	443.072
1877.06	442.986
1877.93	438.613
1878.79	434.526
1879.66	444.725
1880.52	428.352
1881.39	428.551
1882.25	432.464
1883.12	430.949
1883.98	430.862
1884.84	430.204
1885.71	425.831
1886.57	438.601
1887.43	416.229
1888.3	430.428
1889.16	426.341
1890.02	425.111
1890.89	424.453
1891.75	422.366
1892.61	431.422
1893.47	434.763
1894.33	430.105
1895.19	424.018
1896.05	429.074
1896.91	421.844
1897.78	420.043
1898.64	418.242
1899.5	416.155
1900.35	428.64
1901.21	418.839
1902.07	416.18
1902.93	413.522
1903.79	410.864
1904.65	415.063
1905.51	410.976
1906.37	408.889
1907.22	417.088
1908.08	406.144
1908.94	409.485
1909.8	416.827
1910.65	400.169
1911.51	407.796
1912.36	409.709
1913.22	402.48
1914.08	410.964
1914.93	404.877
1915.79	402.505
1916.64	405.275
1917.5	396.331
1918.35	399.387
1919.21	403.3
1920.06	405.213
1920.92	408.841
1921.77	409.896
1922.62	393.524
1923.48	400.866
1924.33	397.064
1925.18	394.406
1926.03	390.891
1926.89	401.09
1927.74	399.86
1928.59	396.344
1929.44	390.257
1930.29	384.742
1931.14	384.369
1932	389.425
1932.85	389.053
1933.7	390.966
1934.55	382.308
1935.4	389.364
1936.25	388.134
1937.1	387.19
1937.94	390.532
1938.79	385.873
1939.64	387.215
1940.49	377.414
1941.34	383.613
1942.19	377.24
1943.04	385.153
1943.88	385.066
1944.73	380.408
1945.58	378.607
1946.42	369.663
1947.27	375.29
1948.12	378.632
1948.96	372.259
1949.81	375.887
1950.65	374.657
1951.5	373.427
1952.34	371.912
1953.19	367.825
1954.03	375.167
1954.88	377.08
1955.72	374.421
1956.57	377.477
1957.41	358.533
1958.25	358.447
1959.1	362.36
1959.94	363.701
1960.78	370.757
1961.63	362.099
1962.47	370.298
1963.31	365.068
1964.15	358.981
1964.99	353.466
1965.84	367.95
1966.68	355.578
1967.52	359.777
1968.36	350.261
1969.2	348.46
1970.04	354.087
1970.88	354.286
1971.72	364.771
1972.56	358.684
1973.4	358.026
1974.24	343.939
1975.08	356.709
1975.91	353.194
1976.75	347.678
1977.59	346.448
1978.43	342.076
1979.27	346.846
1980.1	347.045
1980.94	346.672
1981.78	348.014
1982.62	342.499
1983.45	341.269
1984.29	352.896
1985.12	347.952
1985.96	344.722
1986.79	350.064
1987.63	350.263
1988.46	349.605
1989.3	342.661
1990.13	345.717
1990.97	337.058
1991.8	344.4
1992.64	348.027
1993.47	327.941
1994.3	343.854
1995.14	338.053
1995.97	333.108
1996.8	335.593
1997.64	333.506
1998.47	333.991
1999.3	341.904
2000.13	331.817
2000.96	342.016
2001.79	325.643
2002.63	332.128
2003.46	338.898
2004.29	345.097
2005.12	328.439
2005.95	340.637
2006.78	339.122
2007.61	332.178
2008.44	334.662
2009.27	339.147
2010.09	325.917
2010.92	332.973
2011.75	321.744
2012.58	333.085
2013.41	317.284
2014.24	322.34
2015.06	323.11
2015.89	319.595
2016.72	316.651
2017.54	323.707
2018.37	329.334
2019.2	322.39
2020.02	309.446
2020.85	306.788
2021.68	312.987
2022.5	313.186
2023.33	314.527
2024.15	304.726
2024.98	314.639
2025.8	303.409
2026.62	313.323
2027.45	314.664
2028.27	309.72
2029.1	309.633
2029.92	305.832
2030.74	310.888
2031.56	307.373
2032.39	294.143
2033.21	294.056
2034.03	301.398
2034.85	301.597
2035.68	303.796
2036.5	300.566
2037.32	305.622
2038.14	309.821
2038.96	304.019
2039.78	302.504
2040.6	301.56
2041.42	303.759
2042.24	307.386
2043.06	296.728
2043.88	302.927
2044.7	301.983
2045.52	286.182
2046.34	292.952
2047.16	286.865
2047.97	294.778
2048.79	299.834
2049.61	295.747
2050.43	289.66
2051.24	294.431
2052.06	303.487
2052.88	291.971
2053.69	295.884
2054.51	289.512
2055.33	287.71
2056.14	289.052
2056.96	299.537
2057.77	286.878
2058.59	284.22
2059.4	285.562
2060.22	292.904
2061.03	286.245
2061.85	287.301
2062.66	282.643
2063.48	274.27
2064.29	287.612
2065.1	278.668
2065.92	288.867
2066.73	284.494
2067.54	279.264
2068.35	289.749
2069.17	293.948
2069.98	277.861
2070.79	280.346
2071.6	276.544
2072.41	290.743
2073.22	292.656
2074.03	281.712
2074.84	280.483
2075.65	286.967
2076.46	278.309
2077.27	276.793
2078.08	275.278
2078.89	286.62
2079.7	290.247
2080.51	277.874
2081.32	279.502
2082.13	282.844
2082.94	275.042
2083.74	281.813
2084.55	277.44
2085.36	275.353
2086.17	279.266
2086.97	272.037
2087.78	270.521
2088.59	270.72
2089.39	275.49
2090.2	258.261
2091.01	268.459
2091.81	271.515
2092.62	266.857
2093.42	265.913
2094.23	268.398
2095.03	262.025
2095.84	266.795
2096.64	270.137
2097.45	252.621
2098.25	262.82
2099.05	255.876
2099.86	256.647
