150.31	1969.29
151.606	2000.43
152.902	1985
154.198	1977.57
155.492	1997.57
156.787	1985
158.081	1960.43
159.376	1943.86
160.669	1922.14
161.962	1931.86
163.256	1913.29
164.548	1960.43
165.841	1942.14
167.133	1948.14
168.424	1961.29
169.715	1974.71
171.006	1951.29
172.297	1959.57
173.587	1951.57
174.877	1958.43
176.166	1951.29
177.456	1965
178.745	1938.43
180.033	1928.43
181.321	1930.71
182.609	1938.14
183.897	1959.57
185.184	1968.71
186.471	1972.71
187.757	1992.14
189.044	2010.43
190.33	2000.14
191.615	2002.14
192.9	2005.29
194.185	2007.29
195.469	1960.14
196.753	1933.57
198.037	1922.71
199.321	1901.86
200.604	1891
201.887	1856.14
203.17	1852.14
204.451	1854.71
205.733	1864.43
207.014	1880.43
208.296	1868.43
209.576	1844.14
210.856	1872.71
212.137	1879
213.417	1882.14
214.696	1889.29
215.975	1895.86
217.253	1901.57
218.532	1919
219.81	1945.86
221.088	1936.14
222.365	1945.29
223.642	1977
224.919	2006.14
226.195	2037.86
227.471	2041.86
228.747	2050.73
230.022	2081.88
231.297	2110.18
232.572	2133.33
233.846	2138.2
235.12	2164.21
236.394	2147.08
237.667	2177.95
238.94	2183.67
240.213	2192.83
241.485	2248.55
242.757	2264.56
244.029	2315.15
245.3	2352.59
246.571	2396.6
247.842	2447.75
249.112	2469.76
250.381	2543.49
251.651	2608.93
252.921	2700.94
254.189	2769.23
255.457	2886.39
256.726	2959.54
257.994	3118.7
259.261	3185.85
260.529	3335.01
261.796	3463.3
263.062	3629.6
264.329	3693.61
265.595	3813.91
266.86	3871.63
268.125	3847.07
269.39	3784.23
270.655	3668.81
271.919	3483.39
273.182	3259.69
274.446	3047.41
275.71	2829.71
276.973	2684.86
278.234	2511.73
279.497	2369.74
280.759	2273.47
282.021	2180.62
283.281	2110.06
284.543	2059.79
285.803	1990.09
287.063	1962.38
288.322	1925.25
289.583	1952.69
290.842	1901.56
292.101	1903.57
293.358	1907.87
294.617	1919.02
295.875	1890.75
297.133	1905.9
298.389	1891.06
299.647	1900.78
300.903	1914.51
302.159	1931.37
303.415	1964.81
304.67	1951.11
305.925	1965.41
307.18	1959.42
308.435	1962
309.689	1958.3
310.943	1914.02
312.196	1914.32
313.45	1910.33
314.702	1901.2
315.954	1909.5
317.207	1880.08
318.459	1922.09
319.71	1858.39
320.961	1840.97
322.212	1802.7
323.463	1779.56
324.712	1705.29
325.962	1686.16
327.211	1636.46
328.461	1635.32
329.71	1598.19
330.958	1591.35
332.207	1591.93
333.454	1575.94
334.702	1558.81
335.949	1546.82
337.196	1553.4
338.442	1545.7
339.688	1572.57
340.933	1532.01
342.179	1532.02
343.424	1540.03
344.67	1560.33
345.914	1542.91
347.158	1535.49
348.402	1546.36
349.645	1557.23
350.888	1551.24
352.131	1561.54
353.373	1581.26
354.616	1550.99
355.857	1561.28
357.099	1547.87
358.34	1519.02
359.58	1529.6
360.821	1538.76
362.061	1542.2
363.301	1535.07
364.54	1533.08
365.78	1540.52
367.019	1539.1
368.257	1565.11
369.495	1578.55
370.733	1573.99
371.97	1561.43
373.208	1560.01
374.444	1552.59
375.681	1515.18
376.917	1510.33
378.153	1512.63
379.389	1492.07
380.623	1460.08
381.858	1457.23
383.092	1454.39
384.327	1457.26
385.561	1466.98
386.794	1463.56
388.027	1463.29
389.26	1471.3
390.492	1469.03
391.724	1480.75
392.956	1493.91
394.188	1494.49
395.419	1490.78
396.65	1515.65
397.88	1521.38
399.11	1502.82
400.341	1516.26
401.57	1502.84
402.799	1497.99
404.028	1525.72
405.257	1514.59
406.484	1541.46
407.712	1534.61
408.94	1533.48
410.167	1553.78
411.394	1557.5
412.621	1509.51
413.847	1527.52
415.073	1509.82
416.298	1510.69
417.523	1535.27
418.749	1497
419.973	1514.72
421.197	1517.02
422.421	1515.32
423.644	1519.33
424.867	1521.62
426.091	1508.21
427.313	1509.36
428.536	1516.52
429.757	1526.81
430.979	1526.82
432.201	1531.98
433.421	1539.7
434.642	1551.43
435.862	1556.3
437.082	1572.31
438.301	1570.89
439.52	1588.04
440.739	1604.06
441.958	1631.78
443.176	1668.08
444.394	1714.38
445.612	1796.67
446.83	1879.25
448.046	2040.12
449.263	2216.99
450.479	2420.15
451.695	2645.59
452.911	2775.6
454.126	2799.89
455.341	2687.33
456.556	2520.49
457.77	2344.21
458.985	2185.37
460.198	2013.95
461.411	1925.1
462.624	1863.4
463.837	1788.55
465.05	1723.71
466.262	1720.01
467.473	1664.02
468.685	1658.6
469.896	1646.9
471.106	1629.19
472.317	1609.2
473.527	1578.64
474.737	1576.94
475.946	1553.52
477.155	1595.82
478.364	1593.26
479.573	1620.7
480.781	1660.14
481.988	1700.15
483.195	1661.3
484.403	1693.32
485.609	1634.18
486.816	1578.2
488.022	1507.92
489.227	1504.5
490.434	1482.51
491.639	1457.38
492.844	1439.39
494.048	1424.55
495.252	1421.7
496.456	1447.71
497.66	1424.87
498.863	1420.02
500.065	1413.46
501.268	1418.04
502.47	1422.05
503.672	1412.35
504.874	1421.51
506.075	1400.37
507.275	1419.53
508.476	1452.4
509.677	1452.98
510.876	1449.28
512.076	1447.29
513.275	1477.3
514.474	1457.02
515.673	1437.89
516.871	1432.19
518.069	1420.77
519.267	1416.21
520.464	1409.08
521.661	1405.38
522.857	1412.53
524.054	1446.83
525.25	1416.55
526.445	1425.42
527.641	1444.86
528.836	1440.02
530.031	1464.6
531.225	1457.47
532.42	1450.33
533.613	1448.92
534.807	1494.07
536	1512.08
537.192	1530.38
538.384	1562.1
539.576	1559.83
540.768	1596.7
541.96	1657.28
543.151	1689.01
544.342	1762.16
545.532	1781.6
546.723	1901.04
547.912	1992.77
549.102	2112.49
550.291	2268.22
551.479	2450.8
552.668	2594.24
553.856	2749.11
555.045	2797.12
556.232	2750.84
557.419	2656
558.606	2540.01
559.793	2388.59
560.979	2217.46
562.165	2083.47
563.35	1983.77
564.536	1890.92
565.721	1811.22
566.906	1733.23
568.09	1708.38
569.274	1656.97
570.457	1660.98
571.64	1669.85
572.824	1677
574.007	1691.87
575.189	1737.88
576.37	1846.46
577.552	1949.9
578.734	2099.91
579.915	2189.93
581.096	2208.51
582.276	2167.66
583.456	2073.67
584.636	2003.4
585.816	1931.12
586.995	1815.71
588.173	1754.29
589.352	1699.44
590.53	1653.17
591.708	1617.75
592.886	1533.48
594.063	1569.2
595.239	1531.21
596.416	1518.94
597.592	1494.66
598.768	1451.25
599.944	1481.26
601.119	1464.98
602.294	1472.14
603.469	1452.15
604.643	1439.3
605.817	1423.31
606.99	1420.18
608.163	1415.91
609.336	1405.92
610.509	1415.07
611.682	1408.8
612.853	1375.67
614.026	1379.11
615.197	1385.97
616.368	1371.99
617.539	1366
618.709	1363.44
619.879	1345.73
621.049	1367.46
622.218	1367.76
623.388	1387.77
624.557	1378.92
625.725	1378.36
626.893	1352.66
628.061	1356.95
629.229	1333.54
630.396	1346.41
631.563	1314.13
632.729	1315
633.895	1328.44
635.062	1342.74
636.227	1333.03
637.392	1334.47
638.557	1353.06
639.722	1345.35
640.886	1330.79
642.05	1350.23
643.214	1344.53
644.377	1320.54
645.54	1321.98
646.703	1330.28
647.865	1306.86
649.027	1299.73
650.189	1312.02
651.35	1332.89
652.511	1315.19
653.672	1313.49
654.833	1310.64
655.993	1315.22
657.153	1337.81
658.312	1313.82
659.472	1321.26
660.631	1307.27
661.789	1314.99
662.947	1316.15
664.105	1319.59
665.262	1300.46
666.42	1323.61
667.576	1324.76
668.734	1315.63
669.89	1310.21
671.046	1326.51
672.201	1307.09
673.357	1302.25
674.512	1321.12
675.667	1283.99
676.821	1306.57
677.975	1279.15
679.129	1298.02
680.282	1312.6
681.435	1295.76
682.588	1283.2
683.741	1282.92
684.893	1294.65
686.045	1278.37
687.196	1280.95
688.347	1294.39
689.498	1288.12
690.649	1294.42
691.799	1298.71
692.949	1292.15
694.099	1306.45
695.248	1300.75
696.396	1308.76
697.545	1298.48
698.694	1319.64
699.842	1314.51
700.989	1321.09
702.137	1306.53
703.284	1307.97
704.43	1301.12
705.577	1316.85
706.723	1314.57
707.869	1320.58
709.014	1360.88
710.159	1334.61
711.305	1361.47
712.449	1347.2
713.593	1364.64
714.737	1386.65
715.881	1380.66
717.024	1378.1
718.167	1417.26
719.309	1436.41
720.452	1430.99
721.594	1445.29
722.735	1421.59
723.876	1418.45
725.018	1404.18
726.158	1387.62
727.299	1363.35
728.439	1343.07
729.579	1321.65
730.718	1317.67
731.857	1315.39
732.996	1283.69
734.134	1263.7
735.273	1280.28
736.411	1287.15
737.548	1252.59
738.685	1250.03
739.823	1249.18
740.959	1244.05
742.095	1221.49
743.231	1227.79
744.367	1231.51
745.502	1228.67
746.637	1236.68
747.771	1248.98
748.906	1245.56
750.04	1215
751.173	1217.58
752.308	1223.02
753.441	1232.75
754.574	1228.76
755.705	1215.91
756.838	1225.35
757.97	1229.36
759.101	1192.8
760.232	1213.67
761.364	1232.25
762.494	1220.84
763.624	1213.13
764.754	1227.43
765.883	1235.73
767.013	1225.45
768.143	1237.18
769.271	1203.76
770.399	1224.06
771.527	1230.92
772.655	1222.65
773.782	1219.23
774.909	1218.96
776.036	1242.97
777.162	1230.7
778.289	1219.28
779.415	1218.72
780.54	1237.01
781.666	1229.88
782.791	1226.18
783.915	1229.33
785.039	1237.92
786.163	1246.21
787.287	1229.65
788.411	1248.52
789.533	1217.68
790.656	1226.26
791.778	1245.7
792.9	1239.99
794.022	1237.15
795.144	1247.16
796.265	1229.74
797.386	1250.9
798.506	1245.76
799.626	1240.92
800.746	1236.07
801.866	1228.94
802.985	1256.38
804.104	1263.25
805.223	1272.12
806.341	1284.7
807.459	1285.28
808.577	1277.29
809.694	1301.88
810.811	1301.89
811.928	1308.76
813.044	1312.2
814.16	1335.06
815.277	1335.36
816.392	1342.52
817.507	1336.81
818.622	1349.39
819.737	1354.83
820.851	1374.56
821.964	1352.86
823.078	1401.44
824.192	1418.02
825.304	1429.18
826.417	1447.76
827.53	1465.77
828.642	1481.21
829.754	1505.79
830.865	1546.38
831.976	1557.81
833.087	1572.97
834.197	1606.12
835.308	1640.42
836.417	1648.15
837.527	1680.44
838.636	1705.02
839.745	1762.18
840.854	1803.33
841.962	1811.06
843.07	1875.07
844.177	1929.65
845.284	1983.09
846.392	2068.53
847.499	2109.97
848.605	2180.27
849.711	2180.57
850.817	2162.29
851.922	2113.44
853.028	2098.03
854.132	2096.04
855.237	2108.34
856.341	2167.2
857.445	2282.07
858.549	2390.37
859.653	2574.95
860.755	2777.53
861.858	3093.55
862.96	3512.7
864.062	4107.28
865.164	4868.72
866.266	5794.73
867.367	6756.74
868.468	7483.9
869.568	7714.19
870.669	7457.92
871.768	6821.93
872.868	6020.51
873.967	5209.1
875.066	4483.96
876.165	3910.26
877.263	3432.56
878.361	3033.43
879.458	2740.3
880.557	2460.31
881.653	2242.6
882.75	2093.47
883.847	1978.63
884.943	1822.07
886.038	1791.22
887.134	1712.66
888.229	1696.39
889.325	1612.11
890.419	1600.12
891.513	1592.13
892.607	1561.86
893.701	1523.01
894.794	1517.31
895.888	1500.75
896.98	1505.05
898.073	1476.49
899.165	1479.64
900.257	1453.08
901.349	1449.95
902.44	1444.24
903.53	1457.4
904.621	1457.41
905.711	1448.28
906.802	1458.86
907.891	1471.73
908.981	1487.45
910.07	1497.18
911.158	1504.91
912.247	1513.2
913.335	1559.21
914.423	1542.08
915.51	1589.81
916.597	1586.96
917.684	1614.4
918.771	1661.56
919.857	1722.71
920.943	1750.44
922.029	1855.59
923.114	1929.89
924.199	2045.61
925.284	2149.62
926.368	2252.21
927.453	2310.79
928.537	2356.8
929.62	2332.52
930.703	2237.39
931.786	2143.4
932.868	2017.13
933.95	1888.57
935.032	1798.01
936.114	1702.88
937.196	1618.32
938.277	1545.76
939.357	1517.77
940.438	1488.35
941.518	1429.79
942.598	1419.8
943.678	1382.67
944.756	1347.82
945.835	1336.69
946.914	1322.42
947.992	1305
949.07	1316.73
950.148	1278.74
951.225	1264.75
952.302	1267.05
953.379	1263.34
954.456	1243.35
955.531	1241.65
956.608	1210.52
957.683	1207.96
958.758	1234.26
959.833	1205.98
960.908	1197.71
961.982	1196.57
963.056	1186.3
964.13	1184.31
965.203	1156.32
966.276	1160.05
967.349	1168.06
968.421	1171.78
969.493	1173.22
970.565	1158.38
971.636	1154.39
972.708	1163.83
973.779	1143.27
974.849	1174.99
975.92	1174.15
976.99	1187.3
978.06	1156.46
979.129	1174.47
980.198	1191.62
981.267	1180.78
982.336	1179.07
983.404	1198.23
984.471	1204.81
985.539	1199.39
986.606	1222.26
987.673	1203.41
988.739	1232.85
989.806	1208.29
990.872	1234.31
991.938	1233.74
993.003	1219.47
994.069	1257.77
995.133	1278.92
996.198	1319.79
997.262	1306.09
998.326	1344.1
999.39	1357.54
1000.45	1398.69
1001.52	1391.56
1002.58	1377.86
1003.64	1366.15
1004.7	1348.16
1005.77	1330.46
1006.83	1326.76
1007.89	1299.34
1008.95	1281.35
1010.01	1267.36
1011.07	1265.09
1012.13	1257.39
1013.19	1265.11
1014.25	1257.69
1015.31	1258.28
1016.37	1243.43
1017.42	1236.58
1018.48	1236.02
1019.54	1245.18
1020.6	1241.48
1021.65	1264.63
1022.71	1222.35
1023.77	1275.51
1024.82	1266.66
1025.88	1269.25
1026.94	1288.11
1027.99	1293.84
1029.05	1303.28
1030.1	1321.86
1031.16	1337.87
1032.21	1375.31
1033.26	1388.18
1034.32	1424.19
1035.37	1436.49
1036.42	1486.79
1037.48	1529.65
1038.53	1593.67
1039.58	1669.96
1040.63	1766.83
1041.68	1851.13
1042.74	2032.57
1043.79	2244.86
1044.84	2509.45
1045.89	2810.89
1046.94	3080.33
1047.99	3270.34
1049.04	3227.21
1050.09	3043.79
1051.13	2748.66
1052.18	2409.24
1053.23	2121.25
1054.28	1911.83
1055.33	1740.42
1056.37	1631
1057.42	1521.87
1058.47	1471.59
1059.51	1408.75
1060.56	1401.62
1061.6	1399.34
1062.65	1407.35
1063.7	1424.22
1064.74	1440.52
1065.78	1479.1
1066.83	1512.54
1067.87	1528.84
1068.92	1506.28
1069.96	1490
1071	1465.16
1072.04	1407.45
1073.09	1378.03
1074.13	1311.47
1075.17	1283.2
1076.21	1246.93
1077.25	1221.22
1078.29	1208.09
1079.34	1187.24
1080.38	1197.26
1081.42	1192.98
1082.45	1196.14
1083.49	1165
1084.53	1167.59
1085.57	1152.17
1086.61	1183.32
1087.65	1154.48
1088.69	1159.63
1089.72	1157.64
1090.76	1144.8
1091.8	1161.09
1092.84	1161.68
1093.87	1155.4
1094.91	1164.56
1095.94	1174.85
1096.98	1188.01
1098.01	1195.16
1099.05	1196.31
1100.08	1206.61
1101.12	1224.34
1102.15	1248.92
1103.19	1248.93
1104.22	1296.66
1105.25	1305.52
1106.29	1326.96
1107.32	1360.98
1108.35	1380.42
1109.38	1383.57
1110.41	1416.72
1111.44	1416.16
1112.48	1400.46
1113.51	1411.04
1114.54	1405.05
1115.57	1419.64
1116.6	1431.36
1117.63	1478.52
1118.65	1521.96
1119.68	1587.11
1120.71	1613.41
1121.74	1647.42
1122.77	1686.57
1123.8	1638.58
1124.82	1613.45
1125.85	1564.61
1126.88	1493.47
1127.9	1463.77
1128.93	1407.78
1129.96	1349.22
1130.98	1312.09
1132.01	1294.39
1133.03	1264.97
1134.06	1229.27
1135.08	1218.42
1136.11	1217.86
1137.13	1186.73
1138.15	1200.17
1139.18	1181.32
1140.2	1165.9
1141.22	1167.34
1142.24	1168.78
1143.27	1156.22
1144.29	1173.09
1145.31	1166.82
1146.33	1163.97
1147.35	1147.7
1148.37	1152.85
1149.39	1149.43
1150.41	1145.45
1151.43	1150.31
1152.45	1150.61
1153.47	1150.05
1154.49	1125.2
1155.51	1137.22
1156.53	1135.51
1157.54	1138.1
1158.56	1116.96
1159.58	1111.26
1160.59	1091.27
1161.61	1109.57
1162.63	1086.15
1163.64	1085.59
1164.66	1069.6
1165.68	1083.33
1166.69	1065.34
1167.71	1080.21
1168.72	1060.5
1169.73	1055.37
1170.75	1057.38
1171.76	1055.39
1172.78	1051.12
1173.79	1051.13
1174.8	1042.86
1175.81	1045.15
1176.83	1071.74
1177.84	1076.6
1178.85	1059.47
1179.86	1072.34
1180.87	1075.21
1181.88	1064.08
1182.89	1063.52
1183.9	1076.96
1184.91	1075.54
1185.92	1068.12
1186.93	1076.99
1187.94	1077.86
1188.95	1085.87
1189.96	1074.45
1190.97	1098.46
1191.97	1096.19
1192.98	1119.34
1193.99	1125.35
1195	1141.08
1196	1151.38
1197.01	1147.1
1198.01	1198.54
1199.02	1208.84
1200.03	1230.28
1201.03	1249.15
1202.04	1253.16
1203.04	1244.88
1204.04	1233.47
1205.05	1242.62
1206.05	1236.35
1207.06	1207.5
1208.06	1196.94
1209.06	1193.24
1210.06	1169.25
1211.07	1153.55
1212.07	1120.98
1213.07	1141
1214.07	1115.01
1215.07	1105.3
1216.07	1108.74
1217.07	1116.18
1218.07	1107.62
1219.07	1113.06
1220.07	1123.07
1221.07	1120.8
1222.07	1126.81
1223.07	1129.68
1224.07	1161.12
1225.07	1151.7
1226.06	1171.71
1227.06	1153.15
1228.06	1208.02
1229.06	1216.89
1230.05	1208.61
1231.05	1256.05
1232.04	1260.07
1233.04	1252.93
1234.04	1274.66
1235.03	1273.53
1236.03	1307.82
1237.02	1315.7
1238.01	1313.94
1239.01	1331.22
1240	1354.52
1241	1352.94
1241.99	1358.58
1242.98	1330.35
1243.97	1317.85
1244.97	1279.25
1245.96	1274.99
1246.95	1258.4
1247.94	1227.09
1248.93	1201.59
1249.92	1225.08
1250.91	1190.91
1251.9	1200.03
1252.89	1194.08
1253.88	1171.42
1254.87	1163.06
1255.86	1173.74
1256.85	1167.38
1257.84	1156.45
1258.83	1168.33
1259.81	1185.12
1260.8	1187.95
1261.79	1195.85
1262.78	1224.58
1263.76	1254.3
1264.75	1284.93
1265.73	1316.61
1266.72	1336.42
1267.71	1335.59
1268.69	1327.2
1269.68	1344.25
1270.66	1334.41
1271.65	1321.71
1272.63	1322.78
1273.61	1306.61
1274.6	1305.09
1275.58	1322.62
1276.56	1324.82
1277.55	1348.69
1278.53	1374.51
1279.51	1411.42
1280.49	1462
1281.47	1523.33
1282.45	1599.7
1283.43	1675.48
1284.42	1723.11
1285.4	1735.29
1286.38	1761.27
1287.35	1774.01
1288.33	1725.06
1289.06	1693.19
1290.08	1648.28
1291.1	1564.79
1292.12	1491.59
1293.14	1449.81
1294.16	1377.47
1295.17	1342.84
1296.19	1301.64
1297.21	1259.86
1298.23	1243.23
1299.25	1229.46
1300.27	1184.25
1301.28	1172.2
1302.3	1158.42
1303.32	1148.08
1304.33	1136.87
1305.35	1116.53
1306.37	1122.18
1307.38	1086.12
1308.4	1086.92
1309.41	1094.58
1310.43	1080.23
1311.44	1053.32
1312.46	1052.4
1313.47	1043.48
1314.49	1040.28
1315.5	1021.36
1316.51	1021.59
1317.53	1011.24
1318.54	1011.76
1319.55	997.126
1320.57	992.209
1321.58	987.578
1322.59	992.376
1323.6	990.317
1324.61	964.257
1325.63	957.912
1326.64	954.71
1327.65	950.365
1328.66	945.734
1329.67	937.675
1330.68	934.187
1331.69	954.127
1332.7	940.354
1333.71	948.008
1334.72	951.949
1335.72	939.89
1336.73	937.83
1337.74	953.199
1338.75	925.997
1339.76	933.081
1340.76	918.45
1341.77	912.104
1342.78	926.045
1343.79	911.7
1344.79	920.783
1345.8	911.581
1346.8	913.236
1347.81	915.177
1348.82	916.26
1349.82	919.915
1350.83	899.57
1351.83	898.082
1352.84	911.451
1353.84	921.677
1354.84	918.761
1355.85	912.416
1356.85	910.356
1357.85	913.154
1358.86	916.237
1359.86	944.178
1360.86	939.547
1361.86	952.63
1362.87	948.285
1363.87	958.512
1364.87	940.167
1365.87	952.393
1366.87	945.476
1367.87	941.988
1368.87	936.215
1369.87	937.584
1370.87	937.81
1371.87	940.322
1372.87	946.263
1373.87	931.918
1374.87	955.287
1375.87	937.513
1376.87	946.025
1377.86	948.537
1378.86	940.192
1379.86	923.847
1380.86	942.645
1381.85	942.014
1382.85	932.811
1383.85	929.038
1384.84	913.836
1385.84	914.633
1386.84	902.86
1387.83	914.514
1388.83	917.598
1389.82	916.967
1390.82	930.336
1391.81	919.705
1392.81	931.932
1393.8	933.586
1394.79	940.384
1395.79	938.896
1396.78	953.408
1397.77	963.635
1398.77	951.861
1399.76	999.23
1400.75	991.171
1401.74	1007.11
1402.74	1003.34
1403.73	1015.85
1404.72	1000.93
1405.71	1011.45
1406.7	979.386
1407.69	982.755
1408.68	990.695
1409.67	981.779
1410.66	969.719
1411.65	975.374
1412.64	990.458
1413.63	993.255
1414.62	1003.2
1415.61	1000.28
1416.59	966.22
1417.58	986.732
1418.57	976.387
1419.56	992.327
1420.55	971.982
1421.53	973.066
1422.52	985.578
1423.51	1000.66
1424.49	1005.74
1425.48	1025.97
1426.46	1039.63
1427.45	1058.99
1428.43	1093.79
1429.42	1089.16
1430.4	1109.96
1431.39	1136.19
1432.37	1138.98
1433.36	1132.64
1434.34	1168.58
1435.32	1170.81
1436.31	1212.46
1437.29	1171.26
1438.27	1180.34
1439.26	1150.57
1440.24	1160.51
1441.22	1145.59
1442.2	1145.53
1443.18	1170.9
1444.16	1185.7
1445.14	1234.21
1446.12	1312.44
1447.11	1410.95
1448.09	1531.46
1449.07	1661.97
1450.05	1753.63
1451.02	1776.71
1452	1772.94
1452.98	1711.45
1453.96	1632.53
1454.94	1517.33
1455.92	1496.7
1456.9	1408.93
1457.87	1360.01
1458.85	1303.09
1459.83	1271.61
1460.81	1220.69
1461.78	1196.34
1462.76	1170
1463.73	1114.51
1464.71	1101.88
1465.69	1091.82
1466.66	1052.62
1467.64	1027.42
1468.61	1031.93
1469.59	995.583
1470.56	996.095
1471.54	967.179
1472.51	955.119
1473.48	929.917
1474.46	938.143
1475.43	904.084
1476.4	877.739
1477.37	894.822
1478.35	867.048
1479.32	860.703
1480.29	844.073
1481.26	829.442
1482.23	836.239
1483.21	824.466
1484.18	813.263
1485.15	821.775
1486.12	805.145
1487.09	815.657
1488.06	807.311
1489.03	817.252
1490	818.907
1490.97	815.419
1491.93	804.502
1492.9	794.157
1493.87	796.384
1494.84	807.753
1495.81	797.693
1496.77	779.92
1497.74	792.432
1498.71	795.229
1499.68	800.027
1500.64	784.253
1501.61	783.051
1502.58	772.992
1503.54	759.504
1504.51	770.587
1505.47	757.385
1506.44	782.183
1507.4	766.695
1508.37	756.064
1509.33	778.576
1510.3	763.945
1511.26	768.457
1512.22	779.54
1513.19	785.767
1514.15	785.993
1515.11	775.648
1516.08	791.017
1517.04	775.815
1518	759.184
1518.96	762.553
1519.92	761.637
1520.88	766.149
1521.85	770.375
1522.81	744.601
1523.77	765.97
1524.73	747.911
1525.69	742.709
1526.65	762.078
1527.61	736.018
1528.57	741.673
1529.53	748.471
1530.48	749.555
1531.44	740.066
1532.4	732.578
1533.36	743.376
1534.32	735.317
1535.28	733.257
1536.23	748.055
1537.19	730.853
1538.15	732.222
1539.1	741.591
1540.06	727.532
1541.02	738.901
1541.97	736.27
1542.93	735.354
1543.88	730.437
1544.84	733.806
1545.79	748.318
1546.75	720.83
1547.7	725.342
1548.66	744.426
1549.61	735.795
1550.56	732.307
1551.52	734.247
1552.47	731.045
1553.42	736.986
1554.38	730.926
1555.33	742.581
1556.28	745.665
1557.23	732.177
1558.18	724.403
1559.14	736.915
1560.09	723.713
1561.04	717.368
1561.99	728.737
1562.94	733.82
1563.89	726.332
1564.84	726.273
1565.79	729.071
1566.74	727.011
1567.69	716.666
1568.64	716.035
1569.59	727.119
1570.53	729.345
1571.48	720.428
1572.43	709.798
1573.38	719.452
1574.33	719.964
1575.27	719.905
1576.22	719.56
1577.17	716.072
1578.11	704.584
1579.06	708.524
1580	708.751
1580.95	701.834
1581.9	713.775
1582.84	716.287
1583.79	701.942
1584.73	718.168
1585.67	712.109
1586.62	707.478
1587.56	715.133
1588.51	692.787
1589.45	696.728
1590.39	695.811
1591.34	706.038
1592.28	687.978
1593.22	693.347
1594.16	696.431
1595.11	679.8
1596.05	694.884
1596.99	697.396
1597.93	707.05
1598.87	683.848
1599.81	692.932
1600.75	686.015
1601.69	688.241
1602.63	693.325
1603.57	694.408
1604.51	707.777
1605.45	711.432
1606.39	699.944
1607.33	711.313
1608.27	719.826
1609.21	714.623
1610.14	723.135
1611.08	719.933
1612.02	707.302
1612.96	706.671
1613.89	682.898
1614.83	695.981
1615.77	681.636
1616.7	681.862
1617.64	684.946
1618.58	681.458
1619.51	671.684
1620.45	668.767
1621.38	675.851
1622.32	665.506
1623.25	659.446
1624.19	673.387
1625.12	661.613
1626.05	673.84
1626.99	677.78
1627.92	658.292
1628.85	665.09
1629.79	672.459
1630.72	665.542
1631.65	663.769
1632.58	663.424
1633.52	676.507
1634.45	689.591
1635.38	697.245
1636.31	688.329
1637.24	677.698
1638.17	700.781
1639.1	688.151
1640.03	690.377
1640.96	688.889
1641.89	671.972
1642.82	685.056
1643.75	657.282
1644.68	663.223
1645.61	672.592
1646.54	657.961
1647.46	655.616
1648.39	653.271
1649.32	617.211
1650.25	650.866
1651.17	647.378
1652.1	641.319
1653.03	653.259
1653.95	631.2
1654.88	634.284
1655.81	626.224
1656.73	633.307
1657.66	626.677
1658.58	627.189
1659.51	634.844
1660.43	630.213
1661.36	631.01
1662.28	638.665
1663.21	616.035
1664.13	617.404
1665.05	622.773
1665.98	621.856
1666.9	623.225
1667.82	616.595
1668.74	621.678
1669.67	624.19
1670.59	625.559
1671.51	623.786
1672.43	622.583
1673.35	601.667
1674.27	604.464
1675.19	616.976
1676.12	592.346
1677.04	615.429
1677.96	612.512
1678.88	611.024
1679.79	620.965
1680.71	605.763
1681.63	625.703
1682.55	613.644
1683.47	606.156
1684.39	611.239
1685.31	617.18
1686.23	610.835
1687.14	611.347
1688.06	608.145
1688.98	608.942
1689.89	601.454
1690.81	618.252
1691.73	605.05
1692.64	601.276
1693.56	608.931
1694.48	605.729
1695.39	612.526
1696.31	605.61
1697.22	618.693
1698.14	614.348
1699.05	601.717
1699.96	603.087
1700.88	614.456
1701.79	608.968
1702.7	606.337
1703.62	599.706
1704.53	617.075
1705.44	607.587
1706.36	605.813
1707.27	598.611
1708.18	615.695
1709.09	610.207
1710	602.433
1710.92	605.231
1711.83	606.314
1712.74	584.541
1713.65	604.481
1714.56	613.85
1715.47	610.076
1716.38	616.303
1717.29	622.529
1718.2	627.613
1719.11	637.553
1720.01	634.922
1720.92	631.434
1721.83	642.518
1722.74	658.744
1723.65	672.113
1724.56	673.197
1725.46	702.28
1726.37	722.792
1727.28	743.018
1728.18	780.388
1729.09	837.757
1730	897.983
1730.9	952.209
1731.81	991.007
1732.71	995.519
1733.62	997.174
1734.52	955.115
1735.43	929.627
1736.33	892.71
1737.24	884.936
1738.14	855.448
1739.04	844.246
1739.95	831.044
1740.85	838.984
1741.75	825.782
1742.66	813.151
1743.56	802.52
1744.46	814.175
1745.36	807.544
1746.26	788.057
1747.17	778.569
1748.07	785.938
1748.97	758.735
1749.87	752.105
1750.77	749.474
1751.67	734.271
1752.57	711.641
1753.47	722.724
1754.37	710.665
1755.27	696.605
1756.17	679.117
1757.07	680.772
1757.97	661.856
1758.86	658.653
1759.76	654.308
1760.66	645.963
1761.56	625.332
1762.45	620.13
1763.35	617.499
1764.25	609.44
1765.15	611.666
1766.04	606.178
1766.94	605.833
1767.83	594.345
1768.73	588.571
1769.63	576.512
1770.52	565.881
1771.42	563.822
1772.31	558.619
1773.2	557.131
1774.1	559.072
1774.99	547.584
1775.89	554.096
1776.78	535.751
1777.67	533.12
1778.57	546.775
1779.46	540.43
1780.35	534.37
1781.24	546.596
1782.14	544.823
1783.03	527.049
1783.92	524.418
1784.81	536.93
1785.7	532.585
1786.59	526.24
1787.48	523.895
1788.37	529.836
1789.26	520.062
1790.15	521.145
1791.04	514.514
1791.93	511.312
1792.82	512.396
1793.71	519.193
1794.6	519.705
1795.49	513.646
1796.38	505.587
1797.26	520.099
1798.15	515.753
1799.04	504.551
1799.93	504.206
1800.81	513.004
1801.7	501.23
1802.59	513.456
1803.47	525.683
1804.36	511.052
1805.24	502.707
1806.13	512.076
1807.02	503.731
1807.9	510.243
1808.79	492.183
1809.67	489.267
1810.55	509.493
1811.44	498.577
1812.32	499.946
1813.21	507.315
1814.09	506.113
1814.97	490.339
1815.86	493.708
1816.74	498.792
1817.62	487.589
1818.5	497.53
1819.38	487.756
1820.27	481.697
1821.15	487.923
1822.03	489.007
1822.91	483.804
1823.79	489.745
1824.67	484.543
1825.55	491.912
1826.43	488.995
1827.31	491.793
1828.19	483.162
1829.07	474.245
1829.95	488.758
1830.83	472.412
1831.71	483.782
1832.58	474.579
1833.46	464.234
1834.34	476.746
1835.22	466.972
1836.1	470.913
1836.97	481.711
1837.85	473.08
1838.73	465.592
1839.6	467.533
1840.48	467.759
1841.35	461.128
1842.23	459.069
1843.11	476.438
1843.98	469.521
1844.86	471.748
1845.73	471.402
1846.6	462.772
1847.48	463.569
1848.35	471.796
1849.23	458.593
1850.1	459.105
1850.97	456.474
1851.85	460.129
1852.72	449.213
1853.59	458.582
1854.46	459.951
1855.34	456.177
1856.21	444.404
1857.08	451.201
1857.95	447.428
1858.82	453.368
1859.69	463.309
1860.56	452.392
1861.43	455.19
1862.3	444.559
1863.17	448.5
1864.04	457.298
1864.91	461.81
1865.78	449.464
1866.65	448.548
1867.52	443.346
1868.39	445.858
1869.26	463.798
1870.13	448.596
1870.99	433.965
1871.86	445.334
1872.73	447.561
1873.59	433.215
1874.46	442.585
1875.33	434.811
1876.19	434.466
1877.06	439.549
1877.93	433.776
1878.79	443.145
1879.66	436.514
1880.52	427.026
1881.39	440.395
1882.25	435.764
1883.12	432.562
1883.98	428.217
1884.84	422.443
1885.71	428.955
1886.57	432.039
1887.43	421.408
1888.3	430.491
1889.16	423.86
1890.02	432.658
1890.89	429.456
1891.75	432.254
1892.61	431.908
1893.47	423.278
1894.33	429.218
1895.19	422.587
1896.05	429.385
1896.91	423.326
1897.78	423.838
1898.64	410.921
1899.5	417.719
1900.35	425.659
1901.21	412.171
1902.07	420.969
1902.93	415.481
1903.79	417.136
1904.65	414.219
1905.51	417.017
1906.37	416.386
1907.22	418.898
1908.08	418.268
1908.94	407.065
1909.8	413.006
1910.65	408.946
1911.51	403.173
1912.36	411.97
1913.22	411.054
1914.08	395.852
1914.93	396.078
1915.79	410.59
1916.64	395.102
1917.5	407.328
1918.35	404.697
1919.21	406.067
1920.06	394.579
1920.92	414.234
1921.77	395.317
1922.62	408.4
1923.48	396.341
1924.33	396.853
1925.18	391.365
1926.03	400.163
1926.89	396.103
1927.74	380.901
1928.59	390.556
1929.44	404.211
1930.29	391.866
1931.14	382.949
1932	397.461
1932.85	379.116
1933.7	390.771
1934.55	389.854
1935.4	386.081
1936.25	386.021
1937.1	381.39
1937.94	378.76
1938.79	384.129
1939.64	393.498
1940.49	386.867
1941.34	388.236
1942.19	380.177
1943.04	382.117
1943.88	377.487
1944.73	379.713
1945.58	379.368
1946.42	371.594
1947.27	385.535
1948.12	389.761
1948.96	386.559
1949.81	378.785
1950.65	378.44
1951.5	374.666
1952.34	380.892
1953.19	376.833
1954.03	374.488
1954.88	361.571
1955.72	368.94
1956.57	369.738
1957.41	370.536
1958.25	356.762
1959.1	370.417
1959.94	373.215
1960.78	362.013
1961.63	375.382
1962.47	363.322
1963.31	369.834
1964.15	366.346
1964.99	370.287
1965.84	363.656
1966.68	365.025
1967.52	366.68
1968.36	356.621
1969.2	367.704
1970.04	358.502
1970.88	366.157
1971.72	361.526
1972.56	366.895
1973.4	344.836
1974.24	365.062
1975.08	358.431
1975.91	351.8
1976.75	365.169
1977.59	351.11
1978.43	348.765
1979.27	359.563
1980.1	360.36
1980.94	352.301
1981.78	349.099
1982.62	344.182
1983.45	351.837
1984.29	348.063
1985.12	349.147
1985.96	348.802
1986.79	348.171
1987.63	336.683
1988.46	354.338
1989.3	342.278
1990.13	351.362
1990.97	347.302
1991.8	339.243
1992.64	338.041
1993.47	349.981
1994.3	347.922
1995.14	349.577
1995.97	336.66
1996.8	346.315
1997.64	344.827
1998.47	344.482
1999.3	331.565
2000.13	337.506
2000.96	342.589
2001.79	345.958
2002.63	342.47
2003.46	341.84
2004.29	342.637
2005.12	327.435
2005.95	336.233
2006.78	332.459
2007.61	336.971
2008.44	343.483
2009.27	328.567
2010.09	336.793
2010.92	334.162
2011.75	332.103
2012.58	338.043
2013.41	329.412
2014.24	321.639
2015.06	337.008
2015.89	316.949
2016.72	324.889
2017.54	323.973
2018.37	327.627
2019.2	330.997
2020.02	317.509
2020.85	326.878
2021.68	328.533
2022.5	315.902
2023.33	324.985
2024.15	306.926
2024.98	317.438
2025.8	321.95
2026.62	328.748
2027.45	306.117
2028.27	321.486
2029.1	312.569
2029.92	311.653
2030.74	317.022
2031.56	311.82
2032.39	318.903
2033.21	314.272
2034.03	317.641
2034.85	299.296
2035.68	305.523
2036.5	309.749
2037.32	310.547
2038.14	301.63
2038.96	304.428
2039.78	313.797
2040.6	304.595
2041.42	298.25
2042.24	305.619
2043.06	308.988
2043.88	294.357
2044.7	304.583
2045.52	299.095
2046.34	308.179
2047.16	302.691
2047.97	300.346
2048.79	301.143
2049.61	307.655
2050.43	301.596
2051.24	292.394
2052.06	292.049
2052.88	305.418
2053.69	295.644
2054.51	303.585
2055.33	290.954
2056.14	297.18
2056.96	301.978
2057.77	293.633
2058.59	302.43
2059.4	305.8
2060.22	286.312
2061.03	294.824
2061.85	297.621
2062.66	294.133
2063.48	292.074
2064.29	292.015
2065.1	292.241
2065.92	294.753
2066.73	288.408
2067.54	298.348
2068.35	287.146
2069.17	290.801
2069.98	295.313
2070.79	302.396
2071.6	285.48
2072.41	296.849
2073.22	297.932
2074.03	292.73
2074.84	293.528
2075.65	289.754
2076.46	287.409
2077.27	284.778
2078.08	283.29
2078.89	286.374
2079.7	287.743
2080.51	290.826
2081.32	289.338
2082.13	290.136
2082.94	283.791
2083.74	278.303
2084.55	289.101
2085.36	286.47
2086.17	290.125
2086.97	281.78
2087.78	278.292
2088.59	273.661
2089.39	281.601
2090.2	274.685
2091.01	276.34
2091.81	275.137
2092.62	271.935
2093.42	273.876
2094.23	275.816
2095.03	281.471
2095.84	281.983
2096.64	272.495
2097.45	272.722
2098.25	277.234
2099.05	268.317
2099.86	263.686
