150.31	6651
151.606	6740.43
152.902	6710.71
154.198	6642.71
155.492	6610.43
156.787	6541
158.081	6536.14
159.376	6485.86
160.669	6467
161.962	6531.29
163.256	6476.71
164.548	6465
165.841	6449
167.133	6464.43
168.424	6467.29
169.715	6512.71
171.006	6459.86
172.297	6514.43
173.587	6489.29
174.877	6481.57
176.166	6477.57
177.456	6454.71
178.745	6481.29
180.033	6519.29
181.321	6471.86
182.609	6428.43
183.897	6477.29
185.184	6445.29
186.471	6468.14
187.757	6473.86
189.044	6436.71
190.33	6468.71
191.615	6419
192.9	6452.43
194.185	6380.43
195.469	6387
196.753	6359.29
198.037	6305.29
199.321	6342.43
200.604	6352.43
201.887	6323.57
203.17	6368.14
204.451	6312.14
205.733	6328.14
207.014	6332.43
208.296	6374.14
209.576	6361.29
210.856	6359.86
212.137	6361.29
213.417	6368.14
214.696	6419
215.975	6427.86
217.253	6437.29
218.532	6461.57
219.81	6509.29
221.088	6525.29
222.365	6509.29
223.642	6594.14
224.919	6655.86
226.195	6731.57
227.471	6814.71
228.747	6904.71
230.022	6976.99
231.297	6972.98
232.572	6948.69
233.846	6851.54
235.12	6783.54
236.394	6751.25
237.667	6792.1
238.94	6699.81
240.213	6798.66
241.485	6815.51
242.757	6831.22
244.029	6883.22
245.3	6882.64
246.571	6930.35
247.842	7021.2
249.112	7085.48
250.381	7147.19
251.651	7212.9
252.921	7203.75
254.189	7214.03
255.457	7359.17
256.726	7400.59
257.994	7477.44
259.261	7601.44
260.529	7736.29
261.796	7759.43
263.062	7865.99
264.329	7930.27
265.595	8028.84
266.86	8069.12
268.125	8006.26
269.39	7951.11
270.655	7794.53
271.919	7613.38
273.182	7375.95
274.446	7235.95
275.71	7086.23
276.973	6935.08
278.234	6753.93
279.497	6677.07
280.759	6594.49
282.021	6490.2
283.281	6480.77
284.543	6372.47
285.803	6394.75
287.063	6325.61
288.322	6319.03
289.583	6314.17
290.842	6296.45
292.101	6329.87
293.358	6317.58
294.617	6297.29
295.875	6328.14
297.133	6320.42
298.389	6342.7
299.647	6347.84
300.903	6348.12
302.159	6372.69
303.415	6365.25
304.67	6376.39
305.925	6401.81
307.18	6373.52
308.435	6384.66
309.689	6345.8
310.943	6315.79
312.196	6355.79
313.45	6322.35
314.702	6398.06
315.954	6333.77
317.207	6354.05
318.459	6352.62
319.71	6364.33
320.961	6361.75
322.212	6335.46
323.463	6267.74
324.712	6155.73
325.962	6096.3
327.211	6043.15
328.461	5996
329.71	5970
330.958	5954.56
332.207	5959.7
333.454	5981.12
334.702	5908.83
335.949	5981.4
337.196	5935.39
338.442	5890.82
339.688	5937.1
340.933	5946.81
342.179	5928.8
343.424	5902.8
344.67	5928.79
345.914	5917.36
347.158	5946.78
348.402	5992.77
349.645	5998.2
350.888	6038.48
352.131	6082.76
353.373	6101.04
354.616	6031.89
355.857	5965.89
357.099	5968.74
358.34	5946.73
359.58	5986.73
360.821	5947.58
362.061	5953.86
363.301	5970.42
364.54	5975.85
365.78	6010.7
367.019	6030.41
368.257	6117.26
369.495	6265.83
370.733	6247.54
371.97	6260.96
373.208	6208.95
374.444	6048.09
375.681	5959.51
376.917	5896.65
378.153	5889.79
379.389	5811.5
380.623	5873.49
381.858	5788.06
383.092	5850.63
384.327	5810.05
385.561	5778.04
386.794	5792.04
388.027	5820.32
389.26	5785.46
390.492	5810.59
391.724	5794.87
392.956	5810.01
394.188	5795.44
395.419	5871.43
396.65	5898.28
397.88	5901.7
399.11	5955.13
400.341	5931.98
401.57	5912.83
402.799	5916.54
404.028	5990.82
405.257	6013.96
406.484	6097.1
407.712	6182.52
408.94	6167.94
410.167	6042.51
411.394	6016.5
412.621	5961.07
413.847	5972.21
415.073	5893.06
416.298	5910.48
417.523	5933.05
418.749	5890.19
419.973	5879.61
421.197	5862.46
422.421	5871.31
423.644	5875.88
424.867	5903.87
426.091	5844.15
427.313	5911.58
428.536	5897.29
429.757	5888.14
430.979	5905.27
432.201	5882.13
433.421	5837.84
434.642	5872.69
435.862	5865.82
437.082	5867.53
438.301	5877.24
439.52	5848.67
440.739	5880.38
441.958	5940.37
443.176	5968.94
444.394	6003.22
445.612	6049.5
446.83	6118.63
448.046	6280.34
449.263	6480.34
450.479	6680.05
451.695	6846.33
452.911	6960.32
454.126	6983.75
455.341	6904.31
456.556	6763.73
457.77	6535.44
458.985	6387.44
460.198	6280
461.411	6144
462.624	6068.56
463.837	6019.7
465.05	5997.7
466.262	6008.55
467.473	5945.11
468.685	5936.54
469.896	5934.82
471.106	5910.53
472.317	5897.95
473.527	5879.37
474.737	5869.08
475.946	5943.36
477.155	6009.64
478.364	6070.5
479.573	6285.06
480.781	6599.34
481.988	6787.05
483.195	6699.05
484.403	6583.61
485.609	6238.75
486.816	5997.6
488.022	5875.02
489.227	5818.73
490.434	5727.3
491.639	5734.44
492.844	5685
494.048	5642.71
495.252	5694.14
496.456	5670.13
497.66	5683.84
498.863	5631.55
500.065	5628.97
501.268	5582.39
502.47	5605.82
503.672	5609.24
504.874	5577.81
506.075	5615.23
507.275	5636.08
508.476	5690.65
509.677	5758.36
510.876	5815.78
512.076	5823.2
513.275	5796.06
514.474	5720.62
515.673	5626.04
516.871	5610.9
518.069	5585.75
519.267	5583.74
520.464	5608.02
521.661	5600.02
522.857	5578.58
524.054	5548.58
525.25	5590.57
526.445	5572.85
527.641	5580.85
528.836	5561.13
530.031	5579.12
531.225	5630.26
532.42	5664.26
533.613	5637.96
534.807	5599.1
536	5637.67
537.192	5627.95
538.384	5662.23
539.576	5675.08
540.768	5698.5
541.96	5689.93
543.151	5765.06
544.342	5778.2
545.532	5911.63
546.723	5917.33
547.912	6039.04
549.102	6139.9
550.291	6298.18
551.479	6409.6
552.668	6561.02
553.856	6635.02
555.045	6667.58
556.232	6625.29
557.419	6519.57
558.606	6434.14
559.793	6285.28
560.979	6151.84
562.165	6081.84
563.35	6034.69
564.536	5941.25
565.721	5850.11
566.906	5797.24
568.09	5803.81
569.274	5729.81
570.457	5720.66
571.64	5743.51
572.824	5778.93
574.007	5732.35
575.189	5801.49
576.37	5897.49
577.552	5995.2
578.734	6120.33
579.915	6190.61
581.096	6148.61
582.276	6082.89
583.456	6068.6
584.636	6012.59
585.816	5889.16
586.995	5810.3
588.173	5798.58
589.352	5720.57
590.53	5702.28
591.708	5665.42
592.886	5633.7
594.063	5609.12
595.239	5567.69
596.416	5575.97
597.592	5542.82
598.768	5552.24
599.944	5493.95
601.119	5511.09
602.294	5486.8
603.469	5521.94
604.643	5463.93
605.817	5469.35
606.99	5461.35
608.163	5446.2
609.336	5400.77
610.509	5436.76
611.682	5433.61
612.853	5402.46
614.026	5404.17
615.197	5430.46
616.368	5354.45
617.539	5365.02
618.709	5377.87
619.879	5383
621.049	5365.29
622.218	5406.71
623.388	5379.85
624.557	5388.13
625.725	5413.83
626.893	5370.97
628.061	5357.25
629.229	5314.68
630.396	5286.96
631.563	5279.52
632.729	5247.52
633.895	5246.66
635.062	5294.08
636.227	5313.5
637.392	5303.78
638.557	5400.92
639.722	5399.2
640.886	5356.91
642.05	5355.48
643.214	5310.61
644.377	5252.32
645.54	5244.6
646.703	5269.45
647.865	5236.02
649.027	5212.59
650.189	5230.29
651.35	5211.72
652.511	5243.14
653.672	5211.42
654.833	5246.27
655.993	5274.84
657.153	5234.83
658.312	5255.4
659.472	5260.82
660.631	5276.82
661.789	5286.53
662.947	5306.52
664.105	5245.09
665.262	5276.23
666.42	5197.08
667.576	5209.64
668.734	5177.07
669.89	5191.06
671.046	5226.2
672.201	5195.34
673.357	5173.62
674.512	5152.75
675.667	5172.46
676.821	5189.6
677.975	5165.88
679.129	5123.59
680.282	5125.58
681.435	5143.01
682.588	5125.57
683.741	5100.71
684.893	5078.71
686.045	5136.99
687.196	5134.98
688.347	5119.83
689.498	5180.69
690.649	5134.68
691.799	5120.39
692.949	5140.1
694.099	5123.24
695.248	5167.23
696.396	5200.08
697.545	5165.79
698.694	5161.79
699.842	5175.21
700.989	5182.06
702.137	5153.48
703.284	5165.19
704.43	5182.33
705.577	5187.47
706.723	5248.32
707.869	5192.88
709.014	5226.02
710.159	5191.16
711.305	5158.01
712.449	5167.44
713.593	5138.86
714.737	5148.57
715.881	5194.28
717.024	5196.56
718.167	5177.12
719.309	5211.69
720.452	5179.4
721.594	5236.82
722.735	5188.53
723.876	5166.81
725.018	5167.09
726.158	5091.09
727.299	5099.08
728.439	5045.65
729.579	5055.07
730.718	5021.64
731.857	5017.92
732.996	4993.63
734.134	4989.33
735.273	4957.9
736.411	4947.61
737.548	4974.75
738.685	4926.46
739.823	4969.59
740.959	4924.45
742.095	4914.15
743.231	4915.01
744.367	4898.72
745.502	4875.28
746.637	4862.42
747.771	4869.56
748.906	4869.84
750.04	4853.55
751.173	4869.83
752.308	4834.96
753.441	4860.1
754.574	4809.24
755.705	4816.95
756.838	4822.94
757.97	4816.65
759.101	4844.65
760.232	4825.21
761.364	4812.06
762.494	4878.92
763.624	4845.77
764.754	4853.19
765.883	4820.9
767.013	4797.18
768.143	4850.6
769.271	4851.74
770.399	4835.45
771.527	4857.16
772.655	4854.87
773.782	4825.15
774.909	4851.43
776.036	4845.42
777.162	4823.13
778.289	4843.41
779.415	4889.98
780.54	4850.54
781.666	4891.11
782.791	4880.25
783.915	4817.67
785.039	4832.24
786.163	4901.09
787.287	4855.08
788.411	4861.65
789.533	4835.65
790.656	4869.07
791.778	4789.06
792.9	4811.34
794.022	4833.91
795.144	4828.48
796.265	4806.47
797.386	4775.61
798.506	4779.89
799.626	4814.45
800.746	4797.88
801.866	4798.44
802.985	4806.44
804.104	4809.29
805.223	4831.28
806.341	4797.28
807.459	4826.13
808.577	4824.41
809.694	4807.83
810.811	4837.83
811.928	4866.4
813.044	4932.68
814.16	4951.53
815.277	4869.52
816.392	4834.37
817.507	4808.37
818.622	4774.36
819.737	4813.22
820.851	4794.64
821.964	4794.63
823.078	4775.2
824.192	4803.77
825.304	4814.33
826.417	4832.04
827.53	4842.32
828.642	4900.89
829.754	4857.45
830.865	4901.45
831.976	4916.3
833.087	4984.58
834.197	4984
835.308	5001.14
836.417	5031.42
837.527	5085.13
838.636	5102.27
839.745	5151.69
840.854	5160.83
841.962	5242.82
843.07	5259.96
844.177	5316.81
845.284	5376.52
846.392	5442.23
847.499	5527.94
848.605	5533.93
849.711	5499.07
850.817	5431.35
851.922	5435.06
853.028	5418.48
854.132	5401.62
855.237	5471.05
856.341	5508.18
857.445	5589.89
858.549	5729.03
859.653	5855.6
860.755	6084.45
861.858	6416.44
862.96	6833.86
864.062	7387
865.164	8099.57
866.266	8946.71
867.367	9729.84
868.468	10189.6
869.568	10271.5
870.669	9869.83
871.768	9253.82
872.868	8632.67
873.967	7954.67
875.066	7389.81
876.165	6866.94
877.263	6441.8
878.361	6122.36
879.458	5783.5
880.557	5568.64
881.653	5397.2
882.75	5216.63
883.847	5138.05
884.943	5032.33
886.038	4988.61
887.134	4914.6
888.229	4858.88
889.325	4810.59
890.419	4764.02
891.513	4748.3
892.607	4742.58
893.701	4705.43
894.794	4714.85
895.888	4708.85
896.98	4660.84
898.073	4656.84
899.165	4656.55
900.257	4658.26
901.349	4669.39
902.44	4635.67
903.53	4629.67
904.621	4636.81
905.711	4631.09
906.802	4623.08
907.891	4638.5
908.981	4642.5
910.07	4646.78
911.158	4658.49
912.247	4645.34
913.335	4687.62
914.423	4654.76
915.51	4700.75
916.597	4683.89
917.684	4730.17
918.771	4781.31
919.857	4846.73
920.943	4901.3
922.029	4940.72
923.114	5072.43
924.199	5116.14
925.284	5205.28
926.368	5298.41
927.453	5340.98
928.537	5352.97
929.62	5278.97
930.703	5221.53
931.786	5098.96
932.868	4992.95
933.95	4911.23
935.032	4804.08
936.114	4729.22
937.196	4630.93
938.277	4626.07
939.357	4579.21
940.438	4530.63
941.518	4505.77
942.598	4470.62
943.678	4450.33
944.756	4382.04
945.835	4382.32
946.914	4416.03
947.992	4324.59
949.07	4336.87
950.148	4340.58
951.225	4299.43
952.302	4252.57
953.379	4291.14
954.456	4300.27
955.531	4255.41
956.608	4251.12
957.683	4229.4
958.758	4230.25
959.833	4229.68
960.908	4243.67
961.982	4208.24
963.056	4189.95
964.13	4192.8
965.203	4173.94
966.276	4153.36
967.349	4165.93
968.421	4158.78
969.493	4156.2
970.565	4180.19
971.636	4169.33
972.708	4154.18
973.779	4151.04
974.849	4125.32
975.92	4135.88
976.99	4131.31
978.06	4146.44
979.129	4166.72
980.198	4134.72
981.267	4117.57
982.336	4164.71
983.404	4188.13
984.471	4161.84
985.539	4154.41
986.606	4169.54
987.673	4176.68
988.739	4148.68
989.806	4217.53
990.872	4193.24
991.938	4202.95
993.003	4190.08
994.069	4215.22
995.133	4215.79
996.198	4222.07
997.262	4253.78
998.326	4291.2
999.39	4335.19
1000.45	4323.47
1001.52	4312.9
1002.58	4293.46
1003.64	4277.17
1004.7	4249.74
1005.77	4259.16
1006.83	4217.16
1007.89	4196.29
1008.95	4208.29
1010.01	4210
1011.07	4159.99
1012.13	4127.99
1013.19	4156.55
1014.25	4161.12
1015.31	4164.83
1016.37	4145.68
1017.42	4173.1
1018.48	4121.95
1019.54	4147.66
1020.6	4109.66
1021.65	4118.8
1022.71	4083.93
1023.77	4087.93
1024.82	4095.07
1025.88	4088.77
1026.94	4077.63
1027.99	4123.34
1029.05	4137.33
1030.1	4169.9
1031.16	4164.18
1032.21	4146.17
1033.26	4167.88
1034.32	4201.3
1035.37	4214.16
1036.42	4264.15
1037.48	4305.29
1038.53	4369.85
1039.58	4402.13
1040.63	4507.27
1041.68	4646.98
1042.74	4797.26
1043.79	4982.68
1044.84	5219.82
1045.89	5522.39
1046.94	5670.95
1047.99	5790.09
1049.04	5728.37
1050.09	5498.94
1051.13	5223.22
1052.18	4922.36
1053.23	4722.35
1054.28	4519.49
1055.33	4392.05
1056.37	4310.33
1057.42	4246.62
1058.47	4186.32
1059.51	4156.32
1060.56	4162.6
1061.6	4156.02
1062.65	4151.45
1063.7	4204.58
1064.74	4224.58
1065.78	4296.29
1066.83	4363.42
1067.87	4394.56
1068.92	4423.7
1069.96	4403.41
1071	4387.4
1072.04	4374.25
1073.09	4303.39
1074.13	4201.1
1075.17	4089.67
1076.21	4034.23
1077.25	3970.51
1078.29	3981.94
1079.34	3979.36
1080.38	3952.78
1081.42	3943.35
1082.45	3899.06
1083.49	3924.48
1084.53	3881.91
1085.57	3883.04
1086.61	3900.47
1087.65	3894.46
1088.69	3863.31
1089.72	3874.45
1090.76	3876.73
1091.8	3839.01
1092.84	3868.43
1093.87	3838.14
1094.91	3846.14
1095.94	3841.85
1096.98	3875.84
1098.01	3839.26
1099.05	3836.4
1100.08	3852.11
1101.12	3879.25
1102.15	3857.24
1103.19	3851.81
1104.22	3944.38
1105.25	3924.08
1106.29	3937.79
1107.32	3953.5
1108.35	3971.78
1109.38	4006.63
1110.41	3968.63
1111.44	3958.05
1112.48	3948.33
1113.51	3950.33
1114.54	3974.89
1115.57	3956.6
1116.6	3982.31
1117.63	4018.02
1118.65	4075.16
1119.68	4114.58
1120.71	4130.86
1121.74	4147.43
1122.77	4150.28
1123.8	4095.7
1124.82	4090.84
1125.85	4033.98
1126.88	3977.12
1127.9	3928.82
1128.93	3871.96
1129.96	3831.39
1130.98	3804.81
1132.01	3807.95
1133.03	3791.66
1134.06	3751.65
1135.08	3766.5
1136.11	3741.07
1137.13	3747.35
1138.15	3742.2
1139.18	3718.77
1140.2	3682.19
1141.22	3723.04
1142.24	3689.32
1143.27	3732.46
1144.29	3723.88
1145.31	3721.31
1146.33	3721.01
1147.35	3728.15
1148.37	3751.29
1149.39	3704.43
1150.41	3696.14
1151.43	3719.56
1152.45	3667.84
1153.47	3650.12
1154.49	3653.26
1155.51	3683.54
1156.53	3674.68
1157.54	3673.81
1158.56	3663.81
1159.58	3650.66
1160.59	3655.8
1161.61	3650.65
1162.63	3650.93
1163.64	3634.64
1164.66	3618.63
1165.68	3617.2
1166.69	3586.91
1167.71	3566.33
1168.72	3574.9
1169.73	3567.75
1170.75	3530.89
1171.76	3550.6
1172.78	3537.45
1173.79	3531.16
1174.8	3566.01
1175.81	3600.29
1176.83	3625.71
1177.84	3683.71
1178.85	3654.56
1179.86	3638.27
1180.87	3572.26
1181.88	3533.97
1182.89	3530.25
1183.9	3530.53
1184.91	3523.38
1185.92	3551.09
1186.93	3535.66
1187.94	3517.94
1188.95	3542.79
1189.96	3525.93
1190.97	3527.64
1191.97	3549.35
1192.98	3540.2
1193.99	3539.62
1195	3561.62
1196	3572.75
1197.01	3593.61
1198.01	3602.74
1199.02	3599.02
1200.03	3596.73
1201.03	3606.73
1202.04	3654.15
1203.04	3620.43
1204.04	3597.85
1205.05	3615.28
1206.05	3620.13
1207.06	3615.55
1208.06	3602.12
1209.06	3596.68
1210.06	3556.96
1211.07	3553.82
1212.07	3530.67
1213.07	3528.95
1214.07	3496.66
1215.07	3548.94
1216.07	3549.79
1217.07	3584.36
1218.07	3635.49
1219.07	3630.92
1220.07	3628.91
1221.07	3675.19
1222.07	3706.61
1223.07	3756.61
1224.07	3763.46
1225.07	3778.88
1226.06	3850.02
1227.06	3804.59
1228.06	3849.44
1229.06	3879.15
1230.05	3876
1231.05	3860
1232.04	3837.7
1233.04	3888.27
1234.04	3963.41
1235.03	4005.4
1236.03	4011.4
1237.02	4118.08
1238.01	4187.55
1239.01	4200.23
1240	4209.21
1241	4168.69
1241.99	4127.13
1242.98	4055.45
1243.97	3991.65
1244.97	3929.36
1245.96	3856.25
1246.95	3819.45
1247.94	3765.97
1248.93	3742.73
1249.92	3715.29
1250.91	3679.7
1251.9	3625.73
1252.89	3599.54
1253.88	3573.47
1254.87	3582.85
1255.86	3531.6
1256.85	3501.82
1257.84	3492.69
1258.83	3476.2
1259.81	3465.11
1260.8	3446.13
1261.79	3453.12
1262.78	3484.28
1263.76	3489.57
1264.75	3522.61
1265.73	3526.69
1266.72	3504.61
1267.71	3528.11
1268.69	3525.81
1269.68	3513.2
1270.66	3512.99
1271.65	3510.77
1272.63	3472.71
1273.61	3492.59
1274.6	3485.36
1275.58	3496.5
1276.56	3512.17
1277.55	3531.05
1278.53	3551.68
1279.51	3595.97
1280.49	3626.83
1281.47	3665.73
1282.45	3732.87
1283.43	3785.9
1284.42	3854.91
1285.4	3889.23
1286.38	3865.93
1287.35	3833.85
1288.33	3811.07
1289.06	3775.87
1290.08	3713.48
1291.1	3628.8
1292.12	3551.26
1293.14	3464.87
1294.16	3442.47
1295.17	3392.08
1296.19	3364.26
1297.21	3299.58
1298.23	3251.47
1299.25	3232.5
1300.27	3254.68
1301.28	3238
1302.3	3216.75
1303.32	3195.5
1304.33	3182.82
1305.35	3152.71
1306.37	3190.89
1307.38	3151.63
1308.4	3180.67
1309.41	3198.85
1310.43	3190.74
1311.44	3167.77
1312.46	3144.52
1313.47	3150.98
1314.49	3144.3
1315.5	3140.77
1316.51	3164.94
1317.53	3104.84
1318.54	3130.44
1319.55	3147.76
1320.57	3135.37
1321.58	3133.54
1322.59	3066.58
1323.6	3036.18
1324.61	3034.93
1325.63	3021.97
1326.64	2982.15
1327.65	3001.18
1328.66	2979.93
1329.67	2987.25
1330.68	2975.14
1331.69	2977.03
1332.7	2972.92
1333.71	3000.24
1334.72	2992.42
1335.72	2934.6
1336.73	2969.06
1337.74	2933.52
1338.75	2929.13
1339.76	2941.88
1340.76	2913.77
1341.77	2919.09
1342.78	2888.7
1343.79	2902.59
1344.79	2863.91
1345.8	2870.09
1346.8	2808.83
1347.81	2896.73
1348.82	2864.62
1349.82	2832.22
1350.83	2855.83
1351.83	2809.43
1352.84	2837.33
1353.84	2806.07
1354.84	2848.54
1355.85	2843.57
1356.85	2829.46
1357.85	2855.64
1358.86	2819.53
1359.86	2839.14
1360.86	2820.17
1361.86	2802.92
1362.87	2851.96
1363.87	2830.13
1364.87	2879.17
1365.87	2827.06
1366.87	2848.66
1367.87	2833.7
1368.87	2810.45
1369.87	2807.77
1370.87	2815.66
1371.87	2832.69
1372.87	2828.59
1373.87	2861.62
1374.87	2827.8
1375.87	2857.97
1376.87	2850.44
1377.86	2837.47
1378.86	2824.51
1379.86	2818.4
1380.86	2802.58
1381.85	2799.04
1382.85	2814.36
1383.85	2787.68
1384.84	2751.57
1385.84	2780.89
1386.84	2775.35
1387.83	2766.67
1388.83	2736.28
1389.82	2743.89
1390.82	2769.78
1391.81	2808.24
1392.81	2807.85
1393.8	2794.88
1394.79	2830.2
1395.79	2831.23
1396.78	2881.41
1397.77	2891.3
1398.77	2948.05
1399.76	2981.37
1400.75	3029.55
1401.74	3019.16
1402.74	3061.05
1403.73	3025.22
1404.72	2969.12
1405.71	2943.29
1406.7	2888.61
1407.69	2860.22
1408.68	2841.54
1409.67	2821.14
1410.66	2811.32
1411.65	2808.36
1412.64	2797.39
1413.63	2799.28
1414.62	2815.75
1415.61	2808.21
1416.59	2756.1
1417.58	2787.13
1418.57	2769.88
1419.56	2735.2
1420.55	2719.95
1421.53	2713.27
1422.52	2720.31
1423.51	2745.63
1424.49	2736.66
1425.48	2736.27
1426.46	2719.3
1427.45	2736.34
1428.43	2770.8
1429.42	2776.12
1430.4	2806.87
1431.39	2762.47
1432.37	2775.51
1433.36	2791.97
1434.34	2795.58
1435.32	2828.61
1436.31	2834.5
1437.29	2841.54
1438.27	2805.14
1439.26	2766.46
1440.24	2759.5
1441.22	2755.68
1442.2	2758.71
1443.18	2776.6
1444.16	2820.78
1445.14	2860.1
1446.12	2927.42
1447.11	3022.74
1448.09	3119.77
1449.07	3273.09
1450.05	3320.98
1451.02	3330.59
1452	3291.05
1452.98	3239.23
1453.96	3123.12
1454.94	3101.01
1455.92	3000.91
1456.9	2939.94
1457.87	2910.69
1458.85	2847.72
1459.83	2843.33
1460.81	2817.22
1461.78	2734.83
1462.76	2723.29
1463.73	2721.47
1464.71	2651.64
1465.69	2637.82
1466.66	2606.57
1467.64	2606.46
1468.61	2562.07
1469.59	2552.82
1470.56	2564.14
1471.54	2561.17
1472.51	2521.06
1473.48	2526.95
1474.46	2507.13
1475.43	2497.02
1476.4	2492.06
1477.37	2445.95
1478.35	2441.84
1479.32	2420.87
1480.29	2414.19
1481.26	2404.37
1482.23	2398.55
1483.21	2377.87
1484.18	2359.76
1485.15	2373.65
1486.12	2375.54
1487.09	2365.15
1488.06	2382.18
1489.03	2346.65
1490	2378.25
1490.97	2353.86
1491.93	2371.46
1492.9	2358.78
1493.87	2357.25
1494.84	2343.43
1495.81	2345.89
1496.77	2325.49
1497.74	2354.81
1498.71	2325.56
1499.68	2304.31
1500.64	2303.35
1501.61	2297.52
1502.58	2286.56
1503.54	2275.88
1504.51	2261.2
1505.47	2264.52
1506.44	2271.27
1507.4	2266.87
1508.37	2257.05
1509.33	2258.66
1510.3	2263.69
1511.26	2261.87
1512.22	2262.33
1513.19	2292.51
1514.15	2278.69
1515.11	2289.72
1516.08	2312.75
1517.04	2292.93
1518	2267.97
1518.96	2263.29
1519.92	2259.46
1520.88	2269.07
1521.85	2244.96
1522.81	2231.42
1523.77	2205.89
1524.73	2214.35
1525.69	2213.1
1526.65	2222.42
1527.61	2212.6
1528.57	2207.34
1529.53	2203.24
1530.48	2171.13
1531.44	2184.73
1532.4	2179.2
1533.36	2156.23
1534.32	2192.12
1535.28	2184.59
1536.23	2196.19
1537.19	2153.51
1538.15	2170.26
1539.1	2158.15
1540.06	2176.33
1541.02	2153.36
1541.97	2171.54
1542.93	2146.29
1543.88	2162.18
1544.84	2154.07
1545.79	2123.39
1546.75	2165.28
1547.7	2154.89
1548.66	2153.35
1549.61	2137.24
1550.56	2137.71
1551.52	2160.46
1552.47	2135.49
1553.42	2134.81
1554.38	2138.42
1555.33	2137.45
1556.28	2158.77
1557.23	2156.95
1558.18	2133.41
1559.14	2136.16
1560.09	2136.05
1561.04	2129.94
1561.99	2133.26
1562.94	2109.73
1563.89	2121.9
1564.84	2084.08
1565.79	2123.11
1566.74	2084.72
1567.69	2110.33
1568.64	2099.93
1569.59	2084.11
1570.53	2095.43
1571.48	2064.46
1572.43	2080.64
1573.38	2075.96
1574.33	2071.57
1575.27	2060.03
1576.22	2054.78
1577.17	2072.96
1578.11	2061.42
1579.06	2098.74
1580	2071.77
1580.95	2061.67
1581.9	2052.99
1582.84	2037.45
1583.79	2061.91
1584.73	2050.37
1585.67	2050.55
1586.62	2021.59
1587.56	2034.62
1588.51	2029.66
1589.45	2009.83
1590.39	1991.15
1591.34	1980.19
1592.28	2012.36
1593.22	2000.83
1594.16	1997.58
1595.11	1973.47
1596.05	1985.07
1596.99	1980.97
1597.93	1990.86
1598.87	1989.89
1599.81	2003.21
1600.75	1982.82
1601.69	1983.57
1602.63	1980.03
1603.57	1988.78
1604.51	1996.95
1605.45	2013.13
1606.39	2025.31
1607.33	2017.49
1608.27	2023.95
1609.21	2016.13
1610.14	2007.16
1611.08	2007.05
1612.02	1987.52
1612.96	1995.69
1613.89	1983.01
1614.83	1972.33
1615.77	1956.8
1616.7	1940.4
1617.64	1962.01
1618.58	1929.04
1619.51	1921.79
1620.45	1910.83
1621.38	1909
1622.32	1906.61
1623.25	1893.36
1624.19	1889.53
1625.12	1890.85
1626.05	1880.18
1626.99	1889.21
1627.92	1889.39
1628.85	1908.42
1629.79	1920.31
1630.72	1909.92
1631.65	1940.1
1632.58	1953.99
1633.52	1950.74
1634.45	1952.63
1635.38	1949.09
1636.31	1961.84
1637.24	1967.16
1638.17	1957.91
1639.1	1946.09
1640.03	1943.69
1640.96	1918.73
1641.89	1919.47
1642.82	1889.37
1643.75	1870.69
1644.68	1858.01
1645.61	1841.04
1646.54	1842.65
1647.46	1841.97
1648.39	1837
1649.32	1840.89
1650.25	1800.21
1651.17	1805.25
1652.1	1804.28
1653.03	1807.89
1653.95	1798.92
1654.88	1769.38
1655.81	1801.85
1656.73	1781.17
1657.66	1781.63
1658.58	1796.09
1659.51	1796.27
1660.43	1757.31
1661.36	1772.91
1662.28	1746.52
1663.21	1779.84
1664.13	1718.01
1665.05	1744.19
1665.98	1761.23
1666.9	1751.98
1667.82	1736.72
1668.74	1728.33
1669.67	1721.65
1670.59	1744.11
1671.51	1729.72
1672.43	1743.61
1673.35	1728.64
1674.27	1722.82
1675.19	1733.29
1676.12	1721.18
1677.04	1714.21
1677.96	1705.25
1678.88	1720.57
1679.79	1702.74
1680.71	1722.63
1681.63	1723.38
1682.55	1706.13
1683.47	1725.74
1684.39	1718.2
1685.31	1695.81
1686.23	1707.98
1687.14	1685.59
1688.06	1708.05
1688.98	1693.94
1689.89	1694.98
1690.81	1700.3
1691.73	1673.9
1692.64	1698.08
1693.56	1699.12
1694.48	1685.86
1695.39	1677.76
1696.31	1687.93
1697.22	1676.68
1698.14	1657.72
1699.05	1651.89
1699.96	1667.21
1700.88	1671.68
1701.79	1657.28
1702.7	1655.46
1703.62	1668.78
1704.53	1670.67
1705.44	1666.85
1706.36	1669.88
1707.27	1675.49
1708.18	1642.52
1709.09	1657.27
1710	1652.31
1710.92	1659.34
1711.83	1648.38
1712.74	1642.55
1713.65	1648.16
1714.56	1644.91
1715.47	1653.37
1716.38	1658.98
1717.29	1639.44
1718.2	1643.62
1719.11	1661.51
1720.01	1685.69
1720.92	1667.86
1721.83	1662.33
1722.74	1676.79
1723.65	1672.11
1724.56	1682.57
1725.46	1708.75
1726.37	1736.36
1727.28	1763.96
1728.18	1796.71
1729.09	1847.74
1730	1901.35
1730.9	1951.81
1731.81	1947.42
1732.71	1986.45
1733.62	1961.77
1734.52	1925.38
1735.43	1883.27
1736.33	1854.88
1737.24	1837.05
1738.14	1823.23
1739.04	1786.27
1739.95	1771.3
1740.85	1787.48
1741.75	1771.37
1742.66	1753.26
1743.56	1768.58
1744.46	1761.04
1745.36	1728.65
1746.26	1730.54
1747.17	1728.15
1748.07	1707.75
1748.97	1726.22
1749.87	1706.68
1750.77	1687.43
1751.67	1669.03
1752.57	1650.64
1753.47	1667.1
1754.37	1670.71
1755.27	1658.89
1756.17	1630.49
1757.07	1599.53
1757.97	1596.56
1758.86	1621.88
1759.76	1594.63
1760.66	1587.95
1761.56	1550.41
1762.45	1556.59
1763.35	1561.34
1764.25	1532.37
1765.15	1519.41
1766.04	1537.58
1766.94	1518.33
1767.83	1510.22
1768.73	1483.26
1769.63	1502.29
1770.52	1508.76
1771.42	1496.36
1772.31	1481.11
1773.2	1460.15
1774.1	1477.75
1774.99	1467.07
1775.89	1460.11
1776.78	1459.43
1777.67	1450.17
1778.57	1461.78
1779.46	1456.24
1780.35	1441.85
1781.24	1446.6
1782.14	1442.2
1783.03	1427.24
1783.92	1435.13
1784.81	1427.88
1785.7	1436.63
1786.59	1407.09
1787.48	1428.41
1788.37	1430.3
1789.26	1417.05
1790.15	1417.23
1791.04	1411.12
1791.93	1397.58
1792.82	1386.62
1793.71	1402.51
1794.6	1414.97
1795.49	1410.86
1796.38	1411.33
1797.26	1398.65
1798.15	1411.97
1799.04	1407.57
1799.93	1381.18
1800.81	1405.35
1801.7	1379.25
1802.59	1389.42
1803.47	1375.6
1804.36	1374.06
1805.24	1360.24
1806.13	1362.99
1807.02	1375.45
1807.9	1389.92
1808.79	1382.95
1809.67	1350.27
1810.55	1369.88
1811.44	1344.91
1812.32	1352.52
1813.21	1353.55
1814.09	1368.59
1814.97	1343.91
1815.86	1326.08
1816.74	1345.97
1817.62	1332.15
1818.5	1319.76
1819.38	1335.08
1820.27	1332.97
1821.15	1337.43
1822.03	1312.18
1822.91	1337.5
1823.79	1316.25
1824.67	1326.14
1825.55	1322.32
1826.43	1313.92
1827.31	1302.67
1828.19	1312.28
1829.07	1305.6
1829.95	1304.92
1830.83	1291.67
1831.71	1295.85
1832.58	1302.02
1833.46	1315.06
1834.34	1288.09
1835.22	1301.7
1836.1	1267.02
1836.97	1306.62
1837.85	1281.66
1838.73	1286.98
1839.6	1270.87
1840.48	1252.19
1841.35	1261.51
1842.23	1267.97
1843.11	1258.15
1843.98	1266.61
1844.86	1256.79
1845.73	1259.82
1846.6	1251.43
1847.48	1247.04
1848.35	1233.21
1849.23	1245.11
1850.1	1237.28
1850.97	1244.89
1851.85	1234.49
1852.72	1248.1
1853.59	1228.85
1854.46	1225.03
1855.34	1230.35
1856.21	1225.38
1857.08	1202.7
1857.95	1198.59
1858.82	1225.34
1859.69	1208.09
1860.56	1225.98
1861.43	1210.16
1862.3	1212.05
1863.17	1213.37
1864.04	1210.98
1864.91	1213.72
1865.78	1211.04
1866.65	1189.51
1867.52	1196.83
1868.39	1193.86
1869.26	1209.18
1870.13	1209.36
1870.99	1208.68
1871.86	1199.14
1872.73	1193.89
1873.59	1196.35
1874.46	1182.25
1875.33	1181.85
1876.19	1181.17
1877.06	1173.06
1877.93	1163.24
1878.79	1185.7
1879.66	1168.17
1880.52	1174.34
1881.39	1175.38
1882.25	1174.41
1883.12	1158.88
1883.98	1161.62
1884.84	1138.37
1885.71	1173.98
1886.57	1160.16
1887.43	1138.33
1888.3	1144.8
1889.16	1155.83
1890.02	1154.01
1890.89	1155.9
1891.75	1143.22
1892.61	1143.11
1893.47	1147.86
1894.33	1144.61
1895.19	1121.07
1896.05	1141.54
1896.91	1142.57
1897.78	1130.46
1898.64	1144.64
1899.5	1129.96
1900.35	1140.42
1901.21	1108.03
1902.07	1126.78
1902.93	1134.38
1903.79	1124.84
1904.65	1138.74
1905.51	1110.63
1906.37	1087.95
1907.22	1107.55
1908.08	1119.16
1908.94	1115.05
1909.8	1116.09
1910.65	1107.69
1911.51	1113.01
1912.36	1100.05
1913.22	1087.94
1914.08	1090.4
1914.93	1084.58
1915.79	1086.18
1916.64	1093.5
1917.5	1086.82
1918.35	1072.72
1919.21	1080.32
1920.06	1084.21
1920.92	1070.1
1921.77	1065.71
1922.62	1063.89
1923.48	1068.07
1924.33	1058.53
1925.18	1062.13
1926.03	1056.03
1926.89	1054.49
1927.74	1060.67
1928.59	1047.99
1929.44	1053.02
1930.29	1059.48
1931.14	1063.95
1932	1039.84
1932.85	1039.16
1933.7	1052.76
1934.55	1038.94
1935.4	1034.26
1936.25	1031.3
1937.1	1044.04
1937.94	1026.51
1938.79	1014.11
1939.64	1039.43
1940.49	1026.75
1941.34	1021.22
1942.19	1033.97
1943.04	1019.86
1943.88	1035.18
1944.73	1026.21
1945.58	1005.82
1946.42	1010.57
1947.27	1018.17
1948.12	1000.63
1948.96	996.526
1949.81	1019.28
1950.65	986.595
1951.5	1000.77
1952.34	1011.24
1953.19	1003.7
1954.03	995.019
1954.88	1002.91
1955.72	1001.66
1956.57	1008.41
1957.41	992.013
1958.25	1003.62
1959.1	987.797
1959.94	981.117
1960.78	985.294
1961.63	983.757
1962.47	981.934
1963.31	967.254
1964.15	969.432
1964.99	962.18
1965.84	966.929
1966.68	960.821
1967.52	982.712
1968.36	976.318
1969.2	970.21
1970.04	955.244
1970.88	967.707
1971.72	954.456
1972.56	954.633
1973.4	958.525
1974.24	948.416
1975.08	941.736
1975.91	940.771
1976.75	931.805
1977.59	945.411
1978.43	951.017
1979.27	939.194
1980.1	952.229
1980.94	938.12
1981.78	923.154
1982.62	938.189
1983.45	934.366
1984.29	940.258
1985.12	925.006
1985.96	925.469
1986.79	935.647
1987.63	923.824
1988.46	928.001
1989.3	913.607
1990.13	901.499
1990.97	918.247
1991.8	904.71
1992.64	917.745
1993.47	916.208
1994.3	910.099
1995.14	916.562
1995.97	913.311
1996.8	903.774
1997.64	902.523
1998.47	906.7
1999.3	900.306
2000.13	922.769
2000.96	904.946
2001.79	897.981
2002.63	885.586
2003.46	898.049
2004.29	896.227
2005.12	890.975
2005.95	901.438
2006.78	904.473
2007.61	893.221
2008.44	881.399
2009.27	884.719
2010.09	888.896
2010.92	882.216
2011.75	866.679
2012.58	867.999
2013.41	867.605
2014.24	873.782
2015.06	866.817
2015.89	866.423
2016.72	867.457
2017.54	860.777
2018.37	875.812
2019.2	864.846
2020.02	866.738
2020.85	868.629
2021.68	836.807
2022.5	860.984
2023.33	836.875
2024.15	851.338
2024.98	851.516
2025.8	855.121
2026.62	835.013
2027.45	843.762
2028.27	834.225
2029.1	822.974
2029.92	842.294
2030.74	830.471
2031.56	830.934
2032.39	833.683
2033.21	819.574
2034.03	810.894
2034.85	819.643
2035.68	830.106
2036.5	817.14
2037.32	820.461
2038.14	815.495
2038.96	813.958
2039.78	830.421
2040.6	821.17
2041.42	814.49
2042.24	802.381
2043.06	815.13
2043.88	818.736
2044.7	819.199
2045.52	803.376
2046.34	798.696
2047.16	803.445
2047.97	787.622
2048.79	793.8
2049.61	801.977
2050.43	794.44
2051.24	787.189
2052.06	786.509
2052.88	778.4
2053.69	787.72
2054.51	783.898
2055.33	789.218
2056.14	783.395
2056.96	795.001
2057.77	782.607
2058.59	780.784
2059.4	788.676
2060.22	786.281
2061.03	763.03
2061.85	781.779
2062.66	771.956
2063.48	778.419
2064.29	768.311
2065.1	751.631
2065.92	763.522
2066.73	757.7
2067.54	762.448
2068.35	748.34
2069.17	754.231
2069.98	775.266
2070.79	754.015
2071.6	754.478
2072.41	774.083
2073.22	747.118
2074.03	757.581
2074.84	752.615
2075.65	768.221
2076.46	743.541
2077.27	744.576
2078.08	736.181
2078.89	747.787
2079.7	737.679
2080.51	761.57
2081.32	758.891
2082.13	742.496
2082.94	733.531
2083.74	714.28
2084.55	732.171
2085.36	735.491
2086.17	747.669
2086.97	736.417
2087.78	733.452
2088.59	721.057
2089.39	730.663
2090.2	725.412
2091.01	710.446
2091.81	724.909
2092.62	722.23
2093.42	714.407
2094.23	711.727
2095.03	720.476
2095.84	712.653
2096.64	706.545
2097.45	719.293
2098.25	703.471
2099.05	703.648
2099.86	714.968
