150.31	3253.57
151.606	3275
152.902	3295.57
154.198	3290.14
155.492	3277.29
156.787	3237.57
158.081	3265.29
159.376	3241.86
160.669	3244.71
161.962	3251.57
163.256	3273.57
164.548	3260.14
165.841	3248.14
167.133	3261
168.424	3215.29
169.715	3253.86
171.006	3254.14
172.297	3242.43
173.587	3287.29
174.877	3266.71
176.166	3298.14
177.456	3266.71
178.745	3289
180.033	3243.29
181.321	3231
182.609	3242.14
183.897	3254.71
185.184	3211.57
186.471	3243.29
187.757	3268.14
189.044	3255.57
190.33	3214.43
191.615	3285.86
192.9	3248.14
194.185	3245
195.469	3219
196.753	3229
198.037	3234.71
199.321	3214.14
200.604	3193.86
201.887	3225.29
203.17	3216.43
204.451	3189.86
205.733	3211.86
207.014	3197
208.296	3247.57
209.576	3212.71
210.856	3243.57
212.137	3253.29
213.417	3229.86
214.696	3252.43
215.975	3267.57
217.253	3261.29
218.532	3299.57
219.81	3287
221.088	3281.86
222.365	3281.86
223.642	3328.43
224.919	3308.71
226.195	3362.14
227.471	3370.71
228.747	3428.07
230.022	3460.85
231.297	3461.63
232.572	3490.12
233.846	3446.33
235.12	3422.82
236.394	3412.75
237.667	3396.1
238.94	3398.31
240.213	3389.66
241.485	3432.73
242.757	3434.93
244.029	3448.29
245.3	3478.21
246.571	3491.56
247.842	3505.77
249.112	3531.98
250.381	3523.33
251.651	3550.11
252.921	3536.61
254.189	3608.24
255.457	3601.31
256.726	3611.8
257.994	3694.01
259.261	3677.08
260.529	3744.14
261.796	3789.78
263.062	3829.13
264.329	3861.91
265.595	3848.69
266.86	3875.76
268.125	3895.68
269.39	3850.75
270.655	3805.53
271.919	3771.17
273.182	3713.38
274.446	3636.44
275.71	3575.22
276.973	3512.29
278.234	3460.5
279.497	3417.28
280.759	3349.77
282.021	3332.27
283.281	3305.9
284.543	3302.4
285.803	3278.32
287.063	3285.67
288.322	3267.31
289.583	3288.09
290.842	3230.87
292.101	3249.37
293.358	3291.29
294.617	3265.78
295.875	3271.71
297.133	3266.2
298.389	3269.84
299.647	3283.48
300.903	3285.11
302.159	3293.89
303.415	3266.67
304.67	3306.6
305.925	3335.09
307.18	3365.3
308.435	3319.51
309.689	3295.43
310.943	3290.78
312.196	3312.99
313.45	3305.2
314.702	3265.41
315.954	3276.19
317.207	3298.11
318.459	3300.61
319.71	3283.1
320.961	3275.03
322.212	3282.95
323.463	3265.16
324.712	3267.37
325.962	3242.15
327.211	3200.36
328.461	3169.14
329.71	3139.92
330.958	3150.7
332.207	3180.62
333.454	3138.83
334.702	3177.9
335.949	3154.68
337.196	3172.6
338.442	3136.24
339.688	3160.44
340.933	3114.94
342.179	3140.58
343.424	3169.64
344.67	3159.28
345.914	3137.77
347.158	3159.13
348.402	3177.05
349.645	3191.26
350.888	3190.61
352.131	3251.39
353.373	3234.17
354.616	3218.67
355.857	3220.02
357.099	3216.23
358.34	3194.43
359.58	3207.22
360.821	3221.14
362.061	3216.78
363.301	3235.84
364.54	3220.05
365.78	3229.97
367.019	3255.33
368.257	3239.53
369.495	3297.17
370.733	3342.81
371.97	3332.16
373.208	3302.66
374.444	3274.86
375.681	3211.07
376.917	3195.28
378.153	3201.2
379.389	3164.84
380.623	3157.91
381.858	3155.55
383.092	3164.04
384.327	3153.11
385.561	3137.89
386.794	3174.95
388.027	3144.3
389.26	3176.8
390.492	3165.01
391.724	3154.64
392.956	3188.28
394.188	3183.63
395.419	3188.13
396.65	3205.48
397.88	3227.4
399.11	3211.33
400.341	3234.11
401.57	3233.46
402.799	3237.95
404.028	3266.73
405.257	3260.66
406.484	3318.87
407.712	3299.65
408.94	3285.28
410.167	3277.21
411.394	3308.27
412.621	3264.2
413.847	3277.83
415.073	3273.47
416.298	3237.97
417.523	3231.89
418.749	3249.24
419.973	3252.88
421.197	3239.66
422.421	3248.72
423.644	3216.08
424.867	3247.14
426.091	3255.64
427.313	3234.42
428.536	3226.63
429.757	3244.55
430.979	3231.33
432.201	3230.97
433.421	3214.03
434.642	3249.95
435.862	3228.73
437.082	3258.09
438.301	3253.15
439.52	3240.5
440.739	3245
441.958	3260.92
443.176	3247.42
444.394	3255.05
445.612	3313.83
446.83	3309.19
448.046	3383.68
449.263	3439.03
450.479	3498.96
451.695	3584.59
452.911	3629.37
454.126	3655.58
455.341	3681.22
456.556	3618.57
457.77	3603.64
458.985	3512.13
460.198	3456.91
461.411	3417.98
462.624	3371.04
463.837	3349.25
465.05	3336.03
466.262	3328.24
467.473	3286.74
468.685	3319.52
469.896	3324.87
471.106	3287.65
472.317	3282.43
473.527	3290.64
474.737	3262.56
475.946	3305.91
477.155	3313.84
478.364	3352.33
479.573	3422.25
480.781	3541.32
481.988	3590.1
483.195	3632.02
484.403	3574.52
485.609	3522.73
486.816	3390.65
488.022	3324.57
489.227	3283.07
490.434	3257.28
491.639	3251.2
492.844	3214.55
494.048	3205.33
495.252	3181.54
496.456	3204.32
497.66	3192.24
498.863	3210.45
500.065	3190.95
501.268	3195.44
502.47	3161.08
503.672	3131.86
504.874	3174.93
506.075	3154.85
507.275	3199.63
508.476	3187.84
509.677	3236.05
510.876	3255.11
512.076	3265.04
513.275	3263.82
514.474	3214.88
515.673	3199.95
516.871	3201.01
518.069	3188.94
519.267	3172.57
520.464	3173.35
521.661	3150.14
522.857	3178.63
524.054	3163.41
525.25	3182.19
526.445	3159.26
527.641	3176.04
528.836	3173.96
530.031	3162.45
531.225	3176.09
532.42	3204.59
533.613	3180.8
534.807	3186.43
536	3213.78
537.192	3208.28
538.384	3237.34
539.576	3219.55
540.768	3236.91
541.96	3261.11
543.151	3253.04
544.342	3267.53
545.532	3295.45
546.723	3331.38
547.912	3354.73
549.102	3380.94
550.291	3444.29
551.479	3470.78
552.668	3528.99
553.856	3562.92
555.045	3608.27
556.232	3607.62
557.419	3561.26
558.606	3528.61
559.793	3519.39
560.979	3424.46
562.165	3392.95
563.35	3359.16
564.536	3343.37
565.721	3302.43
566.906	3292.93
568.09	3284.85
569.274	3271.06
570.457	3281.84
571.64	3259.76
572.824	3295.97
574.007	3302.75
575.189	3318.68
576.37	3332.03
577.552	3352.24
578.734	3377.87
579.915	3460.08
581.096	3437.43
582.276	3451.07
583.456	3410.71
584.636	3380.06
585.816	3337.41
586.995	3359.91
588.173	3326.4
589.352	3310.61
590.53	3290.82
591.708	3268.74
592.886	3244.38
594.063	3224.3
595.239	3225.08
596.416	3247.01
597.592	3232.64
598.768	3234
599.944	3213.63
601.119	3259.27
602.294	3201.48
603.469	3216.26
604.643	3182.75
605.817	3185.25
606.99	3183.74
608.163	3204.81
609.336	3176.16
610.509	3196.37
611.682	3181.44
612.853	3171.07
614.026	3187.28
615.197	3175.78
616.368	3189.99
617.539	3173.05
618.709	3194.69
619.879	3168.61
621.049	3173.39
622.218	3166.74
623.388	3183.24
624.557	3159.16
625.725	3205.94
626.893	3183.01
628.061	3163.79
629.229	3164.57
630.396	3131.06
631.563	3130.99
632.729	3130.05
633.895	3103.4
635.062	3120.47
636.227	3121.54
637.392	3156.32
638.557	3150.81
639.722	3196.45
640.886	3173.51
642.05	3143.72
643.214	3147.65
644.377	3130.71
645.54	3109.78
646.703	3112.84
647.865	3127.91
649.027	3106.98
650.189	3131.19
651.35	3134.25
652.511	3122.75
653.672	3098.95
654.833	3121.74
655.993	3097.37
657.153	3126.72
658.312	3146.65
659.472	3163.71
660.631	3150.49
661.789	3133.27
662.947	3115.48
664.105	3137.98
665.262	3144.19
666.42	3131.25
667.576	3128.32
668.734	3109.38
669.89	3112.16
671.046	3117.52
672.201	3116.01
673.357	3114.51
674.512	3103.29
675.667	3090.92
676.821	3097.99
677.975	3103.91
679.129	3103.26
680.282	3094.62
681.435	3095.4
682.588	3080.18
683.741	3101.53
684.893	3102.88
686.045	3129.09
687.196	3099.58
688.347	3122.65
689.498	3141.43
690.649	3106.78
691.799	3116.42
692.949	3119.48
694.099	3089.12
695.248	3135.9
696.396	3137.25
697.545	3134.03
698.694	3151.67
699.842	3143.31
700.989	3159.52
702.137	3137.73
703.284	3128.51
704.43	3141.86
705.577	3165.5
706.723	3159.42
707.869	3126.77
709.014	3160.69
710.159	3122.62
711.305	3177.4
712.449	3155.89
713.593	3145.53
714.737	3136.88
715.881	3169.38
717.024	3156.44
718.167	3176.94
719.309	3181.14
720.452	3215.07
721.594	3183.28
722.735	3150.34
723.876	3139.41
725.018	3155.9
726.158	3137.26
727.299	3142.61
728.439	3121.39
729.579	3101.31
730.718	3096.09
731.857	3088.87
732.996	3118.79
734.134	3081.86
735.273	3047.21
736.411	3074.56
737.548	3041.92
738.685	3066.98
739.823	3017.76
740.959	3061.4
742.095	3051.61
743.231	3045.25
744.367	3011.17
745.502	3048.81
746.637	3029.59
747.771	3041.51
748.906	3040
750.04	3051.36
751.173	3018.99
752.308	3022.63
753.441	3006.55
754.574	3023.62
755.705	2998.4
756.838	3050.61
757.97	3037.39
759.101	3043.03
760.232	3017.52
761.364	3043.73
762.494	3002.8
763.624	3017.29
764.754	3024.07
765.883	3046.28
767.013	3071.63
768.143	3010.98
769.271	3040.33
770.399	3040.26
771.527	3047.04
772.655	3053.82
773.782	3006.6
774.909	3028.52
776.036	3071.02
777.162	3055.23
778.289	3052.58
779.415	3057.64
780.54	3066.42
781.666	3076.63
782.791	3053.13
783.915	3055.62
785.039	3065.54
786.163	3040.04
787.287	3065.39
788.411	2991.31
789.533	3053.81
790.656	3068.59
791.778	3066.8
792.9	3039.29
794.022	3045.5
795.144	3026.57
796.265	3012.78
797.386	3004.7
798.506	3028.05
799.626	3011.12
800.746	3037.9
801.866	3025.25
802.985	3043.74
804.104	3017.38
805.223	3050.16
806.341	3044.37
807.459	3034.01
808.577	3032.79
809.694	3051.28
810.811	3066.63
811.928	3040.27
813.044	3064.19
814.16	3079.83
815.277	3054.61
816.392	3057.96
817.507	3020.74
818.622	3043.52
819.737	3032.3
820.851	3026.23
821.964	3028.15
823.078	3032.36
824.192	3030.85
825.304	3035.63
826.417	3008.7
827.53	3061.19
828.642	3015.4
829.754	3052.47
830.865	3065.54
831.976	3057.46
833.087	3056.52
834.197	3033.02
835.308	3099.8
836.417	3143.15
837.527	3109.93
838.636	3149.57
839.745	3157.78
840.854	3158.84
841.962	3207.34
843.07	3218.98
844.177	3237.18
845.284	3253.96
846.392	3271.03
847.499	3294.1
848.605	3295.73
849.711	3316.51
850.817	3301.29
851.922	3271.22
853.028	3250.28
854.132	3273.35
855.237	3244.13
856.341	3321.48
857.445	3326.26
858.549	3370.76
859.653	3430.39
860.755	3517.75
861.858	3615.38
862.96	3772.45
864.062	3934.66
865.164	4207.44
866.266	4481.65
867.367	4825.28
868.468	5034.64
869.568	5179.13
870.669	5129.34
871.768	4953.55
872.868	4709.47
873.967	4481.39
875.066	4261.03
876.165	3970.38
877.263	3820.59
878.361	3659.37
879.458	3470.15
880.557	3387.22
881.653	3323.14
882.75	3255.07
883.847	3154.99
884.943	3143.48
886.038	3103.12
887.134	3047.9
888.229	3088.68
889.325	3032.6
890.419	3034.24
891.513	2996.17
892.607	3010.95
893.701	3024.58
894.794	2986.51
895.888	2991.86
896.98	2964.35
898.073	2944.56
899.165	2950.48
900.257	2953.55
901.349	2963.19
902.44	2966.83
903.53	2952.18
904.621	2942.96
905.711	2963.45
906.802	2941.66
907.891	2942.16
908.981	2959.51
910.07	2963.14
911.158	2967.92
912.247	2967.28
913.335	2977.2
914.423	2938.27
915.51	2962.76
916.597	2980.68
917.684	3006.89
918.771	2981.67
919.857	3011.31
920.943	3011.8
922.029	3088.58
923.114	3109.65
924.199	3141.29
925.284	3184.35
926.368	3206.28
927.453	3210.49
928.537	3244.12
929.62	3239.76
930.703	3226.26
931.786	3177.89
932.868	3114.39
933.95	3111.17
935.032	3030.52
936.114	3013.59
937.196	2968.37
938.277	2962.29
939.357	2953.64
940.438	2937.56
941.518	2884.63
942.598	2936.27
943.678	2866.19
944.756	2833.54
945.835	2839.46
946.914	2860.25
947.992	2834.17
949.07	2865.81
950.148	2837.44
951.225	2833.08
952.302	2818.15
953.379	2814.07
954.456	2810.28
955.531	2799.34
956.608	2799.84
957.683	2829.19
958.758	2799.97
959.833	2783.61
960.908	2772.1
961.982	2786.31
963.056	2778.52
964.13	2762.73
965.203	2771.22
966.276	2771.72
967.349	2794.5
968.421	2776.71
969.493	2765.49
970.565	2742.84
971.636	2764.19
972.708	2760.69
973.779	2765.18
974.849	2751.39
975.92	2749.88
976.99	2758.38
978.06	2761.44
979.129	2762.23
980.198	2745.58
981.267	2764.64
982.336	2761.99
983.404	2777.35
984.471	2746.13
985.539	2746.91
986.606	2786.54
987.673	2767.32
988.739	2753.82
989.806	2771.46
990.872	2773.38
991.938	2786.45
993.003	2792.08
994.069	2793.43
995.133	2805.36
996.198	2814.42
997.262	2828.92
998.326	2861.7
999.39	2825.91
1000.45	2810.12
1001.52	2848.04
1002.58	2842.53
1003.64	2843.03
1004.7	2842.38
1005.77	2840.87
1006.83	2801.94
1007.89	2816.15
1008.95	2813.5
1010.01	2764.57
1011.07	2804.78
1012.13	2760.98
1013.19	2790.34
1014.25	2765.97
1015.31	2793.9
1016.37	2773.82
1017.42	2758.89
1018.48	2775.38
1019.54	2777.59
1020.6	2760.66
1021.65	2762.86
1022.71	2737.93
1023.77	2748.43
1024.82	2777.49
1025.88	2736.27
1026.94	2758.48
1027.99	2755.26
1029.05	2757.76
1030.1	2767.11
1031.16	2756.46
1032.21	2774.95
1033.26	2771.73
1034.32	2780.8
1035.37	2794.44
1036.42	2797.79
1037.48	2817.14
1038.53	2822.78
1039.58	2868.7
1040.63	2882.34
1041.68	2953.12
1042.74	3001.33
1043.79	3076.68
1044.84	3168.6
1045.89	3249.95
1046.94	3335.88
1047.99	3405.23
1049.04	3392.58
1050.09	3407.36
1051.13	3269.86
1052.18	3184.92
1053.23	3051.99
1054.28	2975.62
1055.33	2932.41
1056.37	2842.33
1057.42	2797.97
1058.47	2801.32
1059.51	2834.38
1060.56	2785.16
1061.6	2771.09
1062.65	2807.87
1063.7	2808.08
1064.74	2820.57
1065.78	2860.21
1066.83	2877.85
1067.87	2912.63
1068.92	2927.41
1069.96	2959.33
1071	2924.11
1072.04	2948.6
1073.09	2908.81
1074.13	2817.88
1075.17	2812.37
1076.21	2787.72
1077.25	2725.65
1078.29	2733.86
1079.34	2714.64
1080.38	2730.56
1081.42	2685.63
1082.45	2706.69
1083.49	2694.33
1084.53	2695.11
1085.57	2724.46
1086.61	2700.67
1087.65	2694.88
1088.69	2664.52
1089.72	2679.58
1090.76	2665.79
1091.8	2674.29
1092.84	2674.5
1093.87	2675.28
1094.91	2682.34
1095.94	2685.12
1096.98	2673.9
1098.01	2708.4
1099.05	2684.89
1100.08	2680.81
1101.12	2683.59
1102.15	2661.52
1103.19	2671.44
1104.22	2678.79
1105.25	2704.43
1106.29	2672.07
1107.32	2700.56
1108.35	2725.91
1109.38	2716.69
1110.41	2692.05
1111.44	2697.97
1112.48	2708.75
1113.51	2692.67
1114.54	2679.45
1115.57	2706.52
1116.6	2700.16
1117.63	2697.51
1118.65	2749.43
1119.68	2742.78
1120.71	2764.99
1121.74	2759.77
1122.77	2781.41
1123.8	2794.19
1124.82	2769.26
1125.85	2742.04
1126.88	2719.1
1127.9	2715.02
1128.93	2672.38
1129.96	2698.3
1130.98	2649.37
1132.01	2669.57
1133.03	2627.21
1134.06	2621.71
1135.08	2625.63
1136.11	2633.55
1137.13	2610.33
1138.15	2607.4
1139.18	2639.61
1140.2	2610.1
1141.22	2638.88
1142.24	2599.95
1143.27	2665.01
1144.29	2641.22
1145.31	2653.72
1146.33	2641.36
1147.35	2633.56
1148.37	2620.06
1149.39	2673.7
1150.41	2665.91
1151.43	2631.54
1152.45	2648.04
1153.47	2649.67
1154.49	2641.31
1155.51	2636.09
1156.53	2658.87
1157.54	2627.37
1158.56	2617.86
1159.58	2592.93
1160.59	2641.14
1161.61	2632.77
1162.63	2642.41
1163.64	2623.76
1164.66	2592.54
1165.68	2623.32
1166.69	2599.25
1167.71	2609.74
1168.72	2578.24
1169.73	2593.3
1170.75	2607.8
1171.76	2545.72
1172.78	2590.5
1173.79	2584.42
1174.8	2594.06
1175.81	2610.84
1176.83	2637.62
1177.84	2636.12
1178.85	2630.61
1179.86	2623.68
1180.87	2614.74
1181.88	2600.95
1182.89	2596.87
1183.9	2584.8
1184.91	2563.58
1185.92	2580.93
1186.93	2557.71
1187.94	2555.92
1188.95	2549.84
1189.96	2571.76
1190.97	2571.4
1191.97	2540.47
1192.98	2555.82
1193.99	2553.46
1195	2583.67
1196	2590.45
1197.01	2575.51
1198.01	2614.29
1199.02	2612.22
1200.03	2583.85
1201.03	2588.92
1202.04	2596.27
1203.04	2631.91
1204.04	2602.69
1205.05	2579.18
1206.05	2644.53
1207.06	2609.03
1208.06	2608.38
1209.06	2593.73
1210.06	2589.66
1211.07	2599.29
1212.07	2592.64
1213.07	2582.28
1214.07	2566.49
1215.07	2598.7
1216.07	2641.48
1217.07	2629.4
1218.07	2642.76
1219.07	2641.82
1220.07	2694.32
1221.07	2694.52
1222.07	2713.88
1223.07	2713.23
1224.07	2730.87
1225.07	2748.22
1226.06	2787
1227.06	2807.49
1228.06	2834.56
1229.06	2830.2
1230.05	2847.55
1231.05	2850.04
1232.04	2853.39
1233.04	2892.17
1234.04	2889.81
1235.03	2923.16
1236.03	2963.37
1237.02	2973.61
1238.01	3019.9
1239.01	3051.47
1240	3041.75
1241	3049.64
1241.99	3018.98
1242.98	2993.16
1243.97	2926.53
1244.97	2924.71
1245.96	2858.92
1246.95	2853.06
1247.94	2791.07
1248.93	2760.6
1249.92	2746.6
1250.91	2729.27
1251.9	2711.48
1252.89	2666.83
1253.88	2669.19
1254.87	2659.27
1255.86	2639.5
1256.85	2641.61
1257.84	2601.48
1258.83	2580.39
1259.81	2567.68
1260.8	2544.84
1261.79	2576.74
1262.78	2588.67
1263.76	2568.89
1264.75	2586.3
1265.73	2602.75
1266.72	2584.44
1267.71	2597.65
1268.69	2594.89
1269.68	2581.19
1270.66	2594.18
1271.65	2580.38
1272.63	2576.62
1273.61	2585.63
1274.6	2572.69
1275.58	2577.99
1276.56	2589.55
1277.55	2612.19
1278.53	2618.59
1279.51	2611.97
1280.49	2637.32
1281.47	2657.08
1282.45	2677.95
1283.43	2706.86
1284.42	2740.5
1285.4	2760.54
1286.38	2768.85
1287.35	2757.95
1288.33	2732.91
1289.06	2702.74
1290.08	2671.21
1291.1	2664.82
1292.12	2642.72
1293.14	2589.48
1294.16	2571.66
1295.17	2530.42
1296.19	2515.46
1297.21	2513.93
1298.23	2504.69
1299.25	2478.02
1300.27	2473.63
1301.28	2453.53
1302.3	2445.43
1303.32	2448.76
1304.33	2428.08
1305.35	2417.98
1306.37	2461.03
1307.38	2439.78
1308.4	2447.4
1309.41	2456.72
1310.43	2460.91
1311.44	2460.24
1312.46	2453.28
1313.47	2453.75
1314.49	2461.93
1315.5	2448.69
1316.51	2452.02
1317.53	2437.35
1318.54	2446.96
1319.55	2474.86
1320.57	2466.76
1321.58	2454.66
1322.59	2440.56
1323.6	2443.31
1324.61	2429.5
1325.63	2411.68
1326.64	2410.44
1327.65	2394.91
1328.66	2384.52
1329.67	2414.71
1330.68	2358.32
1331.69	2384.51
1332.7	2366.69
1333.71	2405.73
1334.72	2382.78
1335.72	2354.68
1336.73	2346.86
1337.74	2337.62
1338.75	2332.94
1339.76	2324.27
1340.76	2326.74
1341.77	2334.36
1342.78	2334.26
1343.79	2304.73
1344.79	2301.77
1345.8	2297.95
1346.8	2303.85
1347.81	2315.18
1348.82	2316.79
1349.82	2320.41
1350.83	2278.02
1351.83	2268.49
1352.84	2300.68
1353.84	2282.29
1354.84	2273.05
1355.85	2277.8
1356.85	2269.42
1357.85	2276.46
1358.86	2280.07
1359.86	2285.11
1360.86	2281.01
1361.86	2234.06
1362.87	2293.1
1363.87	2285.57
1364.87	2291.75
1365.87	2272.8
1366.87	2281.84
1367.87	2276.02
1368.87	2290.49
1369.87	2292.68
1370.87	2286.86
1371.87	2296.48
1372.87	2278.66
1373.87	2305.99
1374.87	2293.32
1375.87	2292.36
1376.87	2289.69
1377.86	2295.59
1378.86	2288.06
1379.86	2282.81
1380.86	2260.71
1381.85	2253.47
1382.85	2254.51
1383.85	2258.98
1384.84	2240.31
1385.84	2225.35
1386.84	2229.82
1387.83	2236.01
1388.83	2231.05
1389.82	2226.95
1390.82	2241.99
1391.81	2239.32
1392.81	2264.08
1393.8	2299.12
1394.79	2301.88
1395.79	2309.49
1396.78	2329.96
1397.77	2359.29
1398.77	2371.76
1399.76	2408.8
1400.75	2426.41
1401.74	2457.17
1402.74	2482.5
1403.73	2436.97
1404.72	2419.44
1405.71	2390.77
1406.7	2350.67
1407.69	2327.99
1408.68	2321.32
1409.67	2311.22
1410.66	2285.69
1411.65	2285.88
1412.64	2282.63
1413.63	2275.1
1414.62	2285.57
1415.61	2278.05
1416.59	2266.8
1417.58	2232.7
1418.57	2233.46
1419.56	2219.93
1420.55	2221.54
1421.53	2201.44
1422.52	2209.63
1423.51	2202.1
1424.49	2196
1425.48	2227.61
1426.46	2212.08
1427.45	2203.41
1428.43	2228.45
1429.42	2216.64
1430.4	2246.53
1431.39	2205.29
1432.37	2239.48
1433.36	2248.52
1434.34	2242.13
1435.32	2235.17
1436.31	2214.79
1437.29	2250.11
1438.27	2232.01
1439.26	2231.06
1440.24	2224.67
1441.22	2204
1442.2	2205.9
1443.18	2236.65
1444.16	2242.55
1445.14	2274.74
1446.12	2271.78
1447.11	2333.39
1448.09	2375.29
1449.07	2416.62
1450.05	2439.38
1451.02	2469.56
1452	2481.75
1452.98	2427.36
1453.96	2398.97
1454.94	2354.87
1455.92	2374.77
1456.9	2303.53
1457.87	2287.71
1458.85	2263.61
1459.83	2269.23
1460.81	2240.27
1461.78	2214.45
1462.76	2198.64
1463.73	2163.4
1464.71	2194.15
1465.69	2133.76
1466.66	2137.66
1467.64	2148.42
1468.61	2114.03
1469.59	2148.5
1470.56	2133.55
1471.54	2140.02
1472.51	2130.77
1473.48	2127.25
1474.46	2115.43
1475.43	2102.76
1476.4	2088.37
1477.37	2074.56
1478.35	2066.74
1479.32	2061.5
1480.29	2061.4
1481.26	2070.44
1482.23	2042.91
1483.21	2045.38
1484.18	2054.42
1485.15	2037.75
1486.12	2053.94
1487.09	2038.41
1488.06	2048.31
1489.03	2013.92
1490	2026.96
1490.97	2044
1491.93	2023.9
1492.9	2039.8
1493.87	2033.7
1494.84	2049.6
1495.81	2020.07
1496.77	2021.4
1497.74	2021.87
1498.71	1986.63
1499.68	2005.67
1500.64	1998.71
1501.61	1979.47
1502.58	1967.94
1503.54	1983.84
1504.51	2004.31
1505.47	1964.78
1506.44	1947.25
1507.4	1976
1508.37	1981.05
1509.33	1952.95
1510.3	1973.7
1511.26	1979.03
1512.22	1986.07
1513.19	1983.11
1514.15	1990.44
1515.11	2012.34
1516.08	1986.24
1517.04	1980.14
1518	1974.04
1518.96	1978.8
1519.92	1981.55
1520.88	1968.88
1521.85	1950.49
1522.81	1948.96
1523.77	1925.15
1524.73	1939.33
1525.69	1945.52
1526.65	1937.99
1527.61	1929.6
1528.57	1932.07
1529.53	1945.4
1530.48	1916.16
1531.44	1932.63
1532.4	1911.96
1533.36	1927.29
1534.32	1919.76
1535.28	1906.8
1536.23	1907.84
1537.19	1924.31
1538.15	1919.92
1539.1	1914.11
1540.06	1902.58
1541.02	1893.62
1541.97	1916.66
1542.93	1907.99
1543.88	1907.32
1544.84	1914.93
1545.79	1906.55
1546.75	1905.3
1547.7	1893.2
1548.66	1917.96
1549.61	1901.57
1550.56	1913.76
1551.52	1908.23
1552.47	1911.84
1553.42	1901.46
1554.38	1894.5
1555.33	1896.11
1556.28	1890.3
1557.23	1905.91
1558.18	1900.38
1559.14	1896.85
1560.09	1865.61
1561.04	1900.36
1561.99	1890.55
1562.94	1926.73
1563.89	1887.78
1564.84	1875.68
1565.79	1877
1566.74	1889.47
1567.69	1870.23
1568.64	1887.27
1569.59	1894.6
1570.53	1865.07
1571.48	1886.4
1572.43	1867.73
1573.38	1866.2
1574.33	1856.95
1575.27	1849.14
1576.22	1865.61
1577.17	1862.37
1578.11	1876.55
1579.06	1873.59
1580	1882.06
1580.95	1858.53
1581.9	1841.86
1582.84	1856.9
1583.79	1853.66
1584.73	1838.99
1585.67	1850.03
1586.62	1848.5
1587.56	1828.97
1588.51	1840.87
1589.45	1834.48
1590.39	1828.38
1591.34	1823.14
1592.28	1807.9
1593.22	1821.51
1594.16	1830.27
1595.11	1833.02
1596.05	1821.78
1596.99	1807.39
1597.93	1819.86
1598.87	1824.05
1599.81	1795.38
1600.75	1822.42
1601.69	1827.46
1602.63	1831.07
1603.57	1826.97
1604.51	1826.02
1605.45	1837.34
1606.39	1854.1
1607.33	1855.71
1608.27	1842.18
1609.21	1836.08
1610.14	1865.7
1611.08	1843.03
1612.02	1848.92
1612.96	1812.54
1613.89	1828.15
1614.83	1816.62
1615.77	1801.95
1616.7	1794.42
1617.64	1780.89
1618.58	1800.22
1619.51	1752.4
1620.45	1745.73
1621.38	1758.49
1622.32	1773.24
1623.25	1749.14
1624.19	1783.04
1625.12	1758.09
1626.05	1759.13
1626.99	1741.88
1627.92	1770.07
1628.85	1747.11
1629.79	1770.72
1630.72	1774.05
1631.65	1790.24
1632.58	1779.57
1633.52	1786.89
1634.45	1799.08
1635.38	1831.55
1636.31	1842.88
1637.24	1807.35
1638.17	1819.82
1639.1	1804.57
1640.03	1785.62
1640.96	1794.66
1641.89	1788.27
1642.82	1763.89
1643.75	1735.5
1644.68	1735.11
1645.61	1737.87
1646.54	1714.91
1647.46	1703.1
1648.39	1690.42
1649.32	1696.61
1650.25	1698.22
1651.17	1708.98
1652.1	1700.31
1653.03	1677.63
1653.95	1678.11
1654.88	1662.29
1655.81	1685.33
1656.73	1667.52
1657.66	1661.7
1658.58	1678.17
1659.51	1666.36
1660.43	1660.54
1661.36	1676.73
1662.28	1653.48
1663.21	1668.24
1664.13	1652.71
1665.05	1648.61
1665.98	1617.65
1666.9	1656.41
1667.82	1660.31
1668.74	1631.64
1669.67	1656.96
1670.59	1640.86
1671.51	1642.19
1672.43	1640.95
1673.35	1613.99
1674.27	1621.89
1675.19	1608.93
1676.12	1622.54
1677.04	1619.3
1677.96	1614.92
1678.88	1623.67
1679.79	1613
1680.71	1606.9
1681.63	1610.8
1682.55	1594.7
1683.47	1607.17
1684.39	1621.64
1685.31	1601.54
1686.23	1618.87
1687.14	1627.62
1688.06	1604.38
1688.98	1610.85
1689.89	1585.89
1690.81	1587.5
1691.73	1599.12
1692.64	1597.3
1693.56	1594.35
1694.48	1587.67
1695.39	1598.14
1696.31	1589.19
1697.22	1561.09
1698.14	1589.27
1699.05	1591.17
1699.96	1585.07
1700.88	1581.83
1701.79	1580.3
1702.7	1581.05
1703.62	1604.67
1704.53	1585.14
1705.44	1569.32
1706.36	1590.65
1707.27	1567.41
1708.18	1585.3
1709.09	1556.35
1710	1570.82
1710.92	1582.15
1711.83	1572.05
1712.74	1575.09
1713.65	1571.56
1714.56	1570.03
1715.47	1558.5
1716.38	1574.68
1717.29	1574.87
1718.2	1555.91
1719.11	1571.24
1720.01	1581.42
1720.92	1550.75
1721.83	1575.22
1722.74	1579.98
1723.65	1581.02
1724.56	1574.35
1725.46	1586.82
1726.37	1584.72
1727.28	1600.9
1728.18	1632.23
1729.09	1652.42
1730	1663.74
1730.9	1675.64
1731.81	1685.83
1732.71	1699.16
1733.62	1705.06
1734.52	1693.24
1735.43	1696.85
1736.33	1650.18
1737.24	1662.94
1738.14	1640.84
1739.04	1630.45
1739.95	1622.64
1740.85	1607.39
1741.75	1614.44
1742.66	1597.76
1743.56	1605.09
1744.46	1579.85
1745.36	1592.32
1746.26	1581.93
1747.17	1608.69
1748.07	1564.59
1748.97	1584.77
1749.87	1566.96
1750.77	1553.43
1751.67	1558.18
1752.57	1544.94
1753.47	1545.13
1754.37	1570.17
1755.27	1538.07
1756.17	1535.68
1757.07	1533.58
1757.97	1505.76
1758.86	1504.24
1759.76	1514.71
1760.66	1499.46
1761.56	1499.36
1762.45	1503.26
1763.35	1503.45
1764.25	1483.63
1765.15	1471.24
1766.04	1472.86
1766.94	1449.04
1767.83	1473.51
1768.73	1467.41
1769.63	1452.46
1770.52	1445.5
1771.42	1446.25
1772.31	1423.01
1773.2	1433.48
1774.1	1415.95
1774.99	1445.57
1775.89	1441.46
1776.78	1424.22
1777.67	1437.55
1778.57	1422.59
1779.46	1417.92
1780.35	1432.1
1781.24	1414
1782.14	1419.33
1783.03	1414.09
1783.92	1407.7
1784.81	1423.03
1785.7	1418.07
1786.59	1404.83
1787.48	1407.01
1788.37	1392.34
1789.26	1391.95
1790.15	1401.57
1791.04	1394.32
1791.93	1376.51
1792.82	1406.41
1793.71	1406.31
1794.6	1379.35
1795.49	1392.96
1796.38	1375.43
1797.26	1408.19
1798.15	1400.66
1799.04	1362.85
1799.93	1384.74
1800.81	1385.79
1801.7	1396.54
1802.59	1367.59
1803.47	1372.06
1804.36	1388.53
1805.24	1389.28
1806.13	1378.04
1807.02	1374.22
1807.9	1361.27
1808.79	1359.45
1809.67	1350.49
1810.55	1360.96
1811.44	1347.72
1812.32	1361.05
1813.21	1342.95
1814.09	1350.85
1814.97	1355.6
1815.86	1352.36
1816.74	1370.26
1817.62	1339.3
1818.5	1355.49
1819.38	1339.96
1820.27	1316.71
1821.15	1338.33
1822.03	1318.23
1822.91	1304.7
1823.79	1326.31
1824.67	1317.92
1825.55	1319.25
1826.43	1335.15
1827.31	1334.76
1828.19	1323.81
1829.07	1307.99
1829.95	1318.18
1830.83	1306.65
1831.71	1307.12
1832.58	1316.16
1833.46	1316.92
1834.34	1286.24
1835.22	1303.57
1836.1	1316.04
1836.97	1286.8
1837.85	1295.84
1838.73	1302.03
1839.6	1291.93
1840.48	1301.54
1841.35	1285.44
1842.23	1280.77
1843.11	1272.95
1843.98	1267.99
1844.86	1282.18
1845.73	1287.51
1846.6	1276.26
1847.48	1269.02
1848.35	1277.78
1849.23	1282.25
1850.1	1255.29
1850.97	1262.9
1851.85	1275.94
1852.72	1251.27
1853.59	1287.46
1854.46	1253.36
1855.34	1260.11
1856.21	1256.01
1857.08	1269.34
1857.95	1249.52
1858.82	1257.14
1859.69	1264.47
1860.56	1259.79
1861.43	1244.55
1862.3	1254.16
1863.17	1237.21
1864.04	1245.68
1864.91	1241.58
1865.78	1236.33
1866.65	1256.23
1867.52	1226.7
1868.39	1224.03
1869.26	1247.07
1870.13	1230.97
1870.99	1249.16
1871.86	1239.91
1872.73	1223.24
1873.59	1237.43
1874.46	1234.75
1875.33	1217.22
1876.19	1224.84
1877.06	1231.02
1877.93	1217.21
1878.79	1241.96
1879.66	1230.15
1880.52	1224.91
1881.39	1222.52
1882.25	1229.28
1883.12	1216.03
1883.98	1206.5
1884.84	1221.83
1885.71	1208.3
1886.57	1220.49
1887.43	1203.53
1888.3	1210.28
1889.16	1206.47
1890.02	1211.8
1890.89	1196.27
1891.75	1207.6
1892.61	1185.78
1893.47	1213.39
1894.33	1187.01
1895.19	1180.05
1896.05	1201.09
1896.91	1210.13
1897.78	1203.75
1898.64	1210.79
1899.5	1203.26
1900.35	1209.45
1901.21	1186.49
1902.07	1183.24
1902.93	1190.57
1903.79	1187.33
1904.65	1176.09
1905.51	1181.13
1906.37	1174.74
1907.22	1166.93
1908.08	1155.11
1908.94	1176.72
1909.8	1171.19
1910.65	1182.81
1911.51	1177.85
1912.36	1165.18
1913.22	1154.22
1914.08	1162.41
1914.93	1171.73
1915.79	1173.06
1916.64	1158.96
1917.5	1165.43
1918.35	1147.04
1919.21	1148.37
1920.06	1148.84
1920.92	1165.6
1921.77	1171.21
1922.62	1133.68
1923.48	1145.3
1924.33	1147.77
1925.18	1143.95
1926.03	1143.28
1926.89	1146.04
1927.74	1143.65
1928.59	1135.84
1929.44	1126.02
1930.29	1144.78
1931.14	1121.25
1932	1129.43
1932.85	1120.76
1933.7	1134.95
1934.55	1103.99
1935.4	1127.89
1936.25	1136.93
1937.1	1140.26
1937.94	1119.01
1938.79	1129.2
1939.64	1116.81
1940.49	1110.43
1941.34	1099.47
1942.19	1105.94
1943.04	1122.69
1943.88	1093.45
1944.73	1102.21
1945.58	1122.11
1946.42	1102.29
1947.27	1088.19
1948.12	1100.66
1948.96	1111.13
1949.81	1095.89
1950.65	1096.07
1951.5	1095.97
1952.34	1090.73
1953.19	1094.63
1954.03	1103.1
1954.88	1090.71
1955.72	1099.47
1956.57	1080.23
1957.41	1080.13
1958.25	1063.17
1959.1	1081.92
1959.94	1065.54
1960.78	1078.87
1961.63	1081.34
1962.47	1070.09
1963.31	1060.85
1964.15	1070.18
1964.99	1055.79
1965.84	1057.12
1966.68	1073.3
1967.52	1063.2
1968.36	1061.1
1969.2	1055
1970.04	1055.76
1970.88	1049.66
1971.72	1051.27
1972.56	1050.03
1973.4	1052.78
1974.24	1060.97
1975.08	1043.44
1975.91	1046.19
1976.75	1046.09
1977.59	1049.99
1978.43	1037.89
1979.27	1019.79
1980.1	1037.41
1980.94	1036.16
1981.78	1024.92
1982.62	1019.1
1983.45	1024.72
1984.29	1018.9
1985.12	1021.94
1985.96	1020.7
1986.79	1020.89
1987.63	1033.07
1988.46	1023.83
1989.3	1017.44
1990.13	1017.34
1990.97	1011.81
1991.8	1022.28
1992.64	1010.47
1993.47	1018.65
1994.3	1005.98
1995.14	990.449
1995.97	1012.06
1996.8	1002.53
1997.64	1010.15
1998.47	1007.76
1999.3	1015.37
2000.13	985.559
2000.96	991.744
2001.79	991.929
2002.63	997.257
2003.46	987.728
2004.29	997.056
2005.12	979.241
2005.95	999.14
2006.78	997.611
2007.61	986.081
2008.44	989.695
2009.27	979.88
2010.09	973.208
2010.92	967.393
2011.75	974.72
2012.58	951.763
2013.41	983.947
2014.24	971.275
2015.06	968.032
2015.89	972.788
2016.72	979.259
2017.54	959.158
2018.37	964.486
2019.2	964.385
2020.02	955.999
2020.85	969.898
2021.68	979.512
2022.5	944.554
2023.33	936.453
2024.15	945.495
2024.98	946.823
2025.8	956.722
2026.62	959.479
2027.45	936.806
2028.27	950.706
2029.1	936.319
2029.92	941.933
2030.74	946.118
2031.56	958.874
2032.39	934.488
2033.21	933.816
2034.03	928.572
2034.85	912.186
2035.68	931.228
2036.5	947.413
2037.32	931.026
2038.14	943.497
2038.96	939.396
2039.78	928.153
2040.6	926.052
2041.42	924.808
2042.24	912.708
2043.06	919.178
2043.88	917.649
2044.7	910.405
2045.52	916.59
2046.34	926.775
2047.16	907.532
2047.97	901.431
2048.79	898.759
2049.61	908.944
2050.43	918.843
2051.24	913.599
2052.06	905.213
2052.88	908.827
2053.69	897.869
2054.51	895.482
2055.33	902.524
2056.14	900.709
2056.96	892.037
2057.77	900.794
2058.59	904.979
2059.4	878.021
2060.22	899.92
2061.03	896.962
2061.85	885.719
2062.66	881.904
2063.48	891.231
2064.29	878.559
2065.1	882.173
2065.92	884.072
2066.73	888.257
2067.54	877.585
2068.35	884.913
2069.17	892.812
2069.98	882.14
2070.79	878.896
2071.6	877.653
2072.41	882.695
2073.22	875.737
2074.03	861.922
2074.84	857.25
2075.65	876.006
2076.46	851.048
2077.27	865.519
2078.08	860.847
2078.89	853.032
2079.7	871.217
2080.51	858.83
2081.32	862.729
2082.13	860.057
2082.94	857.099
2083.74	833.284
2084.55	827.469
2085.36	853.94
2086.17	853.268
2086.97	840.31
2087.78	842.209
2088.59	844.966
2089.39	848.865
2090.2	827.05
2091.01	834.663
2091.81	848.849
2092.62	831.891
2093.42	810.647
2094.23	841.975
2095.03	848.446
2095.84	834.916
2096.64	811.958
2097.45	820.143
2098.25	838.043
2099.05	822.513
2099.86	815.555
