150.31	2847.86
151.606	2889.29
152.902	2901.86
154.198	2878.71
155.492	2903.57
156.787	2865
158.081	2903.86
159.376	2862.71
160.669	2838.43
161.962	2841.29
163.256	2849
164.548	2834.14
165.841	2834.43
167.133	2838.14
168.424	2840.14
169.715	2849.57
171.006	2865.57
172.297	2845
173.587	2856.71
174.877	2868.14
176.166	2875.29
177.456	2876.71
178.745	2868.71
180.033	2880.14
181.321	2862.43
182.609	2874.71
183.897	2863.29
185.184	2866.71
186.471	2880.71
187.757	2873
189.044	2874.14
190.33	2882.43
191.615	2891
192.9	2900.14
194.185	2911.29
195.469	2890.14
196.753	2873
198.037	2867.57
199.321	2897.86
200.604	2869
201.887	2891
203.17	2887
204.451	2878.71
205.733	2895.86
207.014	2854.14
208.296	2914.43
209.576	2887.29
210.856	2891.29
212.137	2909
213.417	2904.71
214.696	2901.29
215.975	2915
217.253	2932.71
218.532	2928.43
219.81	2953.29
221.088	2959.57
222.365	2967.86
223.642	2963.57
224.919	2991.29
226.195	2969
227.471	3010.14
228.747	3049.45
230.022	3108.19
231.297	3130.36
232.572	3112.53
233.846	3134.41
235.12	3132.29
236.394	3121.88
237.667	3089.19
238.94	3119.65
240.213	3123.81
241.485	3097.41
242.757	3122.72
244.029	3122.6
245.3	3149.63
246.571	3163.22
247.842	3187.39
249.112	3275.56
250.381	3225.72
251.651	3280.18
252.921	3253.49
254.189	3296.22
255.457	3311.25
256.726	3325.7
257.994	3377.87
259.261	3419.46
260.529	3395.92
261.796	3456.94
263.062	3494.82
264.329	3504.42
265.595	3549.16
266.86	3596.18
268.125	3624.35
269.39	3616.23
270.655	3652.4
271.919	3542.85
273.182	3540.73
274.446	3448.9
275.71	3378.78
276.973	3324.66
278.234	3253.11
279.497	3226.14
280.759	3139.16
282.021	3114.47
283.281	3080.64
284.543	3101.66
285.803	3078.69
287.063	3048
288.322	3035.02
289.583	3034.9
290.842	2989.36
292.101	3026.95
293.358	3033.41
294.617	3009.86
295.875	3028.6
297.133	2990.76
298.389	3039.22
299.647	3025.67
300.903	3044.12
302.159	3030.29
303.415	3085.31
304.67	3056.34
305.925	3063.36
307.18	3038.96
308.435	3073.41
309.689	3077.86
310.943	3054.6
312.196	3073.06
313.45	3066.37
314.702	3091.1
315.954	3046.7
317.207	3043.44
318.459	3051.61
319.71	3069.77
320.961	3096.23
322.212	3083.82
323.463	3069.42
324.712	3068.16
325.962	3030.04
327.211	2993.63
328.461	3003.51
329.71	2975.68
330.958	2947.85
332.207	2944.87
333.454	2955.61
334.702	2953.78
335.949	2965.09
337.196	2948.11
338.442	2941.71
339.688	2967.02
340.933	2953.76
342.179	2957.92
343.424	2942.38
344.67	2950.54
345.914	2977.85
347.158	2979.16
348.402	2971.33
349.645	2976.36
350.888	2989.09
352.131	3035.26
353.373	3028.57
354.616	3044.45
355.857	3053.76
357.099	3038.5
358.34	3008.67
359.58	3039.69
360.821	3019.57
362.061	2999.74
363.301	3028.48
364.54	3004.65
365.78	3055.1
367.019	3034.98
368.257	3098
369.495	3083.03
370.733	3144.34
371.97	3137.65
373.208	3182.96
374.444	3158.84
375.681	3133.01
376.917	3095.17
378.153	3054.2
379.389	3012.37
380.623	2996.82
381.858	2984.7
383.092	2988.58
384.327	2993.61
385.561	2986.06
386.794	3003.94
388.027	2985.25
389.26	2987.7
390.492	2982.44
391.724	3015.47
392.956	3005.92
394.188	2978.66
395.419	3056.25
396.65	3060.71
397.88	3042.3
399.11	3055.9
400.341	3076.06
401.57	3083.09
402.799	3053.26
404.028	3091.42
405.257	3125.02
406.484	3094.9
407.712	3132.5
408.94	3154.09
410.167	3154.54
411.394	3161.85
412.621	3142.31
413.847	3135.9
415.073	3128.64
416.298	3108.81
417.523	3108.4
418.749	3116.29
419.973	3130.74
421.197	3112.33
422.421	3123.64
423.644	3144.38
424.867	3105.98
426.091	3125.57
427.313	3142.03
428.536	3149.05
429.757	3139.5
430.979	3173.67
432.201	3143.55
433.421	3130.58
434.642	3131.6
435.862	3134.91
437.082	3132.79
438.301	3137.82
439.52	3128.84
440.739	3150.72
441.958	3156.89
443.176	3151.63
444.394	3170.08
445.612	3195.68
446.83	3198.99
448.046	3255.44
449.263	3299.89
450.479	3330.92
451.695	3408.23
452.911	3473.54
454.126	3517.99
455.341	3574.73
456.556	3555.18
457.77	3533.63
458.985	3507.52
460.198	3446.83
461.411	3382.99
462.624	3327.45
463.837	3297.9
465.05	3270.07
466.262	3302.52
467.473	3243.26
468.685	3236.85
469.896	3250.16
471.106	3267.19
472.317	3249.35
473.527	3249.24
474.737	3193.4
475.946	3245
477.155	3273.17
478.364	3256.76
479.573	3259.5
480.781	3339.1
481.988	3405.55
483.195	3471.14
484.403	3567.31
485.609	3547.48
486.816	3483.65
488.022	3363.24
489.227	3308.84
490.434	3225
491.639	3186.6
492.844	3178.2
494.048	3167.51
495.252	3169.1
496.456	3161.55
497.66	3170.01
498.863	3199.6
500.065	3212.34
501.268	3182.22
502.47	3174.96
503.672	3164.56
504.874	3159.01
506.075	3166.03
507.275	3176.2
508.476	3194.08
509.677	3198.82
510.876	3245.56
512.076	3249.16
513.275	3241.04
514.474	3250.06
515.673	3230.51
516.871	3239.25
518.069	3205.42
519.267	3206.44
520.464	3157.18
521.661	3195.92
522.857	3176.66
524.054	3202.26
525.25	3207.28
526.445	3186.88
527.641	3211.33
528.836	3226.07
530.031	3228.52
531.225	3198.12
532.42	3236.57
533.613	3243.31
534.807	3220.05
536	3239.36
537.192	3253.52
538.384	3266.55
539.576	3249.86
540.768	3274.6
541.96	3264.19
543.151	3293.22
544.342	3313.38
545.532	3316.12
546.723	3356.57
547.912	3360.46
549.102	3385.77
550.291	3440.79
551.479	3466.39
552.668	3526.55
553.856	3553.86
555.045	3625.46
556.232	3700.77
557.419	3698.65
558.606	3678.82
559.793	3654.13
560.979	3587.72
562.165	3552.75
563.35	3503.2
564.536	3471.08
565.721	3447.25
566.906	3416.56
568.09	3361.58
569.274	3384.04
570.457	3369.06
571.64	3390.08
572.824	3377.68
574.007	3383.56
575.189	3367.73
576.37	3413.04
577.552	3409.78
578.734	3462.23
579.915	3504.68
581.096	3559.71
582.276	3593.87
583.456	3568.61
584.636	3554.21
585.816	3526.66
586.995	3489.97
588.173	3507.57
589.352	3474.59
590.53	3459.33
591.708	3435.5
592.886	3428.52
594.063	3419.83
595.239	3365.14
596.416	3399.59
597.592	3340.05
598.768	3383.93
599.944	3372.09
601.119	3376.83
602.294	3373.86
603.469	3371.17
604.643	3336.19
605.817	3348.93
606.99	3369.67
608.163	3355.27
609.336	3348.86
610.509	3336.74
611.682	3313.2
612.853	3331.08
614.026	3347.24
615.197	3331.41
616.368	3335.29
617.539	3331.75
618.709	3306.77
619.879	3324.36
621.049	3305.1
622.218	3340.7
623.388	3343.72
624.557	3345.89
625.725	3325.49
626.893	3343.94
628.061	3348.11
629.229	3338.84
630.396	3297.58
631.563	3305.75
632.729	3305.63
633.895	3284.37
635.062	3291.97
636.227	3314.99
637.392	3318.01
638.557	3321.9
639.722	3368.06
640.886	3355.94
642.05	3348.68
643.214	3355.71
644.377	3354.16
645.54	3342.04
646.703	3329.64
647.865	3328.66
649.027	3289.4
650.189	3301
651.35	3318.02
652.511	3336.76
653.672	3329.21
654.833	3339.09
655.993	3333.26
657.153	3341.71
658.312	3367.31
659.472	3357.19
660.631	3358.5
661.789	3390.1
662.947	3364.83
664.105	3409
665.262	3417.74
666.42	3373.91
667.576	3371.79
668.734	3365.39
669.89	3385.27
671.046	3330.58
672.201	3354.74
673.357	3356.34
674.512	3349.08
675.667	3329.82
676.821	3324.27
677.975	3338.15
679.129	3350.03
680.282	3324.2
681.435	3341.51
682.588	3352.53
683.741	3348.41
684.893	3357.15
686.045	3372.46
687.196	3381.49
688.347	3372.8
689.498	3355.82
690.649	3355.13
691.799	3333.01
692.949	3368.32
694.099	3385.35
695.248	3372.37
696.396	3415.11
697.545	3375.85
698.694	3431.16
699.842	3433.9
700.989	3417.78
702.137	3468.23
703.284	3444.68
704.43	3404.57
705.577	3438.16
706.723	3435.47
707.869	3454.5
709.014	3455.52
710.159	3462.54
711.305	3470.14
712.449	3491.16
713.593	3463.9
714.737	3442.07
715.881	3457.95
717.024	3456.69
718.167	3473.43
719.309	3458.45
720.452	3479.48
721.594	3493.07
722.735	3485.81
723.876	3482.26
725.018	3489.86
726.158	3426.6
727.299	3441.05
728.439	3465.22
729.579	3426.24
730.718	3440.12
731.857	3410.29
732.996	3430.17
734.134	3397.2
735.273	3409.65
736.411	3398.39
737.548	3394.56
738.685	3397.87
739.823	3381.75
740.959	3341.34
742.095	3384.94
743.231	3357.96
744.367	3361.27
745.502	3355.44
746.637	3377.04
747.771	3367.2
748.906	3370.8
750.04	3356.97
751.173	3345.99
752.308	3394.44
753.441	3386.32
754.574	3369.63
755.705	3323.8
756.838	3358.54
757.97	3383.28
759.101	3375.16
760.232	3385.04
761.364	3371.49
762.494	3349.38
763.624	3390.4
764.754	3390.57
765.883	3410.73
767.013	3366.62
768.143	3373.07
769.271	3377.52
770.399	3411.4
771.527	3409
772.655	3415.74
773.782	3411.62
774.909	3408.36
776.036	3427.67
777.162	3423.55
778.289	3431.14
779.415	3430.74
780.54	3430.34
781.666	3455.36
782.791	3446.96
783.915	3445.12
785.039	3440.43
786.163	3401.46
787.287	3452.2
788.411	3451.79
789.533	3434.53
790.656	3458.98
791.778	3472.58
792.9	3435.89
794.022	3468.63
795.144	3460.22
796.265	3458.1
797.386	3459.7
798.506	3459.3
799.626	3453.18
800.746	3440.77
801.866	3455.23
802.985	3450.25
804.104	3449.56
805.223	3431.73
806.341	3445.32
807.459	3461.2
808.577	3440.51
809.694	3449.54
810.811	3437.99
811.928	3478.73
813.044	3459.47
814.16	3522.78
815.277	3469.8
816.392	3521.11
817.507	3487.85
818.622	3450.3
819.737	3445.33
820.851	3440.35
821.964	3450.23
823.078	3467.26
824.192	3468
825.304	3505.88
826.417	3481.19
827.53	3472.21
828.642	3497.24
829.754	3504.26
830.865	3522.43
831.976	3526.6
833.087	3494.19
834.197	3528.93
835.308	3548.81
836.417	3553.26
837.527	3590.86
838.636	3603.31
839.745	3614.62
840.854	3636.5
841.962	3648.96
843.07	3686.27
844.177	3675.29
845.284	3722.32
846.392	3714.77
847.499	3739.22
848.605	3847.1
849.711	3812.41
850.817	3838.29
851.922	3838.75
853.028	3824.91
854.132	3785.08
855.237	3781.53
856.341	3821.99
857.445	3811.87
858.549	3859.18
859.653	3914.77
860.755	3962.65
861.858	4069.11
862.96	4125.85
864.062	4249.44
865.164	4468.47
866.266	4691.21
867.367	4972.8
868.468	5314.11
869.568	5647.99
870.669	5793.02
871.768	5821.18
872.868	5762.21
873.967	5476.95
875.066	5216.54
876.165	4977.28
877.263	4711.73
878.361	4483.9
879.458	4342.64
880.557	4109.66
881.653	4024.12
882.75	3908.28
883.847	3839.59
884.943	3786.62
886.038	3705.64
887.134	3635.81
888.229	3636.55
889.325	3571.29
890.419	3564.31
891.513	3576.48
892.607	3542.07
893.701	3542.81
894.794	3537.84
895.888	3532.86
896.98	3486.17
898.073	3506.62
899.165	3470.22
900.257	3470.39
901.349	3503.98
902.44	3477.29
903.53	3455.74
904.621	3473.34
905.711	3434.94
906.802	3502.82
907.891	3486.7
908.981	3510.01
910.07	3516.18
911.158	3489.2
912.247	3503.94
913.335	3504.68
914.423	3518.84
915.51	3512.15
916.597	3560.89
917.684	3563.35
918.771	3533.51
919.857	3542.82
920.943	3573.28
922.029	3558.87
923.114	3616.75
924.199	3645.49
925.284	3658.52
926.368	3716.11
927.453	3744.85
928.537	3781.3
929.62	3828.9
930.703	3825.35
931.786	3824.95
932.868	3764.26
933.95	3734.42
935.032	3700.31
936.114	3595.9
937.196	3578.07
938.277	3551.95
939.357	3509.26
940.438	3470.86
941.518	3490.17
942.598	3463.19
943.678	3494.21
944.756	3446.67
945.835	3410.55
946.914	3418.72
947.992	3388.6
949.07	3365.91
950.148	3362.36
951.225	3373.96
952.302	3352.12
953.379	3341.43
954.456	3377.89
955.531	3341.2
956.608	3325.08
957.683	3341.24
958.758	3339.7
959.833	3321.01
960.908	3296.6
961.982	3321.06
963.056	3319.51
964.13	3273.39
965.203	3276.41
966.276	3288.01
967.349	3293.03
968.421	3288.92
969.493	3251.08
970.565	3273.25
971.636	3298.85
972.708	3322.44
973.779	3280.61
974.849	3298.49
975.92	3318.37
976.99	3319.97
978.06	3285.28
979.129	3308.3
980.198	3317.61
981.267	3315.21
982.336	3322.8
983.404	3296.97
984.471	3290.28
985.539	3331.3
986.606	3335.47
987.673	3365.07
988.739	3352.66
989.806	3348.26
990.872	3330.14
991.938	3329.45
993.003	3362.47
994.069	3344.93
995.133	3375.95
996.198	3347.83
997.262	3399.43
998.326	3434.45
999.39	3422.62
1000.45	3377.64
1001.52	3439.24
1002.58	3388.55
1003.64	3417
1004.7	3452.88
1005.77	3446.77
1006.83	3461.22
1007.89	3421.67
1008.95	3390.7
1010.01	3416.86
1011.07	3377.32
1012.13	3406.63
1013.19	3381.65
1014.25	3396.39
1015.31	3423.7
1016.37	3416.15
1017.42	3415.75
1018.48	3383.63
1019.54	3389.22
1020.6	3382.53
1021.65	3366.99
1022.71	3384.01
1023.77	3383.61
1024.82	3400.63
1025.88	3374.23
1026.94	3388.68
1027.99	3387.42
1029.05	3375.87
1030.1	3388.32
1031.16	3392.49
1032.21	3414.94
1033.26	3414.25
1034.32	3411.28
1035.37	3439.16
1036.42	3453.04
1037.48	3467.49
1038.53	3460.23
1039.58	3489.54
1040.63	3495.14
1041.68	3535.31
1042.74	3582.04
1043.79	3624.78
1044.84	3726.66
1045.89	3820.55
1046.94	3910.43
1047.99	4000.31
1049.04	4106.19
1050.09	4093.21
1051.13	4114.81
1052.18	4007.83
1053.23	3908.57
1054.28	3810.74
1055.33	3678.91
1056.37	3595.93
1057.42	3558.38
1058.47	3508.84
1059.51	3488.43
1060.56	3490.6
1061.6	3485.34
1062.65	3510.36
1063.7	3452.53
1064.74	3466.41
1065.78	3496.86
1066.83	3520.74
1067.87	3539.77
1068.92	3602.22
1069.96	3661.25
1071	3634.27
1072.04	3640.15
1073.09	3662.03
1074.13	3651.34
1075.17	3599.23
1076.21	3546.53
1077.25	3520.13
1078.29	3464.87
1079.34	3445.32
1080.38	3407.2
1081.42	3437.94
1082.45	3437.25
1083.49	3406.85
1084.53	3408.73
1085.57	3410.32
1086.61	3419.92
1087.65	3401.52
1088.69	3377.97
1089.72	3397.28
1090.76	3367.73
1091.8	3376.19
1092.84	3376.92
1093.87	3352.52
1094.91	3383.54
1095.94	3352.28
1096.98	3356.45
1098.01	3373.19
1099.05	3353.35
1100.08	3357.52
1101.12	3353.12
1102.15	3387
1103.19	3373.45
1104.22	3390.48
1105.25	3371.21
1106.29	3392.24
1107.32	3409.26
1108.35	3411.72
1109.38	3407.88
1110.41	3440.62
1111.44	3408.79
1112.48	3435.24
1113.51	3411.98
1114.54	3418.72
1115.57	3412.89
1116.6	3411.91
1117.63	3426.93
1118.65	3439.39
1119.68	3441.55
1120.71	3437.44
1121.74	3463.32
1122.77	3485.2
1123.8	3482.51
1124.82	3484.68
1125.85	3449.13
1126.88	3431.01
1127.9	3430.32
1128.93	3451.63
1129.96	3419.23
1130.98	3385.39
1132.01	3349.85
1133.03	3338.3
1134.06	3311.61
1135.08	3327.2
1136.11	3329.94
1137.13	3330.11
1138.15	3312.85
1139.18	3338.16
1140.2	3306.33
1141.22	3307.64
1142.24	3322.09
1143.27	3318.83
1144.29	3334.71
1145.31	3344.88
1146.33	3344.19
1147.35	3322.64
1148.37	3337.66
1149.39	3312.97
1150.41	3325.43
1151.43	3336.45
1152.45	3367.47
1153.47	3349.07
1154.49	3351.52
1155.51	3349.69
1156.53	3335
1157.54	3323.74
1158.56	3367.05
1159.58	3350.64
1160.59	3326.53
1161.61	3290.41
1162.63	3351.15
1163.64	3324.46
1164.66	3336.91
1165.68	3345.65
1166.69	3338.96
1167.71	3343.12
1168.72	3296.43
1169.73	3332.03
1170.75	3303.34
1171.76	3284.08
1172.78	3293.96
1173.79	3302.41
1174.8	3278.87
1175.81	3307.03
1176.83	3308.34
1177.84	3333.94
1178.85	3353.25
1179.86	3376.84
1180.87	3352.44
1181.88	3355.18
1182.89	3297.06
1183.9	3286.66
1184.91	3301.68
1185.92	3258.13
1186.93	3282.3
1187.94	3273.61
1188.95	3294.35
1189.96	3245.94
1190.97	3290.4
1191.97	3258.28
1192.98	3290.73
1193.99	3281.76
1195	3321.07
1196	3267.8
1197.01	3303.69
1198.01	3323.28
1199.02	3308.88
1200.03	3299.62
1201.03	3319.21
1202.04	3301.09
1203.04	3305.26
1204.04	3335.71
1205.05	3319.88
1206.05	3325.48
1207.06	3331.64
1208.06	3343.24
1209.06	3336.26
1210.06	3303.29
1211.07	3303.74
1212.07	3328.19
1213.07	3300.93
1214.07	3329.67
1215.07	3317.84
1216.07	3323.43
1217.07	3346.17
1218.07	3343.77
1219.07	3369.36
1220.07	3362.1
1221.07	3387.13
1222.07	3393.58
1223.07	3447.17
1224.07	3444.48
1225.07	3465.51
1226.06	3469.39
1227.06	3479.27
1228.06	3515.15
1229.06	3528.46
1230.05	3551.2
1231.05	3549.37
1232.04	3534.39
1233.04	3552.56
1234.04	3544.16
1235.03	3556.32
1236.03	3581.06
1237.02	3611.59
1238.01	3626.84
1239.01	3659.09
1240	3712.5
1241	3726.21
1241.99	3686.98
1242.98	3652.19
1243.97	3648.6
1244.97	3621.86
1245.96	3574.48
1246.95	3552.26
1247.94	3511.58
1248.93	3488.27
1249.92	3437.22
1250.91	3471.58
1251.9	3421.14
1252.89	3402.81
1253.88	3392.6
1254.87	3380.46
1255.86	3323.11
1256.85	3335.95
1257.84	3321.29
1258.83	3306.95
1259.81	3293.62
1260.8	3270.45
1261.79	3237.42
1262.78	3245.3
1263.76	3252.42
1264.75	3268.76
1265.73	3257.57
1266.72	3259.26
1267.71	3252.94
1268.69	3249.48
1269.68	3276.82
1270.66	3261.08
1271.65	3241.91
1272.63	3249.77
1273.61	3276.26
1274.6	3251.26
1275.58	3242.87
1276.56	3228.16
1277.55	3232.04
1278.53	3251.69
1279.51	3261.23
1280.49	3253.7
1281.47	3280.76
1282.45	3320.27
1283.43	3344.51
1284.42	3351.97
1285.4	3365.39
1286.38	3401.31
1287.35	3424.29
1288.33	3408.15
1289.06	3408.05
1290.08	3403.22
1291.1	3351.82
1292.12	3345.28
1293.14	3301.31
1294.16	3279.91
1295.17	3234.79
1296.19	3193.68
1297.21	3184
1298.23	3145.74
1299.25	3157.2
1300.27	3139.23
1301.28	3104.4
1302.3	3103.85
1303.32	3105.88
1304.33	3108.48
1305.35	3093.09
1306.37	3118.54
1307.38	3088.29
1308.4	3083.46
1309.41	3074.63
1310.43	3085.8
1311.44	3093.83
1312.46	3078.43
1313.47	3126.46
1314.49	3085.92
1315.5	3091.66
1316.51	3066.83
1317.53	3064.01
1318.54	3098.89
1319.55	3090.92
1320.57	3081.52
1321.58	3090.98
1322.59	3081.3
1323.6	3059.61
1324.61	3045.64
1325.63	3021.67
1326.64	3024.84
1327.65	2998.01
1328.66	2993.47
1329.67	2981.79
1330.68	2987.53
1331.69	3005.27
1332.7	2960.73
1333.71	2970.47
1334.72	3002.5
1335.72	3004.82
1336.73	2981.42
1337.74	2997.45
1338.75	2998.33
1339.76	2965.51
1340.76	2965.53
1341.77	2953.56
1342.78	2952.16
1343.79	2945.62
1344.79	2922.22
1345.8	2914.54
1346.8	2920.28
1347.81	2926.31
1348.82	2909.77
1349.82	2945.8
1350.83	2944.4
1351.83	2915
1352.84	2909.88
1353.84	2900.77
1354.84	2899.94
1355.85	2902.83
1356.85	2888.86
1357.85	2885.46
1358.86	2907.49
1359.86	2883.23
1360.86	2938.4
1361.86	2898.15
1362.87	2886.75
1363.87	2888.21
1364.87	2892.23
1365.87	2906.55
1366.87	2891.15
1367.87	2903.47
1368.87	2914.07
1369.87	2842.67
1370.87	2900.98
1371.87	2875.01
1372.87	2892.18
1373.87	2904.5
1374.87	2906.53
1375.87	2899.13
1376.87	2877.73
1377.86	2876.04
1378.86	2866.64
1379.86	2883.81
1380.86	2894.7
1381.85	2856.16
1382.85	2851.62
1383.85	2882.22
1384.84	2858.82
1385.84	2871.42
1386.84	2868.88
1387.83	2822.33
1388.83	2838.65
1389.82	2829.82
1390.82	2858.71
1391.81	2842.74
1392.81	2868.19
1393.8	2869.08
1394.79	2884.25
1395.79	2862.28
1396.78	2925.17
1397.77	2907.2
1398.77	2929.51
1399.76	2974.68
1400.75	2985.57
1401.74	3011.31
1402.74	3063.34
1403.73	3052.23
1404.72	3085.69
1405.71	3044
1406.7	3005.75
1407.69	2958.06
1408.68	2959.52
1409.67	2907.26
1410.66	2922.72
1411.65	2885.32
1412.64	2885.06
1413.63	2883.38
1414.62	2918.84
1415.61	2872.29
1416.59	2873.47
1417.58	2874.64
1418.57	2858.38
1419.56	2871.55
1420.55	2839.87
1421.53	2833.33
1422.52	2841.07
1423.51	2815.38
1424.49	2827.13
1425.48	2847.16
1426.46	2801.47
1427.45	2819.21
1428.43	2831.24
1429.42	2836.99
1430.4	2864.45
1431.39	2861.05
1432.37	2847.93
1433.36	2853.68
1434.34	2820.28
1435.32	2864.02
1436.31	2872.62
1437.29	2856.65
1438.27	2862.96
1439.26	2882.14
1440.24	2837.02
1441.22	2841.62
1442.2	2873.08
1443.18	2851.11
1444.16	2844.57
1445.14	2853.17
1446.12	2858.34
1447.11	2911.51
1448.09	2946.68
1449.07	2974.71
1450.05	3057.03
1451.02	3042.77
1452	3103.37
1452.98	3099.69
1453.96	3104.86
1454.94	3064.32
1455.92	3042.06
1456.9	2999.52
1457.87	2982.12
1458.85	2931.01
1459.83	2923.89
1460.81	2925.92
1461.78	2878.52
1462.76	2868.26
1463.73	2832.01
1464.71	2836.89
1465.69	2823.21
1466.66	2826.38
1467.64	2784.12
1468.61	2791.58
1469.59	2771.33
1470.56	2772.5
1471.54	2738.81
1472.51	2751.7
1473.48	2753.16
1474.46	2744.04
1475.43	2690.36
1476.4	2720.96
1477.37	2702.7
1478.35	2678.73
1479.32	2663.62
1480.29	2667.65
1481.26	2644.25
1482.23	2662.28
1483.21	2632.59
1484.18	2651.48
1485.15	2634.08
1486.12	2634.68
1487.09	2631.57
1488.06	2639.31
1489.03	2620.48
1490	2621.94
1490.97	2618.82
1491.93	2609.43
1492.9	2616.03
1493.87	2610.91
1494.84	2600.94
1495.81	2608.11
1496.77	2631
1497.74	2586.46
1498.71	2617.63
1499.68	2584.23
1500.64	2569.4
1501.61	2569.15
1502.58	2566.89
1503.54	2557.2
1504.51	2550.09
1505.47	2558.12
1506.44	2516.43
1507.4	2530.18
1508.37	2525.64
1509.33	2553.95
1510.3	2550.55
1511.26	2534.29
1512.22	2556.61
1513.19	2550.35
1514.15	2562.1
1515.11	2559.27
1516.08	2575.87
1517.04	2567.33
1518	2577.64
1518.96	2574.81
1519.92	2569.7
1520.88	2546.87
1521.85	2542.62
1522.81	2538.36
1523.77	2510.96
1524.73	2531.56
1525.69	2539.87
1526.65	2517.9
1527.61	2526.22
1528.57	2521.39
1529.53	2515.99
1530.48	2516.02
1531.44	2518.05
1532.4	2518.94
1533.36	2507.54
1534.32	2524.42
1535.28	2485.31
1536.23	2517.05
1537.19	2491.94
1538.15	2503.97
1539.1	2528.28
1540.06	2502.31
1541.02	2499.48
1541.97	2510.37
1542.93	2513.83
1543.88	2481
1544.84	2490.74
1545.79	2491.92
1546.75	2481.95
1547.7	2502.83
1548.66	2479.43
1549.61	2516.89
1550.56	2480.63
1551.52	2502.95
1552.47	2472.98
1553.42	2489.58
1554.38	2482.75
1555.33	2474.49
1556.28	2490.52
1557.23	2459.12
1558.18	2476.3
1559.14	2486.04
1560.09	2475.78
1561.04	2497.53
1561.99	2487.27
1562.94	2489.01
1563.89	2469.33
1564.84	2463.64
1565.79	2437.96
1566.74	2440.27
1567.69	2456.3
1568.64	2448.9
1569.59	2472.65
1570.53	2464.96
1571.48	2446.13
1572.43	2457.02
1573.38	2477.05
1574.33	2463.08
1575.27	2453.39
1576.22	2439.42
1577.17	2412.59
1578.11	2430.91
1579.06	2420.94
1580	2442.97
1580.95	2437.57
1581.9	2454.74
1582.84	2411.34
1583.79	2424.51
1584.73	2413.68
1585.67	2399.43
1586.62	2391.74
1587.56	2398.63
1588.51	2415.23
1589.45	2392.4
1590.39	2380.72
1591.34	2397.89
1592.28	2383.63
1593.22	2374.23
1594.16	2359.97
1595.11	2370.86
1596.05	2357.75
1596.99	2366.06
1597.93	2376.38
1598.87	2357.26
1599.81	2336.44
1600.75	2367.89
1601.69	2366.21
1602.63	2363.95
1603.57	2357.41
1604.51	2362.87
1605.45	2366.32
1606.39	2371.21
1607.33	2373.81
1608.27	2364.98
1609.21	2398.73
1610.14	2381.9
1611.08	2383.07
1612.02	2376.81
1612.96	2373.42
1613.89	2350.59
1614.83	2356.04
1615.77	2347.79
1616.7	2350.67
1617.64	2373.85
1618.58	2348.16
1619.51	2287.33
1620.45	2318.51
1621.38	2319.96
1622.32	2295.71
1623.25	2312.02
1624.19	2308.62
1625.12	2331.79
1626.05	2286.11
1626.99	2317
1627.92	2317.88
1628.85	2281.34
1629.79	2292.23
1630.72	2300.26
1631.65	2317.71
1632.58	2314.03
1633.52	2320.34
1634.45	2313.23
1635.38	2316.97
1636.31	2327.57
1637.24	2329.6
1638.17	2334.49
1639.1	2332.23
1640.03	2328.55
1640.96	2347.43
1641.89	2320.32
1642.82	2308.92
1643.75	2282.66
1644.68	2298.98
1645.61	2264.44
1646.54	2285.04
1647.46	2264.21
1648.39	2257.09
1649.32	2235.41
1650.25	2240.87
1651.17	2239.47
1652.1	2239.78
1653.03	2222.96
1653.95	2222.13
1654.88	2229.01
1655.81	2216.47
1656.73	2221.07
1657.66	2222.82
1658.58	2232.27
1659.51	2217.16
1660.43	2200.33
1661.36	2180.07
1662.28	2195.25
1663.21	2185.56
1664.13	2192.45
1665.05	2198.48
1665.98	2193.36
1666.9	2206.25
1667.82	2191.14
1668.74	2197.45
1669.67	2185.19
1670.59	2178.65
1671.51	2204.97
1672.43	2171.28
1673.35	2154.45
1674.27	2178.77
1675.19	2186.23
1676.12	2173.11
1677.04	2144.86
1677.96	2174.31
1678.88	2158.34
1679.79	2176.37
1680.71	2124.12
1681.63	2160.72
1682.55	2179.89
1683.47	2167.35
1684.39	2156.23
1685.31	2143.12
1686.23	2136.01
1687.14	2138.89
1688.06	2142.35
1688.98	2133.24
1689.89	2131.84
1690.81	2123.58
1691.73	2119.04
1692.64	2110.5
1693.56	2134.24
1694.48	2145.7
1695.39	2124.87
1696.31	2134.04
1697.22	2139.21
1698.14	2131.24
1699.05	2132.13
1699.96	2123.3
1700.88	2116.19
1701.79	2128.22
1702.7	2088.82
1703.62	2118.56
1704.53	2106.59
1705.44	2101.76
1706.36	2097.22
1707.27	2110.1
1708.18	2106.42
1709.09	2132.45
1710	2102.19
1710.92	2102.79
1711.83	2097.39
1712.74	2073.71
1713.65	2100.02
1714.56	2114.62
1715.47	2104.94
1716.38	2087.54
1717.29	2117.57
1718.2	2089.03
1719.11	2079.34
1720.01	2094.8
1720.92	2101.97
1721.83	2133.43
1722.74	2091.74
1723.65	2106.34
1724.56	2106.94
1725.46	2131.26
1726.37	2100.15
1727.28	2121.32
1728.18	2098.2
1729.09	2171.09
1730	2179.12
1730.9	2208.58
1731.81	2226.03
1732.71	2244.64
1733.62	2225.52
1734.52	2229.55
1735.43	2233.58
1736.33	2209.89
1737.24	2189.07
1738.14	2191.1
1739.04	2209.13
1739.95	2188.58
1740.85	2184.33
1741.75	2178.36
1742.66	2170.38
1743.56	2166.7
1744.46	2152.73
1745.36	2139.33
1746.26	2164.22
1747.17	2152.53
1748.07	2138.27
1748.97	2137.16
1749.87	2110.33
1750.77	2126.08
1751.67	2117.53
1752.57	2122.13
1753.47	2086.73
1754.37	2070.76
1755.27	2068.51
1756.17	2043.39
1757.07	2068.57
1757.97	2042.31
1758.86	2014.91
1759.76	2035.8
1760.66	2036.4
1761.56	2025.85
1762.45	1995.03
1763.35	1994.2
1764.25	2011.08
1765.15	1984.26
1766.04	1974.57
1766.94	1974.6
1767.83	1982.06
1768.73	1966.66
1769.63	1952.12
1770.52	1931.29
1771.42	1943.03
1772.31	1956.49
1773.2	1954.52
1774.1	1922.83
1774.99	1940.86
1775.89	1956.32
1776.78	1938.64
1777.67	1945.24
1778.57	1916.69
1779.46	1917.87
1780.35	1909.61
1781.24	1939.64
1782.14	1893.38
1783.03	1894.27
1783.92	1916.3
1784.81	1902.04
1785.7	1894.07
1786.59	1908.67
1787.48	1890.13
1788.37	1878.44
1789.26	1866.47
1790.15	1895.64
1791.04	1873.96
1791.93	1860.85
1792.82	1880.3
1793.71	1859.48
1794.6	1873.5
1795.49	1868.11
1796.38	1845.28
1797.26	1863.59
1798.15	1883.05
1799.04	1875.36
1799.93	1857.39
1800.81	1853.99
1801.7	1830.31
1802.59	1852.05
1803.47	1866.37
1804.36	1823.83
1805.24	1856.43
1806.13	1835.88
1807.02	1832.48
1807.9	1837.09
1808.79	1805.69
1809.67	1807.14
1810.55	1830.32
1811.44	1820.34
1812.32	1834.66
1813.21	1788.69
1814.09	1807.86
1814.97	1794.18
1815.86	1831.35
1816.74	1832.52
1817.62	1809.98
1818.5	1790.58
1819.38	1776.61
1820.27	1805.21
1821.15	1792.09
1822.03	1788.12
1822.91	1797.01
1823.79	1779.61
1824.67	1799.64
1825.55	1781.38
1826.43	1785.98
1827.31	1796.58
1828.19	1784.33
1829.07	1755.79
1829.95	1751.24
1830.83	1759.27
1831.71	1748.16
1832.58	1764.76
1833.46	1761.36
1834.34	1744.25
1835.22	1758.28
1836.1	1742.59
1836.97	1724.9
1837.85	1724.36
1838.73	1751.53
1839.6	1756.42
1840.48	1733.88
1841.35	1757.05
1842.23	1711.37
1843.11	1737.68
1843.98	1724.85
1844.86	1717.17
1845.73	1717.48
1846.6	1711.51
1847.48	1726.68
1848.35	1715.57
1849.23	1705.31
1850.1	1708.49
1850.97	1699.66
1851.85	1683.11
1852.72	1693.72
1853.59	1704.6
1854.46	1704.92
1855.34	1706.66
1856.21	1694.97
1857.08	1691.58
1857.95	1699.89
1858.82	1690.49
1859.69	1681.66
1860.56	1698.84
1861.43	1682.01
1862.3	1677.18
1863.17	1679.78
1864.04	1671.81
1864.91	1695.84
1865.78	1656.44
1866.65	1661.61
1867.52	1667.35
1868.39	1673.1
1869.26	1672.56
1870.13	1663.16
1870.99	1662.9
1871.86	1663.21
1872.73	1661.24
1873.59	1673.27
1874.46	1646.16
1875.33	1656.76
1876.19	1658.79
1877.06	1677.1
1877.93	1663.99
1878.79	1637.16
1879.66	1652.33
1880.52	1645.79
1881.39	1633.54
1882.25	1649.85
1883.12	1622.16
1883.98	1643.91
1884.84	1640.79
1885.71	1635.11
1886.57	1634.28
1887.43	1660.6
1888.3	1632.05
1889.16	1618.65
1890.02	1618.97
1890.89	1628.14
1891.75	1631.6
1892.61	1603.91
1893.47	1623.66
1894.33	1613.97
1895.19	1614
1896.05	1614.03
1896.91	1606.63
1897.78	1583.23
1898.64	1597.55
1899.5	1594.43
1900.35	1615.03
1901.21	1618.49
1902.07	1601.66
1902.93	1587.98
1903.79	1581.15
1904.65	1589.18
1905.51	1606.07
1906.37	1578.67
1907.22	1580.98
1908.08	1592.72
1908.94	1575.61
1909.8	1582.5
1910.65	1577.96
1911.51	1579.13
1912.36	1564.58
1913.22	1572.33
1914.08	1545.79
1914.93	1582.1
1915.79	1537.56
1916.64	1560.73
1917.5	1585.33
1918.35	1563.36
1919.21	1559.96
1920.06	1554.56
1920.92	1552.31
1921.77	1558.91
1922.62	1531.22
1923.48	1538.11
1924.33	1565.28
1925.18	1538.45
1926.03	1514.48
1926.89	1521.65
1927.74	1517.68
1928.59	1536.85
1929.44	1532.31
1930.29	1513.2
1931.14	1518.66
1932	1527.54
1932.85	1521
1933.7	1529.89
1934.55	1512.77
1935.4	1492.23
1936.25	1521.4
1937.1	1497.72
1937.94	1506.32
1938.79	1519.49
1939.64	1500.09
1940.49	1494.98
1941.34	1486.72
1942.19	1480.46
1943.04	1493.64
1943.88	1485.66
1944.73	1473.12
1945.58	1487.15
1946.42	1490.61
1947.27	1502.07
1948.12	1477.81
1948.96	1480.7
1949.81	1475.01
1950.65	1447.9
1951.5	1471.64
1952.34	1463.38
1953.19	1447.98
1954.03	1466.3
1954.88	1461.47
1955.72	1466.64
1956.57	1461.82
1957.41	1450.99
1958.25	1449.3
1959.1	1453.9
1959.94	1451.36
1960.78	1427.68
1961.63	1434.28
1962.47	1446.59
1963.31	1435.76
1964.15	1428.08
1964.99	1430.96
1965.84	1433.85
1966.68	1434.74
1967.52	1388.77
1968.36	1417.08
1969.2	1394.25
1970.04	1413.43
1970.88	1424.88
1971.72	1409.77
1972.56	1429.23
1973.4	1417.54
1974.24	1418.71
1975.08	1414.46
1975.91	1407.63
1976.75	1389.66
1977.59	1395.4
1978.43	1392.29
1979.27	1393.75
1980.1	1363.78
1980.94	1392.66
1981.78	1388.12
1982.62	1383.29
1983.45	1387.61
1984.29	1362.21
1985.12	1366.24
1985.96	1378.55
1986.79	1371.72
1987.63	1365.47
1988.46	1388.35
1989.3	1357.24
1990.13	1354.98
1990.97	1364.73
1991.8	1353.61
1992.64	1358.78
1993.47	1372.53
1994.3	1354.56
1995.14	1358.87
1995.97	1343.19
1996.8	1352.36
1997.64	1354.96
1998.47	1336.42
1999.3	1338.16
2000.13	1344.76
2000.96	1341.08
2001.79	1349.68
2002.63	1349.99
2003.46	1323.73
2004.29	1341.48
2005.12	1336.65
2005.95	1338.39
2006.78	1328.14
2007.61	1326.45
2008.44	1316.2
2009.27	1332.51
2010.09	1313.4
2010.92	1329.71
2011.75	1305.74
2012.58	1298.63
2013.41	1305.51
2014.24	1298.97
2015.06	1312.71
2015.89	1295.03
2016.72	1315.34
2017.54	1293.09
2018.37	1309.12
2019.2	1303.43
2020.02	1289.18
2020.85	1282.92
2021.68	1266.66
2022.5	1290.12
2023.33	1283.58
2024.15	1269.89
2024.98	1270.21
2025.8	1279.67
2026.62	1284.55
2027.45	1272.58
2028.27	1280.9
2029.1	1263.21
2029.92	1270.95
2030.74	1264.41
2031.56	1259.3
2032.39	1258.76
2033.21	1253.36
2034.03	1237.39
2034.85	1245.41
2035.68	1254.02
2036.5	1242.33
2037.32	1242.93
2038.14	1221.25
2038.96	1239.85
2039.78	1239.3
2040.6	1252.19
2041.42	1241.65
2042.24	1247.96
2043.06	1239.42
2043.88	1241.74
2044.7	1230.05
2045.52	1239.79
2046.34	1219.82
2047.16	1225.85
2047.97	1196.45
2048.79	1208.77
2049.61	1216.8
2050.43	1229.11
2051.24	1201.71
2052.06	1204.03
2052.88	1208.91
2053.69	1204.09
2054.51	1210.11
2055.33	1192.43
2056.14	1217.03
2056.96	1197.63
2057.77	1204.52
2058.59	1213.69
2059.4	1209.15
2060.22	1186.03
2061.03	1202.63
2061.85	1175.23
2062.66	1196.12
2063.48	1171.58
2064.29	1177.32
2065.1	1182.49
2065.92	1172.81
2066.73	1158.55
2067.54	1167.44
2068.35	1175.18
2069.17	1156.64
2069.98	1169.53
2070.79	1169.27
2071.6	1194.44
2072.41	1181.04
2073.22	1181.93
2074.03	1181.1
2074.84	1125.99
2075.65	1170.3
2076.46	1165.76
2077.27	1158.93
2078.08	1150.1
2078.89	1159.28
2079.7	1157.02
2080.51	1144.76
2081.32	1142.51
2082.13	1154.25
2082.94	1122.56
2083.74	1151.45
2084.55	1143.77
2085.36	1147.22
2086.17	1149.25
2086.97	1133.28
2087.78	1136.17
2088.59	1130.2
2089.39	1105.37
2090.2	1121.97
2091.01	1128.86
2091.81	1114.31
2092.62	1114.63
2093.42	1128.66
2094.23	1115.54
2095.03	1121
2095.84	1105.6
2096.64	1070.49
2097.45	1101.37
2098.25	1118.55
2099.05	1109.15
2099.86	1089.75
