150.31	2038.71
151.606	2071.29
152.902	2100.43
154.198	2124.43
155.492	2141
156.787	2139.86
158.081	2118.71
159.376	2108.43
160.669	2063
161.962	2065.29
163.256	2036.14
164.548	2053.86
165.841	2028.71
167.133	2045.86
168.424	2037.29
169.715	2032.71
171.006	2030.43
172.297	2028.43
173.587	2025.29
174.877	2036.71
176.166	2044.43
177.456	2047.29
178.745	2033.29
180.033	2031.86
181.321	2016.14
182.609	2038.71
183.897	2022.43
185.184	2047
186.471	2067
187.757	2042.14
189.044	2072.14
190.33	2083.57
191.615	2084.14
192.9	2074.71
194.185	2090.43
195.469	2044.43
196.753	2041.29
198.037	2030.14
199.321	2031.29
200.604	2038.43
201.887	2009.29
203.17	2012.14
204.451	2018.71
205.733	2027
207.014	1983.57
208.296	1997.29
209.576	2012.71
210.856	2033.29
212.137	2009.29
213.417	2036.71
214.696	2039
215.975	2030.14
217.253	2053.86
218.532	2041.57
219.81	2062.71
221.088	2056.43
222.365	2088.43
223.642	2103.57
224.919	2098.71
226.195	2140.43
227.471	2146.71
228.747	2186.98
230.022	2224.1
231.297	2259.5
232.572	2332.91
233.846	2343.74
235.12	2331.72
236.394	2291.13
237.667	2261.68
238.94	2275.65
240.213	2251.34
241.485	2236.75
242.757	2259.01
244.029	2266.13
245.3	2319.25
246.571	2329.52
247.842	2366.64
249.112	2402.61
250.381	2433.73
251.651	2470.85
252.921	2531.69
254.189	2552.52
255.457	2603.64
256.726	2612.48
257.994	2688.74
259.261	2782.15
260.529	2794.98
261.796	2870.67
263.062	2902.65
264.329	3009.48
265.595	3076.32
266.86	3108.01
268.125	3125.99
269.39	3161.39
270.655	3119.66
271.919	3076.78
273.182	2986.47
274.446	2877.3
275.71	2727.85
276.973	2647.83
278.234	2549.8
279.497	2462.07
280.759	2352.04
282.021	2299.74
283.281	2279.43
284.543	2203.12
285.803	2157.38
287.063	2157.07
288.322	2120.77
289.583	2109.03
290.842	2105.58
292.101	2088.98
293.358	2102.1
294.617	2111.51
295.875	2088.63
297.133	2085.46
298.389	2100.58
299.647	2111.99
300.903	2103.68
302.159	2127.94
303.415	2137.64
304.67	2121.33
305.925	2125.3
307.18	2136.42
308.435	2140.12
309.689	2124.95
310.943	2136.36
312.196	2147.76
313.45	2130.02
314.702	2137.43
315.954	2116.26
317.207	2129.67
318.459	2116.79
319.71	2090.48
320.961	2149.03
322.212	2093.58
323.463	2109.27
324.712	2093.25
325.962	2056.65
327.211	2023.49
328.461	1993.47
329.71	1947.73
330.958	1939.42
332.207	1939.4
333.454	1906.52
334.702	1931.07
335.949	1894.76
337.196	1922.45
338.442	1916.71
339.688	1904.98
340.933	1907.81
342.179	1903.5
343.424	1908.34
344.67	1916.03
345.914	1890
347.158	1899.98
348.402	1925.96
349.645	1904.51
350.888	1941.91
352.131	1951.32
353.373	1992.15
354.616	2000.99
355.857	1994.68
357.099	1976.09
358.34	1973.21
359.58	1959.18
360.821	1957.73
362.061	1945.42
363.301	1962.26
364.54	1945.66
365.78	1946.78
367.019	1948.19
368.257	1961.31
369.495	1959.29
370.733	2018.69
371.97	2038.67
373.208	2099.79
374.444	2091.2
375.681	2033.46
376.917	1994.01
378.153	1967.41
379.389	1945.96
380.623	1909.08
381.858	1917.06
383.092	1892.46
384.327	1910.73
385.561	1897.85
386.794	1904.68
388.027	1891.23
389.26	1900.64
390.492	1917.47
391.724	1902.02
392.956	1919.14
394.188	1915.69
395.419	1910.24
396.65	1951.93
397.88	1962.19
399.11	1995.03
400.341	1981.86
401.57	1964.98
402.799	1966.67
404.028	1963.79
405.257	1986.34
406.484	1997.46
407.712	2062.87
408.94	2061.7
410.167	2083.11
411.394	2098.8
412.621	2060.2
413.847	2025.9
415.073	2026.73
416.298	1983.28
417.523	2009.26
418.749	1976.95
419.973	1979.5
421.197	1964.62
422.421	1952.31
423.644	1961.14
424.867	1997.69
426.091	2004.53
427.313	1990.5
428.536	1978.48
429.757	1979.31
430.979	2013.01
432.201	1994.98
433.421	2004.39
434.642	2022.65
435.862	2001.77
437.082	2004.04
438.301	2026.3
439.52	2005.42
440.739	2021.68
441.958	2024.8
443.176	2035.35
444.394	2083.9
445.612	2097.3
446.83	2106.71
448.046	2185.83
449.263	2269.81
450.479	2371.5
451.695	2479.76
452.911	2588.88
454.126	2683.15
455.341	2724.27
456.556	2723.96
457.77	2669.65
458.985	2566.48
460.198	2445.03
461.411	2341.29
462.624	2262.13
463.837	2228.68
465.05	2198.37
466.262	2173.78
467.473	2162.04
468.685	2135.73
469.896	2125.99
471.106	2099.68
472.317	2094.52
473.527	2093.07
474.737	2067.62
475.946	2071.88
477.155	2093.28
478.364	2079.83
479.573	2107.81
480.781	2156.07
481.988	2208.62
483.195	2342.89
484.403	2421.43
485.609	2441.7
486.816	2284.53
488.022	2155.37
489.227	2087.63
490.434	2012.18
491.639	2003.87
492.844	2002.42
494.048	2014.4
495.252	1964.09
496.456	1982.06
497.66	2011.18
498.863	1987.16
500.065	2001.71
501.268	1991.97
502.47	1981.38
503.672	1961.07
504.874	1963.05
506.075	1967.88
507.275	1963.57
508.476	1997.55
509.677	2004.96
510.876	2019.51
512.076	2066.05
513.275	2095.46
514.474	2089.44
515.673	2070.27
516.871	2043.11
518.069	2004.51
519.267	1989.35
520.464	2009.89
521.661	1979.3
522.857	1994.42
524.054	1996.4
525.25	2020.38
526.445	1993.21
527.641	1989.19
528.836	2018.31
530.031	2029.71
531.225	2023.69
532.42	2034.24
533.613	2002.79
534.807	2053.05
536	2076.74
537.192	2051.29
538.384	2086.98
539.576	2087.53
540.768	2109.51
541.96	2109.49
543.151	2135.46
544.342	2173.44
545.532	2187.7
546.723	2231.97
547.912	2297.94
549.102	2342.78
550.291	2435.61
551.479	2476.16
552.668	2585.85
553.856	2706.69
555.045	2760.66
556.232	2834.93
557.419	2842.62
558.606	2797.74
559.793	2725.14
560.979	2646.55
562.165	2573.96
563.35	2489.93
564.536	2421.91
565.721	2347.89
566.906	2299.01
568.09	2278.41
569.274	2227.25
570.457	2221.51
571.64	2190.06
572.824	2205.75
574.007	2195.16
575.189	2233.42
576.37	2281.11
577.552	2303.09
578.734	2392.21
579.915	2439.61
581.096	2449.88
582.276	2529
583.456	2511.83
584.636	2479.24
585.816	2438.93
586.995	2385.76
588.173	2358.03
589.352	2295.15
590.53	2253.98
591.708	2232.82
592.886	2206.22
594.063	2190.77
595.239	2177.03
596.416	2171.01
597.592	2141.56
598.768	2150.39
599.944	2117.8
601.119	2128.35
602.294	2103.47
603.469	2085.16
604.643	2078.28
605.817	2080.26
606.99	2089.09
608.163	2087.93
609.336	2060.47
610.509	2078.17
611.682	2084.14
612.853	2058.41
614.026	2074.1
615.197	2069.22
616.368	2046.34
617.539	2053.46
618.709	2037.44
619.879	2041.13
621.049	2056.25
622.218	2048.22
623.388	2016.49
624.557	2046.75
625.725	2036.44
626.893	2064.7
628.061	2063.54
629.229	2075.23
630.396	2053.21
631.563	2008.9
632.729	2000.88
633.895	2004.85
635.062	2017.97
636.227	2005.95
637.392	2048.79
638.557	2043.33
639.722	2057.03
640.886	2051.29
642.05	2108.69
643.214	2084.67
644.377	2095.51
645.54	2061.2
646.703	2041.75
647.865	2040.58
649.027	2014.27
650.189	2023.39
651.35	2041.08
652.511	2033.63
653.672	2018.47
654.833	2021.3
655.993	2028.99
657.153	2014.68
658.312	2025.23
659.472	2046.35
660.631	2048.9
661.789	2046.88
662.947	2027.43
664.105	2035.12
665.262	2057.95
666.42	2073.07
667.576	2031.62
668.734	2051.03
669.89	2027.58
671.046	2012.13
672.201	2026.96
673.357	2032.65
674.512	2031.49
675.667	2004.32
676.821	2007.16
677.975	2005.42
679.129	2014.82
680.282	2024.8
681.435	2021.64
682.588	2032.47
683.741	2027.3
684.893	2022.42
686.045	2021.26
687.196	2036.66
688.347	2024.93
689.498	2010.62
690.649	2045.74
691.799	2031.14
692.949	2009.98
694.099	2048.81
695.248	2059.65
696.396	2046.48
697.545	2052.46
698.694	2056.44
699.842	2070.7
700.989	2061.25
702.137	2055.23
703.284	2083.77
704.43	2072.89
705.577	2047.73
706.723	2050.56
707.869	2108.83
709.014	2092.52
710.159	2096.21
711.305	2128.47
712.449	2096.45
713.593	2093.86
714.737	2092.69
715.881	2080.95
717.024	2101.22
718.167	2125.19
719.309	2147.17
720.452	2130.86
721.594	2165.41
722.735	2140.25
723.876	2140.51
725.018	2160.2
726.158	2159.32
727.299	2133.01
728.439	2106.7
729.579	2083.82
730.718	2085.51
731.857	2054.06
732.996	2048.9
734.134	2060.59
735.273	2040.85
736.411	2042.54
737.548	2047.38
738.685	2025.64
739.823	2036.19
740.959	2005.02
742.095	2018.43
743.231	2026.98
744.367	2011.53
745.502	2033.79
746.637	2028.91
747.771	1994.32
748.906	2010.29
750.04	2014.27
751.173	1996.82
752.308	2006.8
753.441	2010.77
754.574	1981.32
755.705	1992.73
756.838	1986.71
757.97	1972.4
759.101	2005.23
760.232	2000.35
761.364	2005.76
762.494	2007.73
763.624	1990
764.754	1997.12
765.883	2019.38
767.013	1997.93
768.143	2001.62
769.271	2022.17
770.399	2030.72
771.527	2023.27
772.655	1987.82
773.782	2038.65
774.909	2037.48
776.036	2038.03
777.162	2029.15
778.289	2043.99
779.415	2029.96
780.54	2034.51
781.666	2019.63
782.791	2057.9
783.915	2043.3
785.039	2022.42
786.163	2041.83
787.287	2035.81
788.411	2049.21
789.533	2042.05
790.656	2044.59
791.778	2040.86
792.9	2071.12
794.022	2076.24
795.144	2031.93
796.265	2062.48
797.386	2056.17
798.506	2051.86
799.626	2044.13
800.746	2031.53
801.866	2031.8
802.985	2036.63
804.104	2062.61
805.223	2079.44
806.341	2085.42
807.459	2062.25
808.577	2073.66
809.694	2087.92
810.811	2073.9
811.928	2126.45
813.044	2116.43
814.16	2148.69
815.277	2141.24
816.392	2158.64
817.507	2141.19
818.622	2158.6
819.737	2124.57
820.851	2120.55
821.964	2132.81
823.078	2104.51
824.192	2159.91
825.304	2143.03
826.417	2170.15
827.53	2152.99
828.642	2159.82
829.754	2215.8
830.865	2183.78
831.976	2219.18
833.087	2232.02
834.197	2251.42
835.308	2291.4
836.417	2282.8
837.527	2313.35
838.636	2347.33
839.745	2383.59
840.854	2388.14
841.962	2381.55
843.07	2482.1
844.177	2471.5
845.284	2491.48
846.392	2561.17
847.499	2574.29
848.605	2618.55
849.711	2653.96
850.817	2665.37
851.922	2671.06
853.028	2677.32
854.132	2632.16
855.237	2638.42
856.341	2644.4
857.445	2709.23
858.549	2731.21
859.653	2778.04
860.755	2901.73
861.858	3046
862.96	3207.12
864.062	3442.24
865.164	3736.5
866.266	4142.19
867.367	4681.31
868.468	5239.29
869.568	5783.84
870.669	6100.96
871.768	6106.36
872.868	5837.48
873.967	5367.75
875.066	4865.15
876.165	4482.84
877.263	4092.25
878.361	3743.65
879.458	3427.06
880.557	3163.89
881.653	2987.02
882.75	2818.14
883.847	2688.4
884.943	2585.23
886.038	2477.5
887.134	2445.76
888.229	2395.16
889.325	2354.86
890.419	2323.12
891.513	2293.67
892.607	2260.79
893.701	2273.05
894.794	2264.74
895.888	2286.43
896.98	2238.7
898.073	2235.25
899.165	2233.79
900.257	2200.06
901.349	2203.46
902.44	2214.3
903.53	2216.56
904.621	2225.97
905.711	2183.37
906.802	2215.63
907.891	2225.33
908.981	2241.02
910.07	2239.85
911.158	2220.69
912.247	2227.52
913.335	2258.93
914.423	2250.62
915.51	2248.02
916.597	2274
917.684	2301.12
918.771	2325.67
919.857	2325.36
920.943	2369.05
922.029	2411.03
923.114	2425.01
924.199	2505.84
925.284	2581.25
926.368	2639.8
927.453	2721.77
928.537	2806.89
929.62	2831.16
930.703	2831.99
931.786	2766.25
932.868	2720.52
933.95	2660.78
935.032	2554.19
936.114	2474.73
937.196	2426.14
938.277	2375.55
939.357	2338.1
940.438	2273.79
941.518	2282.34
942.598	2260.03
943.678	2218.86
944.756	2181.7
945.835	2151.96
946.914	2151.36
947.992	2124.77
949.07	2113.89
950.148	2094.44
951.225	2090.42
952.302	2088.11
953.379	2072.94
954.456	2075.78
955.531	2065.18
956.608	2043.45
957.683	2058.28
958.758	2030.83
959.833	2004.52
960.908	2036.5
961.982	2005.33
963.056	1983.31
964.13	2006.43
965.203	1996.69
966.276	2007.24
967.349	2004.65
968.421	2006.91
969.493	1992.6
970.565	1993.15
971.636	1969.41
972.708	1984.82
973.779	1958.51
974.849	2001.92
975.92	1990.46
976.99	1989.87
978.06	1985.85
979.129	2012.11
980.198	1992.37
981.267	2008.35
982.336	2006.9
983.404	1998.02
984.471	1992.57
985.539	2041.69
986.606	2028.52
987.673	2029.93
988.739	2038.19
989.806	2046.17
990.872	2056.72
991.938	2047.55
993.003	2044.39
994.069	2074.36
995.133	2050.91
996.198	2071.18
997.262	2090.87
998.326	2103.13
999.39	2139.68
1000.45	2119.37
1001.52	2151.06
1002.58	2150.75
1003.64	2134.73
1004.7	2141.28
1005.77	2156.69
1006.83	2132.38
1007.89	2128.35
1008.95	2113.47
1010.01	2078.31
1011.07	2088.57
1012.13	2078.55
1013.19	2095.67
1014.25	2049.65
1015.31	2074.19
1016.37	2057.31
1017.42	2094.43
1018.48	2082.98
1019.54	2058.39
1020.6	2059.8
1021.65	2043.2
1022.71	2024.32
1023.77	2079.44
1024.82	2030.85
1025.88	2067.11
1026.94	2072.52
1027.99	2089.92
1029.05	2103.9
1030.1	2074.73
1031.16	2119.85
1032.21	2134.12
1033.26	2110.09
1034.32	2163.5
1035.37	2171.76
1036.42	2158.03
1037.48	2215.72
1038.53	2242.84
1039.58	2269.96
1040.63	2282.79
1041.68	2371.63
1042.74	2434.17
1043.79	2508.15
1044.84	2619.56
1045.89	2790.39
1046.94	2968.66
1047.99	3152.92
1049.04	3295.47
1050.09	3309.16
1051.13	3267.99
1052.18	3100.83
1053.23	2901.38
1054.28	2701.07
1055.33	2580.19
1056.37	2440.16
1057.42	2313.57
1058.47	2273.26
1059.51	2222.67
1060.56	2176.07
1061.6	2140.34
1062.65	2172.31
1063.7	2151.15
1064.74	2186.84
1065.78	2171.96
1066.83	2232.51
1067.87	2231.91
1068.92	2277.32
1069.96	2265.87
1071	2297.85
1072.04	2293.82
1073.09	2276.66
1074.13	2286.92
1075.17	2224.33
1076.21	2192.59
1077.25	2111.14
1078.29	2078.54
1079.34	2068.81
1080.38	2019.64
1081.42	2029.62
1082.45	2029.31
1083.49	2002.14
1084.53	2011.55
1085.57	1998.38
1086.61	2011.79
1087.65	1998.63
1088.69	2014.89
1089.72	2018.29
1090.76	2002.84
1091.8	1989.39
1092.84	1978.23
1093.87	2007.92
1094.91	2000.75
1095.94	2009.3
1096.98	2012.13
1098.01	2011.83
1099.05	1994.95
1100.08	2000.64
1101.12	2018.33
1102.15	2046.88
1103.19	2053.71
1104.22	2059.98
1105.25	2011.38
1106.29	2069.36
1107.32	2085.62
1108.35	2089.88
1109.38	2118.15
1110.41	2115.84
1111.44	2144.96
1112.48	2150.08
1113.51	2126.06
1114.54	2115.46
1115.57	2136.3
1116.6	2164.56
1117.63	2137.39
1118.65	2167.66
1119.68	2183.63
1120.71	2212.75
1121.74	2245.59
1122.77	2302.99
1123.8	2303.26
1124.82	2263.81
1125.85	2276.64
1126.88	2248.9
1127.9	2215.45
1128.93	2193.14
1129.96	2135.41
1130.98	2096.81
1132.01	2092.22
1133.03	2078.2
1134.06	2066.17
1135.08	2049.58
1136.11	2036.98
1137.13	2012.1
1138.15	1996.65
1139.18	1999.2
1140.2	1987.75
1141.22	2002.3
1142.24	1989.42
1143.27	2014.25
1144.29	1999.66
1145.31	1985.64
1146.33	2000.19
1147.35	2002.16
1148.37	1975.57
1149.39	2008.12
1150.41	1986.67
1151.43	1986.64
1152.45	1966.91
1153.47	1974.6
1154.49	1958
1155.51	1968.84
1156.53	1975.39
1157.54	1982.51
1158.56	1956.2
1159.58	1966.18
1160.59	1963.58
1161.61	1933.56
1162.63	1972.68
1163.64	1976.66
1164.66	1963.2
1165.68	1956.9
1166.69	1944.02
1167.71	1939.99
1168.72	1932.54
1169.73	1947.38
1170.75	1930.5
1171.76	1914.76
1172.78	1889.88
1173.79	1890.43
1174.8	1890.41
1175.81	1915.81
1176.83	1925.22
1177.84	1939.48
1178.85	1954.6
1179.86	1974.58
1180.87	1977.98
1181.88	1970.82
1182.89	1966.51
1183.9	1947.06
1184.91	1927.32
1185.92	1912.16
1186.93	1930.42
1187.94	1915.25
1188.95	1924.66
1189.96	1925.21
1190.97	1941.18
1191.97	1907.73
1192.98	1934.28
1193.99	1925.12
1195	1934.81
1196	1973.36
1197.01	1992.76
1198.01	1985.88
1199.02	2005.57
1200.03	2016.12
1201.03	2020.96
1202.04	2036.08
1203.04	2016.63
1204.04	2008.89
1205.05	2028.87
1206.05	2019.7
1207.06	2006.25
1208.06	2024.51
1209.06	1986.78
1210.06	2013.9
1211.07	1981.87
1212.07	1961.28
1213.07	1987.26
1214.07	1954.95
1215.07	1987.78
1216.07	1981.47
1217.07	1962.88
1218.07	1976.28
1219.07	1966.83
1220.07	2005.67
1221.07	2021.65
1222.07	2052.19
1223.07	2052.74
1224.07	2031.86
1225.07	2081.84
1226.06	2112.96
1227.06	2111.22
1228.06	2118.91
1229.06	2118.61
1230.05	2126.58
1231.05	2159.13
1232.04	2155.4
1233.04	2168.52
1234.04	2161.64
1235.03	2196.47
1236.03	2193.3
1237.02	2228.72
1238.01	2241.31
1239.01	2263.39
1240	2309.48
1241	2337.06
1241.99	2348.46
1242.98	2326.37
1243.97	2311.85
1244.97	2289.69
1245.96	2243.12
1246.95	2211.43
1247.94	2181.48
1248.93	2180.89
1249.92	2142.73
1250.91	2132.38
1251.9	2113.09
1252.89	2091.76
1253.88	2079.1
1254.87	2075.68
1255.86	2051.72
1256.85	2065.11
1257.84	2046.19
1258.83	2021.52
1259.81	2032.4
1260.8	2012.78
1261.79	2024.55
1262.78	2040.44
1263.76	2029.51
1264.75	2034.95
1265.73	2062.27
1266.72	2071.01
1267.71	2094.97
1268.69	2104.85
1269.68	2119.88
1270.66	2102.72
1271.65	2117.08
1272.63	2107.24
1273.61	2088.25
1274.6	2110.86
1275.58	2104.8
1276.56	2110.74
1277.55	2134.29
1278.53	2128.15
1279.51	2121.98
1280.49	2140.51
1281.47	2181.85
1282.45	2223.61
1283.43	2272.51
1284.42	2316.59
1285.4	2356.4
1286.38	2394.46
1287.35	2408.37
1288.33	2413.05
1289.06	2408.6
1290.08	2384.82
1291.1	2346.47
1292.12	2311.26
1293.14	2267.48
1294.16	2223.12
1295.17	2182.77
1296.19	2101.85
1297.21	2100.35
1298.23	2072.28
1299.25	2037.36
1300.27	2028.43
1301.28	2009.22
1302.3	2004.87
1303.32	1967.37
1304.33	1956.74
1305.35	1959.53
1306.37	1940.6
1307.38	1939.39
1308.4	1933.04
1309.41	1924.4
1310.43	1910.9
1311.44	1930.84
1312.46	1921.62
1313.47	1890.41
1314.49	1898.06
1315.5	1897.42
1316.51	1899.93
1317.53	1895.86
1318.54	1913.79
1319.55	1915.15
1320.57	1889.37
1321.58	1885.59
1322.59	1903.52
1323.6	1890.6
1324.61	1896.82
1325.63	1857.03
1326.64	1837.25
1327.65	1826.9
1328.66	1814.26
1329.67	1831.05
1330.68	1799.55
1331.69	1820.06
1332.7	1780.85
1333.71	1801.07
1334.72	1792.43
1335.72	1804.65
1336.73	1842.01
1337.74	1786.23
1338.75	1792.44
1339.76	1799.23
1340.76	1788.59
1341.77	1770.81
1342.78	1771.6
1343.79	1788.96
1344.79	1758.32
1345.8	1762.54
1346.8	1758.76
1347.81	1763.27
1348.82	1768.63
1349.82	1763.42
1350.83	1751.35
1351.83	1756.42
1352.84	1760.07
1353.84	1738
1354.84	1755.65
1355.85	1753.3
1356.85	1744.37
1357.85	1741.45
1358.86	1736.24
1359.86	1760.46
1360.86	1766.67
1361.86	1759.75
1362.87	1752.83
1363.87	1786.47
1364.87	1784.69
1365.87	1769.19
1366.87	1761.41
1367.87	1757.92
1368.87	1771.85
1369.87	1763.78
1370.87	1764
1371.87	1762.79
1372.87	1756.72
1373.87	1763.23
1374.87	1772.02
1375.87	1777.66
1376.87	1786.17
1377.86	1793.81
1378.86	1778.32
1379.86	1783.97
1380.86	1763.33
1381.85	1778.97
1382.85	1768.33
1383.85	1759.41
1384.84	1747.34
1385.84	1779.28
1386.84	1742.35
1387.83	1732
1388.83	1733.36
1389.82	1725.58
1390.82	1738.94
1391.81	1736.58
1392.81	1724.8
1393.8	1749.31
1394.79	1771.81
1395.79	1783.74
1396.78	1753.39
1397.77	1803.32
1398.77	1817.26
1399.76	1810.62
1400.75	1850.26
1401.74	1865.63
1402.74	1884.41
1403.73	1916.63
1404.72	1929.42
1405.71	1936.78
1406.7	1906.15
1407.69	1863.79
1408.68	1852.01
1409.67	1845.09
1410.66	1818.45
1411.65	1820.67
1412.64	1814.88
1413.63	1802.53
1414.62	1814.75
1415.61	1812.68
1416.59	1801.76
1417.58	1796.83
1418.57	1795.62
1419.56	1780.41
1420.55	1781.2
1421.53	1781.99
1422.52	1780.5
1423.51	1800.14
1424.49	1796.93
1425.48	1788.58
1426.46	1789.65
1427.45	1809.87
1428.43	1816.38
1429.42	1840.02
1430.4	1813.67
1431.39	1865.32
1432.37	1856.68
1433.36	1877.18
1434.34	1873.69
1435.32	1914.48
1436.31	1901.55
1437.29	1918.06
1438.27	1880.56
1439.26	1896.49
1440.24	1883
1441.22	1866.07
1442.2	1866.58
1443.18	1861.08
1444.16	1886.15
1445.14	1875.23
1446.12	1909.73
1447.11	1952.52
1448.09	1998.46
1449.07	2099.53
1450.05	2201.46
1451.02	2271.97
1452	2320.76
1452.98	2335.26
1453.96	2292.91
1454.94	2228.56
1455.92	2157.63
1456.9	2089.56
1457.87	2081.5
1458.85	2018.29
1459.83	2011.08
1460.81	1973.01
1461.78	1949.51
1462.76	1894.02
1463.73	1888.24
1464.71	1871.02
1465.69	1823.24
1466.66	1832.03
1467.64	1799.11
1468.61	1779.33
1469.59	1772.4
1470.56	1753.19
1471.54	1737.7
1472.51	1753.63
1473.48	1742.99
1474.46	1701.49
1475.43	1701.71
1476.4	1698.5
1477.37	1698.15
1478.35	1643.51
1479.32	1661.16
1480.29	1656.52
1481.26	1625.88
1482.23	1610.95
1483.21	1595.17
1484.18	1603.11
1485.15	1597.61
1486.12	1612.68
1487.09	1593.76
1488.06	1583.12
1489.03	1571.34
1490	1586.13
1490.97	1597.49
1491.93	1590.57
1492.9	1576.21
1493.87	1587
1494.84	1592.94
1495.81	1583.44
1496.77	1581.09
1497.74	1571.59
1498.71	1554.38
1499.68	1567.46
1500.64	1544.53
1501.61	1556.46
1502.58	1530.97
1503.54	1526.9
1504.51	1528.26
1505.47	1538.19
1506.44	1520.7
1507.4	1519.49
1508.37	1531.71
1509.33	1524.5
1510.3	1522.43
1511.26	1513.5
1512.22	1523.44
1513.19	1534.8
1514.15	1546.73
1515.11	1545.23
1516.08	1556.31
1517.04	1539.1
1518	1547.6
1518.96	1533.54
1519.92	1548.9
1520.88	1522.26
1521.85	1535.33
1522.81	1487.55
1523.77	1515.48
1524.73	1519.42
1525.69	1515.92
1526.65	1498.14
1527.61	1498.36
1528.57	1511.43
1529.53	1522.22
1530.48	1490.73
1531.44	1502.09
1532.4	1501.73
1533.36	1480.52
1534.32	1483.6
1535.28	1491.53
1536.23	1481.46
1537.19	1481.97
1538.15	1493.62
1539.1	1488.69
1540.06	1484.62
1541.02	1476.84
1541.97	1479.92
1542.93	1475.56
1543.88	1493.78
1544.84	1480
1545.79	1465.65
1546.75	1469.87
1547.7	1490.94
1548.66	1478.3
1549.61	1473.66
1550.56	1466.45
1551.52	1497.24
1552.47	1460.03
1553.42	1481.11
1554.38	1454.76
1555.33	1489.83
1556.28	1469.19
1557.23	1456.84
1558.18	1491.63
1559.14	1463.28
1560.09	1473.78
1561.04	1443.43
1561.99	1466.22
1562.94	1471.86
1563.89	1474.65
1564.84	1453.73
1565.79	1480.52
1566.74	1438.16
1567.69	1490.38
1568.64	1465.46
1569.59	1473.96
1570.53	1439.32
1571.48	1457.26
1572.43	1448.05
1573.38	1455.41
1574.33	1448.48
1575.27	1440.13
1576.22	1459.78
1577.17	1453.42
1578.11	1459.64
1579.06	1439.29
1580	1450.36
1580.95	1455.44
1581.9	1449.09
1582.84	1418.73
1583.79	1439.52
1584.73	1426.03
1585.67	1424.53
1586.62	1403.89
1587.56	1422.68
1588.51	1419.76
1589.45	1439.69
1590.39	1411.62
1591.34	1406.41
1592.28	1398.92
1593.22	1382.28
1594.16	1390.78
1595.11	1406.14
1596.05	1394.07
1596.99	1382.29
1597.93	1413.37
1598.87	1400.16
1599.81	1391.23
1600.75	1390.88
1601.69	1395.96
1602.63	1389.32
1603.57	1399.82
1604.51	1389.47
1605.45	1393.4
1606.39	1385.33
1607.33	1427.27
1608.27	1382.63
1609.21	1434.56
1610.14	1412.21
1611.08	1419
1612.02	1430.07
1612.96	1409.15
1613.89	1411.08
1614.83	1403.87
1615.77	1399.8
1616.7	1379.73
1617.64	1384.52
1618.58	1364.74
1619.51	1371.25
1620.45	1362.61
1621.38	1363.11
1622.32	1358.19
1623.25	1352.41
1624.19	1375.48
1625.12	1364.56
1626.05	1363.06
1626.99	1340.99
1627.92	1352.93
1628.85	1346
1629.79	1348.22
1630.72	1342.44
1631.65	1352.66
1632.58	1371.16
1633.52	1367.38
1634.45	1370.74
1635.38	1376.96
1636.31	1397.46
1637.24	1409.68
1638.17	1418.47
1639.1	1394.97
1640.03	1412.62
1640.96	1388.55
1641.89	1375.34
1642.82	1362.99
1643.75	1362.92
1644.68	1368.86
1645.61	1356.22
1646.54	1319.29
1647.46	1338.08
1648.39	1317.73
1649.32	1324.8
1650.25	1325.88
1651.17	1311.24
1652.1	1295.74
1653.03	1310.25
1653.95	1297.61
1654.88	1286.4
1655.81	1275.76
1656.73	1311.98
1657.66	1283.63
1658.58	1280.7
1659.51	1298.92
1660.43	1283.14
1661.36	1274.5
1662.28	1288.43
1663.21	1283.79
1664.13	1288.87
1665.05	1269.66
1665.98	1268.45
1666.9	1278.67
1667.82	1255.46
1668.74	1287.67
1669.67	1277.89
1670.59	1274.68
1671.51	1270.61
1672.43	1268.26
1673.35	1253.05
1674.27	1282.13
1675.19	1264.34
1676.12	1240.85
1677.04	1267.07
1677.96	1256.43
1678.88	1243.5
1679.79	1248.29
1680.71	1274.23
1681.63	1243.02
1682.55	1254.95
1683.47	1246.31
1684.39	1240.24
1685.31	1258.17
1686.23	1221.82
1687.14	1254.61
1688.06	1255.69
1688.98	1235.33
1689.89	1251.84
1690.81	1265.48
1691.73	1222.85
1692.64	1241.64
1693.56	1239
1694.48	1223.79
1695.39	1250.29
1696.31	1255.08
1697.22	1246.16
1698.14	1233.52
1699.05	1256.88
1699.96	1244.81
1700.88	1221.6
1701.79	1230.96
1702.7	1220.04
1703.62	1212.26
1704.53	1231.04
1705.44	1238.69
1706.36	1227.48
1707.27	1230.56
1708.18	1233.35
1709.09	1232.71
1710	1233.78
1710.92	1222
1711.83	1218.51
1712.74	1229.87
1713.65	1210.66
1714.56	1248.3
1715.47	1225.38
1716.38	1222.17
1717.29	1241.82
1718.2	1228.03
1719.11	1216.25
1720.01	1231.9
1720.92	1243.83
1721.83	1241.19
1722.74	1248.27
1723.65	1247.34
1724.56	1284.42
1725.46	1265.21
1726.37	1284
1727.28	1304.22
1728.18	1318.15
1729.09	1308.65
1730	1360.87
1730.9	1401.09
1731.81	1452.74
1732.71	1461.53
1733.62	1496.03
1734.52	1474.25
1735.43	1450.47
1736.33	1457.26
1737.24	1427.76
1738.14	1407.98
1739.04	1393.63
1739.95	1391.56
1740.85	1400.92
1741.75	1388.28
1742.66	1390.21
1743.56	1378.15
1744.46	1371.51
1745.36	1369.15
1746.26	1365.94
1747.17	1372.45
1748.07	1368.09
1748.97	1349.17
1749.87	1347.39
1750.77	1347.32
1751.67	1304.4
1752.57	1326.61
1753.47	1301.4
1754.37	1282.77
1755.27	1289.56
1756.17	1282.35
1757.07	1259.71
1757.97	1267.07
1758.86	1245.86
1759.76	1225.79
1760.66	1228.01
1761.56	1227.37
1762.45	1198.16
1763.35	1186.95
1764.25	1191.45
1765.15	1206.81
1766.04	1175.32
1766.94	1183.54
1767.83	1148.04
1768.73	1157.12
1769.63	1131.62
1770.52	1156.41
1771.42	1152.34
1772.31	1126.85
1773.2	1115.35
1774.1	1123
1774.99	1116.93
1775.89	1102.86
1776.78	1105.94
1777.67	1121.01
1778.57	1110.09
1779.46	1104.88
1780.35	1112.81
1781.24	1099.03
1782.14	1091.25
1783.03	1102.04
1783.92	1093.11
1784.81	1099.05
1785.7	1089.55
1786.59	1081.77
1787.48	1088.84
1788.37	1073.63
1789.26	1081.28
1790.15	1089.78
1791.04	1075.72
1791.93	1070.51
1792.82	1086.72
1793.71	1058.37
1794.6	1075.16
1795.49	1072.24
1796.38	1075.6
1797.26	1063.24
1798.15	1076.89
1799.04	1070.25
1799.93	1071.04
1800.81	1065.55
1801.7	1072.34
1802.59	1067.41
1803.47	1058.49
1804.36	1066.13
1805.24	1050.92
1806.13	1054
1807.02	1050.5
1807.9	1066.44
1808.79	1050.94
1809.67	1055.73
1810.55	1065.95
1811.44	1044.17
1812.32	1030.1
1813.21	1049.17
1814.09	1054.53
1814.97	1043.61
1815.86	1042.4
1816.74	1034.62
1817.62	1027.12
1818.5	1024.2
1819.38	1041.84
1820.27	1034.06
1821.15	1014.85
1822.03	1022.79
1822.91	1019.86
1823.79	1028.08
1824.67	1021.15
1825.55	1012.52
1826.43	1027.3
1827.31	1025.52
1828.19	1036.03
1829.07	1036.82
1829.95	1012.46
1830.83	1012.4
1831.71	1015.47
1832.58	1013.69
1833.46	999.909
1834.34	987.555
1835.22	1008.35
1836.1	1017.42
1836.97	1002.21
1837.85	997.572
1838.73	984.361
1839.6	990.294
1840.48	997.941
1841.35	1003.59
1842.23	1004.38
1843.11	1002.02
1843.98	987.1
1844.86	995.318
1845.73	965.822
1846.6	965.183
1847.48	983.973
1848.35	992.477
1849.23	974.695
1850.1	986.342
1850.97	964.56
1851.85	975.922
1852.72	982.14
1853.59	973.215
1854.46	982.005
1855.34	974.223
1856.21	971.584
1857.08	960.089
1857.95	956.592
1858.82	967.668
1859.69	970.743
1860.56	950.39
1861.43	950.323
1862.3	964.827
1863.17	944.188
1864.04	965.549
1864.91	940.339
1865.78	944.843
1866.65	953.918
1867.52	956.422
1868.39	957.498
1869.26	958.002
1870.13	938.506
1870.99	949.581
1871.86	943.514
1872.73	945.732
1873.59	929.093
1874.46	940.454
1875.33	927.244
1876.19	945.463
1877.06	926.538
1877.93	927.613
1878.79	943.546
1879.66	936.05
1880.52	937.697
1881.39	944.772
1882.25	909.276
1883.12	926.352
1883.98	920.284
1884.84	934.217
1885.71	942.435
1886.57	926.654
1887.43	916.3
1888.3	928.805
1889.16	925.308
1890.02	918.67
1890.89	933.459
1891.75	926.821
1892.61	897.325
1893.47	923.829
1894.33	921.19
1895.19	924.837
1896.05	915.341
1896.91	911.559
1897.78	916.063
1898.64	906.567
1899.5	913.357
1900.35	889.861
1901.21	902.65
1902.07	905.154
1902.93	899.373
1903.79	902.448
1904.65	903.524
1905.51	900.885
1906.37	877.674
1907.22	892.464
1908.08	900.683
1908.94	891.758
1909.8	892.548
1910.65	881.909
1911.51	890.699
1912.36	885.488
1913.22	870.278
1914.08	860.211
1914.93	879.286
1915.79	885.79
1916.64	873.437
1917.5	875.941
1918.35	871.302
1919.21	887.52
1920.06	871.167
1920.92	868.528
1921.77	863.318
1922.62	862.394
1923.48	856.612
1924.33	859.687
1925.18	873.334
1926.03	869.267
1926.89	861.485
1927.74	865.418
1928.59	860.493
1929.44	858.711
1930.29	856.073
1931.14	856.862
1932	847.366
1932.85	865.013
1933.7	842.089
1934.55	854.021
1935.4	849.954
1936.25	847.887
1937.1	835.819
1937.94	844.894
1938.79	843.97
1939.64	830.76
1940.49	840.978
1941.34	861.482
1942.19	839.129
1943.04	845.919
1943.88	832.994
1944.73	841.784
1945.58	832.002
1946.42	838.506
1947.27	829.582
1948.12	830.943
1948.96	814.304
1949.81	823.665
1950.65	811.598
1951.5	835.53
1952.34	832.034
1953.19	818.538
1954.03	808.471
1954.88	803.832
1955.72	806.336
1956.57	821.126
1957.41	819.915
1958.25	806.419
1959.1	815.781
1959.94	811.427
1960.78	798.217
1961.63	793.578
1962.47	808.368
1963.31	802.586
1964.15	803.948
1964.99	803.309
1965.84	808.956
1966.68	814.888
1967.52	796.821
1968.36	798.753
1969.2	787.543
1970.04	792.904
1970.88	805.122
1971.72	789.341
1972.56	796.416
1973.4	792.92
1974.24	781.424
1975.08	801.071
1975.91	768.718
1976.75	803.508
1977.59	788.298
1978.43	767.659
1979.27	778.734
1980.1	776.952
1980.94	785.171
1981.78	777.103
1982.62	777.322
1983.45	781.254
1984.29	774.044
1985.12	768.262
1985.96	760.766
1986.79	754.127
1987.63	762.346
1988.46	754.278
1989.3	759.354
1990.13	768.429
1990.97	764.362
1991.8	772.866
1992.64	767.941
1993.47	772.16
1994.3	767.521
1995.14	754.31
1995.97	750.814
1996.8	763.604
1997.64	765.251
1998.47	757.755
1999.3	744.259
2000.13	748.763
2000.96	752.124
2001.79	746.342
2002.63	757.989
2003.46	746.208
2004.29	742.997
2005.12	732.644
2005.95	749.72
2006.78	729.938
2007.61	741.299
2008.44	749.232
2009.27	743.45
2010.09	731.097
2010.92	744.458
2011.75	740.391
2012.58	740.895
2013.41	731.113
2014.24	731.617
2015.06	730.407
2015.89	722.054
2016.72	716.272
2017.54	724.204
2018.37	721.851
2019.2	730.07
2020.02	740.002
2020.85	730.506
2021.68	717.01
2022.5	720.943
2023.33	714.875
2024.15	713.951
2024.98	724.169
2025.8	706.673
2026.62	717.749
2027.45	710.253
2028.27	701.614
2029.1	702.404
2029.92	686.908
2030.74	711.412
2031.56	699.058
2032.39	700.991
2033.21	694.924
2034.03	704.57
2034.85	690.217
2035.68	698.436
2036.5	694.368
2037.32	700.015
2038.14	687.091
2038.96	685.88
2039.78	691.813
2040.6	685.46
2041.42	700.821
2042.24	702.468
2043.06	696.4
2043.88	688.333
2044.7	690.837
2045.52	695.627
2046.34	672.416
2047.16	677.778
2047.97	679.424
2048.79	668.786
2049.61	694.433
2050.43	689.222
2051.24	672.869
2052.06	673.087
2052.88	667.591
2053.69	673.81
2054.51	670.028
2055.33	663.104
2056.14	680.179
2056.96	655.254
2057.77	659.473
2058.59	672.262
2059.4	663.052
2060.22	664.699
2061.03	678.346
2061.85	661.421
2062.66	667.354
2063.48	656.144
2064.29	652.362
2065.1	651.152
2065.92	644.799
2066.73	646.731
2067.54	651.807
2068.35	665.739
2069.17	670.815
2069.98	669.604
2070.79	657.537
2071.6	661.755
2072.41	654.831
2073.22	649.62
2074.03	657.267
2074.84	645.2
2075.65	660.561
2076.46	644.779
2077.27	645.855
2078.08	632.644
2078.89	648.291
2079.7	644.795
2080.51	645.871
2081.32	641.518
2082.13	639.736
2082.94	645.954
2083.74	632.173
2084.55	625.248
2085.36	630.609
2086.17	642.542
2086.97	620.474
2087.78	637.55
2088.59	624.625
2089.39	625.701
2090.2	628.205
2091.01	627.852
2091.81	619.213
2092.62	626.003
2093.42	621.649
2094.23	623.582
2095.03	626.086
2095.84	628.018
2096.64	619.094
2097.45	623.884
2098.25	612.673
2099.05	610.32
2099.86	624.539
