150.31	3879.86
151.606	3957.86
152.902	3977.86
154.198	3980.43
155.492	4033.86
156.787	4016.71
158.081	3967
159.376	3921.29
160.669	3907
161.962	3889.86
163.256	3842.71
164.548	3855
165.841	3832.71
167.133	3844.71
168.424	3864.14
169.715	3826.71
171.006	3849.57
172.297	3853.86
173.587	3886.71
174.877	3861.57
176.166	3875
177.456	3867.86
178.745	3864.71
180.033	3848.71
181.321	3859.86
182.609	3874.43
183.897	3873.57
185.184	3878.71
186.471	3890.71
187.757	3862.14
189.044	3889.86
190.33	3880.43
191.615	3899.57
192.9	3871.86
194.185	3895.29
195.469	3871.57
196.753	3867.86
198.037	3872.71
199.321	3845.86
200.604	3863
201.887	3862.43
203.17	3839.86
204.451	3848.14
205.733	3844.14
207.014	3858.71
208.296	3856.43
209.576	3851.57
210.856	3867
212.137	3827.86
213.417	3897.29
214.696	3902.71
215.975	3882.43
217.253	3922.43
218.532	3947
219.81	3965.86
221.088	3913.29
222.365	3957.57
223.642	3993.29
224.919	4017.57
226.195	3994.43
227.471	4072.14
228.747	4088.69
230.022	4164.96
231.297	4239.51
232.572	4354.63
233.846	4352.9
235.12	4378.31
236.394	4275.14
237.667	4226.55
238.94	4201.39
240.213	4186.23
241.485	4166.49
242.757	4173.04
244.029	4207.02
245.3	4209.29
246.571	4278.98
247.842	4303.25
249.112	4383.51
250.381	4393.21
251.651	4436.62
252.921	4454.02
254.189	4515.43
255.457	4511.7
256.726	4489.39
257.994	4585.66
259.261	4604.5
260.529	4643.9
261.796	4687.03
263.062	4765.58
264.329	4769.56
265.595	4837.82
266.86	4901.52
268.125	4864.64
269.39	4895.48
270.655	4861.17
271.919	4775.72
273.182	4691.13
274.446	4595.11
275.71	4504.52
276.973	4337.36
278.234	4285.05
279.497	4290.74
280.759	4197.29
282.021	4134.99
283.281	4084.97
284.543	4070.95
285.803	4042.07
287.063	4064.34
288.322	4029.46
289.583	4015.44
290.842	4014.56
292.101	4007.97
293.358	3975.95
294.617	4006.5
295.875	4025.05
297.133	4015.89
298.389	3983.01
299.647	4018.71
300.903	4044.11
302.159	4058.09
303.415	4055.22
304.67	4082.63
305.925	4090.32
307.18	4068.01
308.435	4081.14
309.689	4077.12
310.943	4026.24
312.196	4029.08
313.45	4074.48
314.702	4057.32
315.954	4067.87
317.207	4054.42
318.459	4084.12
319.71	4093.53
320.961	4061.51
322.212	4120.91
323.463	4107.47
324.712	4099.73
325.962	4041.14
327.211	4007.41
328.461	3949.39
329.71	3893.94
330.958	3900.49
332.207	3873.04
333.454	3891.59
334.702	3896.14
335.949	3887.55
337.196	3884.39
338.442	3880.37
339.688	3877.77
340.933	3882.9
342.179	3907.73
343.424	3880.29
344.67	3895.12
345.914	3893.67
347.158	3887.37
348.402	3944.2
349.645	3968.47
350.888	3983.59
352.131	3998.43
353.373	4057.27
354.616	4089.82
355.857	4058.08
357.099	4024.06
358.34	3970.33
359.58	3957.17
360.821	3944.57
362.061	3949.7
363.301	3991.11
364.54	4012.51
365.78	3959.64
367.019	3983.62
368.257	4045.03
369.495	4053
370.733	4152.7
371.97	4250.39
373.208	4317.23
374.444	4252.35
375.681	4208.33
376.917	4096.03
378.153	4039.72
379.389	3951.7
380.623	3946.25
381.858	3943.37
383.092	3908.5
384.327	3885.62
385.561	3899.88
386.794	3913.29
388.027	3953.84
389.26	3895.25
390.492	3943.8
391.724	3928.36
392.956	3959.48
394.188	3930.03
395.419	3931.15
396.65	4001.99
397.88	4013.68
399.11	4072.81
400.341	4107.36
401.57	4056.77
402.799	4050.46
404.028	4047.58
405.257	4078.42
406.484	4079.26
407.712	4170.09
408.94	4212.36
410.167	4254.34
411.394	4254.32
412.621	4203.73
413.847	4162.28
415.073	4071.11
416.298	4073.95
417.523	4077.93
418.749	4042.77
419.973	4061.61
421.197	4070.73
422.421	4067.28
423.644	4050.4
424.867	4043.81
426.091	4106.65
427.313	4061.2
428.536	4067.75
429.757	4107.73
430.979	4093.42
432.201	4097.4
433.421	4097.38
434.642	4115.94
435.862	4102.49
437.082	4092.47
438.301	4083.59
439.52	4088.14
440.739	4072.98
441.958	4111.81
443.176	4107.79
444.394	4125.77
445.612	4132.32
446.83	4194.02
448.046	4244.86
449.263	4332.55
450.479	4411.96
451.695	4507.37
452.911	4631.06
454.126	4668.18
455.341	4727.59
456.556	4703.57
457.77	4624.12
458.985	4564.96
460.198	4458.94
461.411	4356.06
462.624	4314.61
463.837	4240.31
465.05	4258.86
466.262	4224.27
467.473	4189.68
468.685	4196.8
469.896	4152.21
471.106	4209.9
472.317	4189.59
473.527	4164.15
474.737	4161.55
475.946	4178.96
477.155	4195.23
478.364	4206.06
479.573	4264.9
480.781	4333.74
481.988	4525.72
483.195	4654.84
484.403	4880.54
485.609	4902.8
486.816	4709.92
488.022	4463.9
489.227	4303.03
490.434	4206.72
491.639	4129.84
492.844	4119.82
494.048	4071.52
495.252	4115.5
496.456	4127.76
497.66	4076.88
498.863	4138.29
500.065	4153.7
501.268	4124.25
502.47	4088.23
503.672	4128.5
504.874	4095.91
506.075	4062.46
507.275	4081.01
508.476	4123.56
509.677	4131.54
510.876	4158.38
512.076	4217.5
513.275	4238.05
514.474	4259.75
515.673	4188.87
516.871	4143.99
518.069	4143.97
519.267	4093.38
520.464	4095.93
521.661	4091.05
522.857	4125.89
524.054	4092.44
525.25	4110.99
526.445	4110.11
527.641	4097.24
528.836	4122.65
530.031	4122.63
531.225	4107.46
532.42	4119.16
533.613	4155.99
534.807	4145.4
536	4139.67
537.192	4208.22
538.384	4155.34
539.576	4206.18
540.768	4200.16
541.96	4199.85
543.151	4183.83
544.342	4221.81
545.532	4261.22
546.723	4298.34
547.912	4343.47
549.102	4369.45
550.291	4463.71
551.479	4557.98
552.668	4585.1
553.856	4712.51
555.045	4770.2
556.232	4798.47
557.419	4760.16
558.606	4737.57
559.793	4664.98
560.979	4601.24
562.165	4569.22
563.35	4501.77
564.536	4423.75
565.721	4417.73
566.906	4393.43
568.09	4390.84
569.274	4323.67
570.457	4316.8
571.64	4299.35
572.824	4358.47
574.007	4303.02
575.189	4351.86
576.37	4421.55
577.552	4420.67
578.734	4496.37
579.915	4571.78
581.096	4570.9
582.276	4605.74
583.456	4576.57
584.636	4554.55
585.816	4455.39
586.995	4466.51
588.173	4432.21
589.352	4445.9
590.53	4396.17
591.708	4329.58
592.886	4331.56
594.063	4320.68
595.239	4314.09
596.416	4258.92
597.592	4270.05
598.768	4274.6
599.944	4272.86
601.119	4260.84
602.294	4292.54
603.469	4249.09
604.643	4202.5
605.817	4254.48
606.99	4201.31
608.163	4232.72
609.336	4232.13
610.509	4232.68
611.682	4180.09
612.853	4203.21
614.026	4217.19
615.197	4227.46
616.368	4174.58
617.539	4198.85
618.709	4218.25
619.879	4211.66
621.049	4182.21
622.218	4228.48
623.388	4223.03
624.557	4235.01
625.725	4248.42
626.893	4229.54
628.061	4266.95
629.229	4253.5
630.396	4225.77
631.563	4167.46
632.729	4154.87
633.895	4159.71
635.062	4151.11
636.227	4165.38
637.392	4154.79
638.557	4209.91
639.722	4241.89
640.886	4294.73
642.05	4252.14
643.214	4313.26
644.377	4273.52
645.54	4256.93
646.703	4186.63
647.865	4188.32
649.027	4210.02
650.189	4179.14
651.35	4140.83
652.511	4162.53
653.672	4180.22
654.833	4145.91
655.993	4141.89
657.153	4215.59
658.312	4178.14
659.472	4224.12
660.631	4192.39
661.789	4207.51
662.947	4235.2
664.105	4231.75
665.262	4261.45
666.42	4239.71
667.576	4197.12
668.734	4199.39
669.89	4184.22
671.046	4186.2
672.201	4143.9
673.357	4178.45
674.512	4173.86
675.667	4192.98
676.821	4132.1
677.975	4189.51
679.129	4150.63
680.282	4140.61
681.435	4143.45
682.588	4150.86
683.741	4139.41
684.893	4128.82
686.045	4161.94
687.196	4150.49
688.347	4165.9
689.498	4131.88
690.649	4206.43
691.799	4184.98
692.949	4160.11
694.099	4194.66
695.248	4195.78
696.396	4206.04
697.545	4178.88
698.694	4205.15
699.842	4241.98
700.989	4255.11
702.137	4226.52
703.284	4220.78
704.43	4240.48
705.577	4206.45
706.723	4221.29
707.869	4262.41
709.014	4237.82
710.159	4281.52
711.305	4324.64
712.449	4253.19
713.593	4266.03
714.737	4271.72
715.881	4265.42
717.024	4268.82
718.167	4251.09
719.309	4316.21
720.452	4282.76
721.594	4282.74
722.735	4268.44
723.876	4298.7
725.018	4263.25
726.158	4226.38
727.299	4238.07
728.439	4224.91
729.579	4222.32
730.718	4195.44
731.857	4190.85
732.996	4200.54
734.134	4147.38
735.273	4160.22
736.411	4142.48
737.548	4123.89
738.685	4104.15
739.823	4136.71
740.959	4108.4
742.095	4136.67
743.231	4100.65
744.367	4125.2
745.502	4083.75
746.637	4124.01
747.771	4103.71
748.906	4126.26
750.04	4075.95
751.173	4095.36
752.308	4085.91
753.441	4094.75
754.574	4077.59
755.705	4086.14
756.838	4080.4
757.97	4076.38
759.101	4061.22
760.232	4100.63
761.364	4112.89
762.494	4160.3
763.624	4110.85
764.754	4082.55
765.883	4129.38
767.013	4124.79
768.143	4103.06
769.271	4121.32
770.399	4122.73
771.527	4125.28
772.655	4098.12
773.782	4137.24
774.909	4139.79
776.036	4131.77
777.162	4148.61
778.289	4179.45
779.415	4107.43
780.54	4177.41
781.666	4155.39
782.791	4203.65
783.915	4168.78
785.039	4175.9
786.163	4149.59
787.287	4137.29
788.411	4160.69
789.533	4183.25
790.656	4178.66
791.778	4183.49
792.9	4186.04
794.022	4160.88
795.144	4147.43
796.265	4158.27
797.386	4155.11
798.506	4153.08
799.626	4157.92
800.746	4189.33
801.866	4165.31
802.985	4155.58
804.104	4133.56
805.223	4167.82
806.341	4157.23
807.459	4176.92
808.577	4169.76
809.694	4178.88
810.811	4174.29
811.928	4197.13
813.044	4222.54
814.16	4279.66
815.277	4241.35
816.392	4277.33
817.507	4269.31
818.622	4235.86
819.737	4235.84
820.851	4202.97
821.964	4186.66
823.078	4193.5
824.192	4231.48
825.304	4226.89
826.417	4225.44
827.53	4242.56
828.642	4235.97
829.754	4237.09
830.865	4280.79
831.976	4293.62
833.087	4305.03
834.197	4307.58
835.308	4322.13
836.417	4342.97
837.527	4379.24
838.636	4410.64
839.745	4427.48
840.854	4485.17
841.962	4505.44
843.07	4567.99
844.177	4537.4
845.284	4584.52
846.392	4585.93
847.499	4625.91
848.605	4698.75
849.711	4752.73
850.817	4698.71
851.922	4764.12
853.028	4700.95
854.132	4708.08
855.237	4660.91
856.341	4677.46
857.445	4756.02
858.549	4770.57
859.653	4887.12
860.755	4981.1
861.858	5077.36
862.96	5256.49
864.062	5469.32
865.164	5777.59
866.266	6212.14
867.367	6692.98
868.468	7144.96
869.568	7462.36
870.669	7594.92
871.768	7408.04
872.868	7088.3
873.967	6679.14
875.066	6308.83
876.165	6022.53
877.263	5751.37
878.361	5475.06
879.458	5226.18
880.557	5040.45
881.653	4829.86
882.75	4666.98
883.847	4639.53
884.943	4543.8
886.038	4449.49
887.134	4426.33
888.229	4378.88
889.325	4351.14
890.419	4358.55
891.513	4316.25
892.607	4282.51
893.701	4289.06
894.794	4296.19
895.888	4256.17
896.98	4247.29
898.073	4245.84
899.165	4260.96
900.257	4274.37
901.349	4235.78
902.44	4243.47
903.53	4238.02
904.621	4174.86
905.711	4194.56
906.802	4257.39
907.891	4229.09
908.981	4240.21
910.07	4232.19
911.158	4249.6
912.247	4252.15
913.335	4308.13
914.423	4271.54
915.51	4307.52
916.597	4325.5
917.684	4299.19
918.771	4336.6
919.857	4344.86
920.943	4367.99
922.029	4443.11
923.114	4459.66
924.199	4489.07
925.284	4540.76
926.368	4619.03
927.453	4673.87
928.537	4721.56
929.62	4707.83
930.703	4733.23
931.786	4660.36
932.868	4596.62
933.95	4509.46
935.032	4478.3
936.114	4423.13
937.196	4396.54
938.277	4361.66
939.357	4293.64
940.438	4282.77
941.518	4240.17
942.598	4216.44
943.678	4216.71
944.756	4166.11
945.835	4183.52
946.914	4154.07
947.992	4135.2
949.07	4132.03
950.148	4117.44
951.225	4082.28
952.302	4065.97
953.379	4108.24
954.456	4096.5
955.531	4078.2
956.608	4057.89
957.683	4057.87
958.758	4037.57
959.833	4046.97
960.908	4011.53
961.982	4018.08
963.056	4011.77
964.13	4035.47
965.203	4016.87
966.276	4055.71
967.349	3997.98
968.421	4014.53
969.493	4012.79
970.565	4024.49
971.636	4000.47
972.708	3973.59
973.779	4011.86
974.849	4009.26
975.92	3995.24
976.99	4021.22
978.06	4030.63
979.129	3976.9
980.198	4019.73
981.267	4062.86
982.336	4018.55
983.404	4047.96
984.471	4038.51
985.539	4061.35
986.606	4027.9
987.673	4043.59
988.739	4035.57
989.806	4083.27
990.872	4060.1
991.938	4052.66
993.003	4072.63
994.069	4067.19
995.133	4058.31
996.198	4102.57
997.262	4087.13
998.326	4147.68
999.39	4176.23
1000.45	4173.35
1001.52	4172.19
1002.58	4160.45
1003.64	4107.58
1004.7	4133.27
1005.77	4120.11
1006.83	4126.66
1007.89	4112.92
1008.95	4106.62
1010.01	4094.88
1011.07	4085.72
1012.13	4104.27
1013.19	4054.25
1014.25	4049.09
1015.31	4085.35
1016.37	4081.91
1017.42	4098.74
1018.48	4082.72
1019.54	4071.84
1020.6	4060.4
1021.65	4044.95
1022.71	4084.36
1023.77	4020.05
1024.82	4046.89
1025.88	4048.58
1026.94	4036.56
1027.99	4071.68
1029.05	4069.95
1030.1	4048.78
1031.16	4082.77
1032.21	4054.17
1033.26	4043.01
1034.32	4094.99
1035.37	4098.11
1036.42	4141.52
1037.48	4139.5
1038.53	4159.48
1039.58	4230.03
1040.63	4255.73
1041.68	4313.42
1042.74	4374.54
1043.79	4468.81
1044.84	4577.07
1045.89	4683.63
1046.94	4907.89
1047.99	5006.44
1049.04	5059.28
1050.09	5039.26
1051.13	4847.52
1052.18	4741.5
1053.23	4629.2
1054.28	4481.75
1055.33	4359.16
1056.37	4274.57
1057.42	4181.12
1058.47	4165.67
1059.51	4149.65
1060.56	4137.91
1061.6	4120.75
1062.65	4094.73
1063.7	4152.42
1064.74	4169.83
1065.78	4158.38
1066.83	4210.36
1067.87	4235.77
1068.92	4279.18
1069.96	4356.02
1071	4320.57
1072.04	4390.26
1073.09	4389.1
1074.13	4389.08
1075.17	4351.35
1076.21	4257.04
1077.25	4196.16
1078.29	4046.71
1079.34	4058.41
1080.38	4034.67
1081.42	4044.08
1082.45	4017.2
1083.49	4045.47
1084.53	4001.16
1085.57	3976
1086.61	4033.7
1087.65	3985.1
1088.69	3948.51
1089.72	4012.49
1090.76	3941.9
1091.8	3957.31
1092.84	3937.57
1093.87	3965.27
1094.91	3940.96
1095.94	3937.51
1096.98	3970.35
1098.01	3939.19
1099.05	3975.45
1100.08	3962.86
1101.12	3969.7
1102.15	3999.68
1103.19	3969.37
1104.22	3957.35
1105.25	3954.47
1106.29	3994.17
1107.32	3989.86
1108.35	4028.7
1109.38	4018.97
1110.41	4065.23
1111.44	4050.64
1112.48	4013.48
1113.51	4046.03
1114.54	4025.15
1115.57	4029.42
1116.6	4038.25
1117.63	3999.95
1118.65	4038.5
1119.68	4121.91
1120.71	4077.89
1121.74	4123.01
1122.77	4138.99
1123.8	4173.83
1124.82	4178.38
1125.85	4100.36
1126.88	4084.91
1127.9	4041.46
1128.93	4002.3
1129.96	4000.28
1130.98	3965.4
1132.01	3970.81
1133.03	3947.93
1134.06	3903.62
1135.08	3866.75
1136.11	3891.3
1137.13	3905.28
1138.15	3887.26
1139.18	3916.95
1140.2	3899.5
1141.22	3908.63
1142.24	3900.32
1143.27	3917.44
1144.29	3939.14
1145.31	3933.97
1146.33	3925.67
1147.35	3910.79
1148.37	3900.77
1149.39	3918.46
1150.41	3932.44
1151.43	3931.85
1152.45	3903.55
1153.47	3882.38
1154.49	3929.51
1155.51	3901.77
1156.53	3891.47
1157.54	3898.02
1158.56	3892.57
1159.58	3915.12
1160.59	3881.67
1161.61	3888.22
1162.63	3911.34
1163.64	3925.04
1164.66	3917.88
1165.68	3918.43
1166.69	3940.12
1167.71	3913.24
1168.72	3878.37
1169.73	3874.06
1170.75	3892.61
1171.76	3851.45
1172.78	3850.29
1173.79	3865.98
1174.8	3855.96
1175.81	3843.37
1176.83	3855.92
1177.84	3904.47
1178.85	3942.45
1179.86	3973.57
1180.87	3997.27
1181.88	3981.25
1182.89	3896.37
1183.9	3870.06
1184.91	3848.04
1185.92	3829.74
1186.93	3828.86
1187.94	3850.55
1188.95	3844.82
1189.96	3835.94
1190.97	3835.92
1191.97	3825.62
1192.98	3816.74
1193.99	3849.58
1195	3850.13
1196	3844.11
1197.01	3866.09
1198.01	3861.78
1199.02	3887.47
1200.03	3863.17
1201.03	3891.72
1202.04	3896.27
1203.04	3894.82
1204.04	3930.52
1205.05	3911.07
1206.05	3908.19
1207.06	3924.46
1208.06	3897.29
1209.06	3877.56
1210.06	3885.82
1211.07	3886.38
1212.07	3841.5
1213.07	3880.91
1214.07	3887.74
1215.07	3849.44
1216.07	3890.85
1217.07	3848.54
1218.07	3941.95
1219.07	3940.21
1220.07	3984.19
1221.07	4007.03
1222.07	4032.72
1223.07	4043.28
1224.07	4090.4
1225.07	4152.95
1226.06	4137.79
1227.06	4157.48
1228.06	4173.75
1229.06	4250.01
1230.05	4255.99
1231.05	4225.11
1232.04	4233.67
1233.04	4227.93
1234.04	4243.34
1235.03	4213.89
1236.03	4247.01
1237.02	4290.37
1238.01	4382.79
1239.01	4431.58
1240	4493.39
1241	4528.77
1241.99	4574.67
1242.98	4520.77
1243.97	4430.97
1244.97	4393.25
1245.96	4362.96
1246.95	4286.01
1247.94	4268.49
1248.93	4225.78
1249.92	4183.56
1250.91	4157.71
1251.9	4118.1
1252.89	4102.49
1253.88	4074.43
1254.87	4050.71
1255.86	4021.34
1256.85	3979.65
1257.84	3975.87
1258.83	3957.31
1259.81	3942.36
1260.8	3934.11
1261.79	3906.49
1262.78	3905.99
1263.76	3905.03
1264.75	3917.01
1265.73	3937.78
1266.72	3946.46
1267.71	3960.2
1268.69	3961.63
1269.68	3940.31
1270.66	3941.43
1271.65	3955.56
1272.63	3934.11
1273.61	3934.57
1274.6	3945.72
1275.58	3947.12
1276.56	3961.93
1277.55	3948.42
1278.53	3965.66
1279.51	3988.58
1280.49	4006.06
1281.47	4039.57
1282.45	4093.69
1283.43	4131.48
1284.42	4172.07
1285.4	4200.36
1286.38	4217.1
1287.35	4243.11
1288.33	4207.19
1289.06	4178.11
1290.08	4182.94
1291.1	4187.77
1292.12	4046.04
1293.14	4010.58
1294.16	3996.85
1295.17	3978.25
1296.19	3909.08
1297.21	3830.49
1298.23	3878.75
1299.25	3844.73
1300.27	3775.85
1301.28	3784.11
1302.3	3764.66
1303.32	3774.92
1304.33	3751.47
1305.35	3740.87
1306.37	3756.85
1307.38	3758.25
1308.4	3761.94
1309.41	3729.63
1310.43	3730.47
1311.44	3733.02
1312.46	3792.42
1313.47	3781.54
1314.49	3738.94
1315.5	3766.63
1316.51	3685.75
1317.53	3747.73
1318.54	3762.56
1319.55	3737.4
1320.57	3766.52
1321.58	3776.49
1322.59	3795.9
1323.6	3767.02
1324.61	3733.28
1325.63	3715.83
1326.64	3673.23
1327.65	3649.78
1328.66	3662.33
1329.67	3657.73
1330.68	3645.71
1331.69	3649.68
1332.7	3590.23
1333.71	3641.06
1334.72	3639.61
1335.72	3610.45
1336.73	3649.28
1337.74	3627.26
1338.75	3639.52
1339.76	3606.64
1340.76	3636.9
1341.77	3579.73
1342.78	3571.99
1343.79	3549.4
1344.79	3560.23
1345.8	3554.21
1346.8	3518.18
1347.81	3557.02
1348.82	3557.57
1349.82	3537.26
1350.83	3555.8
1351.83	3556.07
1352.84	3524.04
1353.84	3532.88
1354.84	3508.28
1355.85	3501.69
1356.85	3502.52
1357.85	3502.78
1358.86	3531.33
1359.86	3521.3
1360.86	3508.71
1361.86	3517.54
1362.87	3500.95
1363.87	3512.07
1364.87	3537.76
1365.87	3493.73
1366.87	3534
1367.87	3514.83
1368.87	3533.66
1369.87	3492.5
1370.87	3491.62
1371.87	3517.88
1372.87	3497.85
1373.87	3519.26
1374.87	3484.09
1375.87	3529.21
1376.87	3501.76
1377.86	3555.74
1378.86	3542.28
1379.86	3545.69
1380.86	3521.95
1381.85	3493.35
1382.85	3499.9
1383.85	3472.74
1384.84	3445.85
1385.84	3444.97
1386.84	3473.24
1387.83	3444.07
1388.83	3419.76
1389.82	3474.88
1390.82	3463.71
1391.81	3473.4
1392.81	3480.52
1393.8	3485.64
1394.79	3462.19
1395.79	3542.74
1396.78	3534.14
1397.77	3538.98
1398.77	3622.67
1399.76	3663.78
1400.75	3695.48
1401.74	3716.59
1402.74	3793.43
1403.73	3790.26
1404.72	3851.67
1405.71	3813.64
1406.7	3778.19
1407.69	3692.74
1408.68	3647.57
1409.67	3633.55
1410.66	3586.1
1411.65	3544.36
1412.64	3519.76
1413.63	3546.31
1414.62	3562.29
1415.61	3563.98
1416.59	3546.52
1417.58	3559.36
1418.57	3520.19
1419.56	3509.88
1420.55	3467.86
1421.53	3462.12
1422.52	3424.1
1423.51	3454.36
1424.49	3453.48
1425.48	3476.03
1426.46	3449.72
1427.45	3452.55
1428.43	3439.67
1429.42	3453.65
1430.4	3493.91
1431.39	3482.17
1432.37	3448.72
1433.36	3480.41
1434.34	3486.95
1435.32	3500.93
1436.31	3524.05
1437.29	3516.31
1438.27	3490.29
1439.26	3479.98
1440.24	3435.38
1441.22	3425.07
1442.2	3461.05
1443.18	3467.88
1444.16	3470.15
1445.14	3510.69
1446.12	3503.81
1447.11	3592.93
1448.09	3676.91
1449.07	3718.03
1450.05	3766.58
1451.02	3830.55
1452	3867.67
1452.98	3840.79
1453.96	3761.91
1454.94	3712.74
1455.92	3679.58
1456.9	3638.41
1457.87	3611.24
1458.85	3577.5
1459.83	3575.2
1460.81	3531.74
1461.78	3511.72
1462.76	3451.12
1463.73	3439.1
1464.71	3418.22
1465.69	3389.05
1466.66	3391.31
1467.64	3360.15
1468.61	3327.84
1469.59	3359.53
1470.56	3319.79
1471.54	3334.62
1472.51	3322.03
1473.48	3330.01
1474.46	3307.98
1475.43	3324.24
1476.4	3293.36
1477.37	3258.2
1478.35	3223.89
1479.32	3244.72
1480.29	3216.41
1481.26	3175.24
1482.23	3178.36
1483.21	3185.77
1484.18	3198.89
1485.15	3190.01
1486.12	3157.13
1487.09	3169.1
1488.06	3163.08
1489.03	3156.48
1490	3167.6
1490.97	3201.86
1491.93	3172.98
1492.9	3172.96
1493.87	3168.65
1494.84	3150.34
1495.81	3169.75
1496.77	3156.29
1497.74	3167.98
1498.71	3165.39
1499.68	3133.94
1500.64	3117.34
1501.61	3119.32
1502.58	3113.87
1503.54	3084.41
1504.51	3108.1
1505.47	3086.37
1506.44	3095.2
1507.4	3076.6
1508.37	3079.15
1509.33	3074.84
1510.3	3088.25
1511.26	3081.65
1512.22	3105.63
1513.19	3077.32
1514.15	3078.72
1515.11	3082.99
1516.08	3070.39
1517.04	3104.65
1518	3081.2
1518.96	3110.03
1519.92	3091.15
1520.88	3123.41
1521.85	3068.82
1522.81	3080.51
1523.77	3094.2
1524.73	3052.75
1525.69	3061.01
1526.65	3047.27
1527.61	3038.39
1528.57	3001.8
1529.53	3011.2
1530.48	3039.75
1531.44	3004.87
1532.4	3032.56
1533.36	3029.39
1534.32	3019.65
1535.28	3007.35
1536.23	3025.32
1537.19	3018.73
1538.15	3019.27
1539.1	3002.68
1540.06	3028.08
1541.02	2996.35
1541.97	3008.61
1542.93	2991.16
1543.88	2998.27
1544.84	3008.82
1545.79	2995.66
1546.75	3016.77
1547.7	2988.75
1548.66	2997.3
1549.61	2985.56
1550.56	3004.68
1551.52	3001.23
1552.47	2987.2
1553.42	2992.04
1554.38	2975.73
1555.33	2994.85
1556.28	3027.11
1557.23	2991.94
1558.18	2966.78
1559.14	2992.47
1560.09	2978.44
1561.04	2963.56
1561.99	2988.11
1562.94	2954.37
1563.89	2995.78
1564.84	2966.04
1565.79	3008.59
1566.74	2977.99
1567.69	2945.4
1568.64	2964.23
1569.59	2940.78
1570.53	2955.04
1571.48	2945.02
1572.43	2903.85
1573.38	2945.25
1574.33	2914.37
1575.27	2938.63
1576.22	2919.47
1577.17	2908.3
1578.11	2921.71
1579.06	2898.25
1580	2941.09
1580.95	2937.35
1581.9	2919.33
1582.84	2913.59
1583.79	2946.42
1584.73	2896.11
1585.67	2901.23
1586.62	2863.49
1587.56	2884.33
1588.51	2873.45
1589.45	2877.42
1590.39	2875.68
1591.34	2849.95
1592.28	2850.49
1593.22	2847.61
1594.16	2830.16
1595.11	2810.71
1596.05	2831.54
1596.99	2850.09
1597.93	2842.92
1598.87	2838.61
1599.81	2858.02
1600.75	2827.71
1601.69	2831.11
1602.63	2842.23
1603.57	2837.07
1604.51	2826.19
1605.45	2874.45
1606.39	2841.28
1607.33	2883.26
1608.27	2855.8
1609.21	2887.78
1610.14	2872.61
1611.08	2867.16
1612.02	2896.28
1612.96	2840.26
1613.89	2851.95
1614.83	2858.5
1615.77	2817.61
1616.7	2819.02
1617.64	2812.42
1618.58	2819.54
1619.51	2771.81
1620.45	2778.07
1621.38	2794.33
1622.32	2789.73
1623.25	2737.71
1624.19	2769.4
1625.12	2747.66
1626.05	2748.21
1626.99	2771.9
1627.92	2740.45
1628.85	2733.57
1629.79	2763.83
1630.72	2746.09
1631.65	2715.21
1632.58	2753.76
1633.52	2770.31
1634.45	2809.43
1635.38	2805.69
1636.31	2799.66
1637.24	2829.35
1638.17	2833.9
1639.1	2838.74
1640.03	2872.43
1640.96	2849.26
1641.89	2816.09
1642.82	2802.36
1643.75	2780.05
1644.68	2739.17
1645.61	2741.14
1646.54	2719.12
1647.46	2703.95
1648.39	2705.93
1649.32	2683.33
1650.25	2706.17
1651.17	2669.86
1652.1	2647.55
1653.03	2646.67
1653.95	2663.5
1654.88	2671.19
1655.81	2664.88
1656.73	2640.57
1657.66	2617.4
1658.58	2644.24
1659.51	2608.79
1660.43	2626.76
1661.36	2612.45
1662.28	2617.57
1663.21	2622.12
1664.13	2601.52
1665.05	2588.07
1665.98	2596.62
1666.9	2624.31
1667.82	2622
1668.74	2611.41
1669.67	2615.38
1670.59	2603.07
1671.51	2560.19
1672.43	2601.88
1673.35	2589
1674.27	2612.12
1675.19	2569.81
1676.12	2582.36
1677.04	2611.76
1677.96	2553.74
1678.88	2565.43
1679.79	2562.26
1680.71	2569.1
1681.63	2581.93
1682.55	2569.05
1683.47	2524.74
1684.39	2549.86
1685.31	2560.69
1686.23	2552.1
1687.14	2552.65
1688.06	2556.91
1688.98	2570.6
1689.89	2538.57
1690.81	2539.69
1691.73	2553.38
1692.64	2550.22
1693.56	2521.05
1694.48	2555.31
1695.39	2519.86
1696.31	2538.41
1697.22	2564.67
1698.14	2519.79
1699.05	2488.91
1699.96	2519.74
1700.88	2516.29
1701.79	2529.98
1702.7	2532.81
1703.62	2496.5
1704.53	2502.48
1705.44	2515.31
1706.36	2524.15
1707.27	2496.7
1708.18	2526.1
1709.09	2531.22
1710	2504.05
1710.92	2527.74
1711.83	2524.29
1712.74	2506.27
1713.65	2532.82
1714.56	2535.08
1715.47	2531.34
1716.38	2487.6
1717.29	2505.01
1718.2	2510.13
1719.11	2513.82
1720.01	2531.79
1720.92	2523.77
1721.83	2519.17
1722.74	2514.01
1723.65	2496.84
1724.56	2543.1
1725.46	2526.51
1726.37	2535.34
1727.28	2558.75
1728.18	2556.44
1729.09	2599.27
1730	2609.82
1730.9	2700.08
1731.81	2686.63
1732.71	2728.03
1733.62	2726.01
1734.52	2687.13
1735.43	2671.1
1736.33	2671.94
1737.24	2673.06
1738.14	2604.46
1739.04	2627.01
1739.95	2596.98
1740.85	2631.53
1741.75	2622.94
1742.66	2623.77
1743.56	2620.03
1744.46	2596.01
1745.36	2600.56
1746.26	2567.96
1747.17	2589.94
1748.07	2556.2
1748.97	2547.6
1749.87	2563.58
1750.77	2524.41
1751.67	2538.68
1752.57	2542.08
1753.47	2489.77
1754.37	2514.32
1755.27	2497.15
1756.17	2477.41
1757.07	2468.82
1757.97	2460.8
1758.86	2468.77
1759.76	2429.89
1760.66	2425.87
1761.56	2421.56
1762.45	2427.53
1763.35	2432.37
1764.25	2372.34
1765.15	2370.03
1766.04	2390.3
1766.94	2347.42
1767.83	2374.53
1768.73	2373.94
1769.63	2345.34
1770.52	2329.32
1771.42	2322.44
1772.31	2328.42
1773.2	2318.96
1774.1	2327.23
1774.99	2329.49
1775.89	2300.04
1776.78	2289.73
1777.67	2313.7
1778.57	2303.96
1779.46	2293.37
1780.35	2303.35
1781.24	2310.75
1782.14	2285.58
1783.03	2282.99
1783.92	2301.25
1784.81	2280.66
1785.7	2241.2
1786.59	2268.89
1787.48	2284.58
1788.37	2250.56
1789.26	2273.11
1790.15	2245.08
1791.04	2251.63
1791.93	2262.47
1792.82	2268.44
1793.71	2261.85
1794.6	2247.54
1795.49	2246.09
1796.38	2228.63
1797.26	2261.75
1798.15	2240.87
1799.04	2242.28
1799.93	2241.11
1800.81	2262.51
1801.7	2219.63
1802.59	2245.04
1803.47	2241.01
1804.36	2218.99
1805.24	2230.68
1806.13	2234.09
1807.02	2220.63
1807.9	2216.32
1808.79	2231.73
1809.67	2200.85
1810.55	2192.82
1811.44	2204.52
1812.32	2202.78
1813.21	2178.18
1814.09	2210.44
1814.97	2189.56
1815.86	2168.97
1816.74	2152.94
1817.62	2164.35
1818.5	2180.33
1819.38	2176.3
1820.27	2162.28
1821.15	2185.11
1822.03	2193.95
1822.91	2148.78
1823.79	2162.76
1824.67	2167.3
1825.55	2156.14
1826.43	2138.11
1827.31	2172.09
1828.19	2152.07
1829.07	2141.76
1829.95	2147.16
1830.83	2145.71
1831.71	2140.54
1832.58	2126.52
1833.46	2144.78
1834.34	2135.61
1835.22	2092.45
1836.1	2132.71
1836.97	2120.68
1837.85	2140.95
1838.73	2110.35
1839.6	2085.19
1840.48	2103.45
1841.35	2103.42
1842.23	2088.83
1843.11	2106.8
1843.98	2109.35
1844.86	2070.47
1845.73	2073.3
1846.6	2082.14
1847.48	2093.83
1848.35	2043.81
1849.23	2053.5
1850.1	2062.9
1850.97	2048.59
1851.85	2077.14
1852.72	2042.26
1853.59	2083.66
1854.46	2066.5
1855.34	2038.47
1856.21	2052.16
1857.08	2080.43
1857.95	2032.97
1858.82	2043.23
1859.69	2033.21
1860.56	2040.33
1861.43	2020.02
1862.3	2019.71
1863.17	2052.54
1864.04	2055.66
1864.91	2023.35
1865.78	2046.76
1866.65	2012.45
1867.52	2040.43
1868.39	2016.69
1869.26	2008.66
1870.13	2004.36
1870.99	2016.9
1871.86	2019.45
1872.73	1994.57
1873.59	1993.97
1874.46	1972.24
1875.33	1987.64
1876.19	1977.62
1877.06	2009.02
1877.93	1996.14
1878.79	1986.69
1879.66	1988.09
1880.52	1969.21
1881.39	1983.48
1882.25	1994.02
1883.12	1967.14
1883.98	1985.4
1884.84	1983.95
1885.71	1965.93
1886.57	1959.62
1887.43	1976.17
1888.3	1953.29
1889.16	1982.69
1890.02	1975.81
1890.89	1952.36
1891.75	1956.9
1892.61	1962.02
1893.47	1965.14
1894.33	1950.55
1895.19	1929.95
1896.05	1939.36
1896.91	1944.48
1897.78	1951.31
1898.64	1925.86
1899.5	1941.55
1900.35	1946.38
1901.21	1974.07
1902.07	1910.62
1902.93	1916.31
1903.79	1908.57
1904.65	1904.83
1905.51	1923.1
1906.37	1918.79
1907.22	1912.48
1908.08	1907.88
1908.94	1911.86
1909.8	1919.55
1910.65	1902.38
1911.51	1902.07
1912.36	1872.34
1913.22	1896.31
1914.08	1904.57
1914.93	1890.55
1915.79	1881.96
1916.64	1887.36
1917.5	1880.48
1918.35	1877.03
1919.21	1871.29
1920.06	1869.55
1920.92	1872.96
1921.77	1863.5
1922.62	1875.48
1923.48	1863.46
1924.33	1844
1925.18	1840.84
1926.03	1842.53
1926.89	1830.79
1927.74	1851.62
1928.59	1858.17
1929.44	1859
1930.29	1834.12
1931.14	1821.53
1932	1816.65
1932.85	1833.19
1933.7	1823.74
1934.55	1813.15
1935.4	1847.98
1936.25	1846.81
1937.1	1843.93
1937.94	1833.62
1938.79	1853.31
1939.64	1830.72
1940.49	1829.55
1941.34	1806.1
1942.19	1800.93
1943.04	1799.48
1943.88	1809.17
1944.73	1817.15
1945.58	1797.41
1946.42	1797.67
1947.27	1786.22
1948.12	1805.63
1948.96	1804.46
1949.81	1785.86
1950.65	1780.7
1951.5	1773.82
1952.34	1772.08
1953.19	1782.34
1954.03	1781.17
1954.88	1800.86
1955.72	1759.41
1956.57	1766.25
1957.41	1782.22
1958.25	1768.77
1959.1	1768.17
1959.94	1774.15
1960.78	1759.27
1961.63	1743.82
1962.47	1776.65
1963.31	1747.48
1964.15	1772.03
1964.99	1738.87
1965.84	1734.56
1966.68	1744.82
1967.52	1721.94
1968.36	1729.06
1969.2	1726.46
1970.04	1726.44
1970.88	1732.7
1971.72	1732.1
1972.56	1710.37
1973.4	1708.34
1974.24	1709.18
1975.08	1746.29
1975.91	1716.56
1976.75	1702.82
1977.59	1719.65
1978.43	1721.91
1979.27	1696.75
1980.1	1682.15
1980.94	1691.84
1981.78	1684.11
1982.62	1715.51
1983.45	1676.63
1984.29	1681.46
1985.12	1696.58
1985.96	1687.13
1986.79	1656.53
1987.63	1706.22
1988.46	1686.77
1989.3	1691.89
1990.13	1678.44
1990.97	1669.84
1991.8	1660.96
1992.64	1674.65
1993.47	1652.34
1994.3	1628.61
1995.14	1669.44
1995.97	1632.84
1996.8	1648.25
1997.64	1659.37
1998.47	1662.49
1999.3	1634.75
2000.13	1635.58
2000.96	1647.27
2001.79	1643.25
2002.63	1630.94
2003.46	1628.63
2004.29	1637.18
2005.12	1619.16
2005.95	1600.85
2006.78	1653.39
2007.61	1647.08
2008.44	1630.2
2009.27	1625.04
2010.09	1607.01
2010.92	1612.7
2011.75	1595.54
2012.58	1628.94
2013.41	1592.92
2014.24	1603.75
2015.06	1589.16
2015.89	1593.99
2016.72	1604.82
2017.54	1586.8
2018.37	1583.92
2019.2	1602.75
2020.02	1586.73
2020.85	1599.28
2021.68	1582.11
2022.5	1570.94
2023.33	1602.92
2024.15	1592.32
2024.98	1593.16
2025.8	1565.42
2026.62	1557.97
2027.45	1570.51
2028.27	1585.63
2029.1	1554.18
2029.92	1549.02
2030.74	1581.85
2031.56	1552.11
2032.39	1550.94
2033.21	1572.92
2034.03	1529.47
2034.85	1521.44
2035.68	1525.13
2036.5	1510.25
2037.32	1539.37
2038.14	1548.49
2038.96	1535.04
2039.78	1527.59
2040.6	1512.14
2041.42	1515.25
2042.24	1522.37
2043.06	1528.35
2043.88	1515.47
2044.7	1522.3
2045.52	1521.71
2046.34	1508.54
2047.16	1517.09
2047.97	1503.92
2048.79	1504.76
2049.61	1515.02
2050.43	1521.56
2051.24	1512.97
2052.06	1488.09
2052.88	1479.49
2053.69	1492.04
2054.51	1499.73
2055.33	1489.99
2056.14	1486.54
2056.96	1487.66
2057.77	1485.07
2058.59	1516.47
2059.4	1475.02
2060.22	1464.99
2061.03	1490.4
2061.85	1488.38
2062.66	1484.35
2063.48	1465.47
2064.29	1480.59
2065.1	1460.28
2065.92	1463.11
2066.73	1463.95
2067.54	1470.78
2068.35	1446.47
2069.17	1461.59
2069.98	1458.42
2070.79	1485.54
2071.6	1464.66
2072.41	1457.78
2073.22	1443.47
2074.03	1472.02
2074.84	1443.42
2075.65	1442.54
2076.46	1470.23
2077.27	1434.5
2078.08	1438.76
2078.89	1454.73
2079.7	1422.43
2080.51	1432.12
2081.32	1419.52
2082.13	1426.64
2082.94	1439.19
2083.74	1424.88
2084.55	1399.14
2085.36	1422.83
2086.17	1417.95
2086.97	1414.21
2087.78	1411.33
2088.59	1406.16
2089.39	1413.57
2090.2	1406.4
2091.01	1416.95
2091.81	1404.36
2092.62	1435.47
2093.42	1407.74
2094.23	1390
2095.03	1417.12
2095.84	1391.38
2096.64	1398.78
2097.45	1384.76
2098.25	1390.74
2099.05	1396.14
2099.86	1380.12
