150.31	2652.14
151.606	2703
152.902	2713
154.198	2748.71
155.492	2728.14
156.787	2717.57
158.081	2663.29
159.376	2627.57
160.669	2613.29
161.962	2607.86
163.256	2596.14
164.548	2618.14
165.841	2613
167.133	2626.43
168.424	2625.29
169.715	2580.14
171.006	2595
172.297	2599.57
173.587	2621
174.877	2591.29
176.166	2607.29
177.456	2594.43
178.745	2586.71
180.033	2620.71
181.321	2583.29
182.609	2595.86
183.897	2612.43
185.184	2627
186.471	2601.86
187.757	2625.29
189.044	2617.29
190.33	2619
191.615	2651.29
192.9	2668.43
194.185	2610.71
195.469	2608.43
196.753	2589.57
198.037	2567.29
199.321	2551
200.604	2569.29
201.887	2568.71
203.17	2573.29
204.451	2578.43
205.733	2565.86
207.014	2573.29
208.296	2582.14
209.576	2558.43
210.856	2604.71
212.137	2577
213.417	2599.86
214.696	2597.86
215.975	2613.29
217.253	2602.14
218.532	2616.14
219.81	2636.43
221.088	2686.14
222.365	2660.14
223.642	2681.86
224.919	2695.57
226.195	2739.29
227.471	2815
228.747	2835.87
230.022	2908.46
231.297	2945.04
232.572	2951.06
233.846	2951.36
235.12	2889.95
236.394	2863.1
237.667	2857.98
238.94	2834.28
240.213	2859.72
241.485	2876.31
242.757	2888.03
244.029	2924.33
245.3	2970.06
246.571	2968.65
247.842	3043.24
249.112	3043.82
250.381	3096.69
251.651	3160.71
252.921	3187.87
254.189	3221.88
255.457	3209.61
256.726	3312.2
257.994	3367.93
259.261	3445.65
260.529	3501.38
261.796	3598.54
263.062	3654.27
264.329	3715.43
265.595	3787.73
266.86	3823.17
268.125	3857.19
269.39	3834.34
270.655	3787.79
271.919	3646.37
273.182	3565.25
274.446	3411.55
275.71	3281.85
276.973	3169
278.234	3066.16
279.497	2965.89
280.759	2913.62
282.021	2845.06
283.281	2776.51
284.543	2769.09
285.803	2737.11
287.063	2688.26
288.322	2680.85
289.583	2667.15
290.842	2634.88
292.101	2659.47
293.358	2660.62
294.617	2640.07
295.875	2652.65
297.133	2642.38
298.389	2653.54
299.647	2651.56
300.903	2680.43
302.159	2720.73
303.415	2702.74
304.67	2714.76
305.925	2700.2
307.18	2719.93
308.435	2699.94
309.689	2689.67
310.943	2693.4
312.196	2704.56
313.45	2705.15
314.702	2682.3
315.954	2730.6
317.207	2682.9
318.459	2695.78
319.71	2717.79
320.961	2714.95
322.212	2687.54
323.463	2696.41
324.712	2628.14
325.962	2612.72
327.211	2569.02
328.461	2518.18
329.71	2471.62
330.958	2483.35
332.207	2470.51
333.454	2446.81
334.702	2460.25
335.949	2425.98
337.196	2478.57
338.442	2462.87
339.688	2446.88
340.933	2443.47
342.179	2472.63
343.424	2458.36
344.67	2446.09
345.914	2465.24
347.158	2478.69
348.402	2494.42
349.645	2513
350.888	2540.73
352.131	2538.75
353.373	2540.76
354.616	2539.92
355.857	2528.79
357.099	2534.52
358.34	2487.68
359.58	2519.69
360.821	2497.14
362.061	2506.01
363.301	2496.31
364.54	2526.04
365.78	2497.19
367.019	2537.21
368.257	2588.65
369.495	2599.52
370.733	2657.25
371.97	2684.13
373.208	2679.85
374.444	2635.58
375.681	2543.03
376.917	2496.47
378.153	2500.48
379.389	2456.79
380.623	2448.8
381.858	2454.81
383.092	2433.12
384.327	2422.84
385.561	2456.86
386.794	2437.45
388.027	2450.32
389.26	2460.05
390.492	2466.06
391.724	2452.65
392.956	2480.38
394.188	2470.39
395.419	2508.98
396.65	2487.56
397.88	2535.86
399.11	2536.45
400.341	2535.04
401.57	2551.05
402.799	2547.07
404.028	2549.37
405.257	2569.09
406.484	2641.11
407.712	2662.27
408.94	2677.71
410.167	2662.87
411.394	2621.17
412.621	2593.76
413.847	2555.77
415.073	2557.5
416.298	2544.66
417.523	2550.96
418.749	2545.54
419.973	2549.56
421.197	2545.86
422.421	2558.44
423.644	2564.17
424.867	2541.9
426.091	2549.06
427.313	2569.65
428.536	2572.23
429.757	2556.53
430.979	2591.69
432.201	2581.99
433.421	2578.86
434.642	2571.73
435.862	2571.46
437.082	2544.05
438.301	2591.49
439.52	2584.65
440.739	2628.38
441.958	2632.4
443.176	2614.98
444.394	2663.85
445.612	2687.01
446.83	2767.88
448.046	2826.75
449.263	2929.63
450.479	3060.78
451.695	3182.51
452.911	3339.1
454.126	3349.11
455.341	3373.7
456.556	3325.43
457.77	3181.44
458.985	3052.03
460.198	2960.62
461.411	2880.92
462.624	2784.65
463.837	2762.95
465.05	2756.39
466.262	2728.12
467.473	2688.7
468.685	2686.43
469.896	2684.45
471.106	2685.03
472.317	2665.34
473.527	2691.06
474.737	2639.36
475.946	2645.38
477.155	2672.82
478.364	2688.84
479.573	2753.71
480.781	2867.44
481.988	3017.17
483.195	3065.18
484.403	3048.91
485.609	2897.21
486.816	2759.23
488.022	2673.24
489.227	2591.26
490.434	2593.84
491.639	2551.29
492.844	2517.3
494.048	2518.17
495.252	2533.62
496.456	2538.77
497.66	2545.65
498.863	2545.37
500.065	2544.25
501.268	2515.98
502.47	2513.42
503.672	2531.72
504.874	2495.73
506.075	2503.18
507.275	2519.76
508.476	2539.49
509.677	2576.36
510.876	2644.38
512.076	2648.97
513.275	2606.98
514.474	2605.85
515.673	2555.29
516.871	2539.02
518.069	2522.75
519.267	2507.91
520.464	2524.5
521.661	2531.08
522.857	2513.95
524.054	2495.68
525.25	2528.56
526.445	2518
527.641	2540.3
528.836	2535.74
530.031	2504.33
531.225	2539.77
532.42	2548.64
533.613	2600.66
534.807	2570.1
536	2582.97
537.192	2619.27
538.384	2614.43
539.576	2608.45
540.768	2631.32
541.96	2651.05
543.151	2703.06
544.342	2726.22
545.532	2749.38
546.723	2820.54
547.912	2858.84
549.102	2945.42
550.291	3024.87
551.479	3131.45
552.668	3238.61
553.856	3325.2
555.045	3413.78
556.232	3438.37
557.419	3380.38
558.606	3337.54
559.793	3197.27
560.979	3116.14
562.165	3052.16
563.35	2967.03
564.536	2901.9
565.721	2851.91
566.906	2808.5
568.09	2780.8
569.274	2738.82
570.457	2717.4
571.64	2736.27
572.824	2718.57
574.007	2729.73
575.189	2775.46
576.37	2810.9
577.552	2890.06
578.734	2978.93
579.915	3054.38
581.096	3082.11
582.276	3072.12
583.456	3018.14
584.636	2963.58
585.816	2921.31
586.995	2876.47
588.173	2834.77
589.352	2811.35
590.53	2763.37
591.708	2740.52
592.886	2715.68
594.063	2675.13
595.239	2685.14
596.416	2650.3
597.592	2648.03
598.768	2660.33
599.944	2638.63
601.119	2609.5
602.294	2617.23
603.469	2588.39
604.643	2606.97
605.817	2596.42
606.99	2586.72
608.163	2567.02
609.336	2553.6
610.509	2586.48
611.682	2567.06
612.853	2546.79
614.026	2566.81
615.197	2578.53
616.368	2567.41
617.539	2561.99
618.709	2554.58
619.879	2559.45
621.049	2559.18
622.218	2577.19
623.388	2575.49
624.557	2603.8
625.725	2581.24
626.893	2580.4
628.061	2580.7
629.229	2510.43
630.396	2495.87
631.563	2511.88
632.729	2519.61
633.895	2533.63
635.062	2549.93
636.227	2543.37
637.392	2533.39
638.557	2591.97
639.722	2585.99
640.886	2613.43
642.05	2594.87
643.214	2561.75
644.377	2552.33
645.54	2557.77
646.703	2529.79
647.865	2533.8
649.027	2524.68
650.189	2529.26
651.35	2516.42
652.511	2543.86
653.672	2541.59
654.833	2531.89
655.993	2546.76
657.153	2525.92
658.312	2541.37
659.472	2537.67
660.631	2551.97
661.789	2567.98
662.947	2570.28
664.105	2549.44
665.262	2577.17
666.42	2568.04
667.576	2552.63
668.734	2545.5
669.89	2529.51
671.046	2524.1
672.201	2551.26
673.357	2549.84
674.512	2545.29
675.667	2520.16
676.821	2570.74
677.975	2553.05
679.129	2531.35
680.282	2556.5
681.435	2557.38
682.588	2571.1
683.741	2523.4
684.893	2556.56
686.045	2549.15
687.196	2554.59
688.347	2538.04
689.498	2550.34
690.649	2530.35
691.799	2577.22
692.949	2550.67
694.099	2572.68
695.248	2574.12
696.396	2561.57
697.545	2601.87
698.694	2593.88
699.842	2584.75
700.989	2635.63
702.137	2638.5
703.284	2604.8
704.43	2613.96
705.577	2622.26
706.723	2596.27
707.869	2598
709.014	2653.44
710.159	2624.03
711.305	2657.47
712.449	2632.34
713.593	2637.22
714.737	2636.09
715.881	2648.1
717.024	2693.83
718.167	2666.7
719.309	2686.72
720.452	2673.59
721.594	2700.75
722.735	2677.91
723.876	2712.78
725.018	2683.94
726.158	2649.09
727.299	2639.39
728.439	2641.98
729.579	2612.28
730.718	2620.87
731.857	2582.6
732.996	2539.47
734.134	2555.2
735.273	2569.5
736.411	2549.51
737.548	2548.1
738.685	2562.97
739.823	2520.98
740.959	2556.71
742.095	2551.59
743.231	2534.74
744.367	2518.47
745.502	2541.92
746.637	2503.65
747.771	2531.66
748.906	2509.1
750.04	2532.83
751.173	2519.13
752.308	2492
753.441	2504.59
754.574	2507.18
755.705	2516.33
756.838	2529.49
757.97	2531.51
759.101	2506.66
760.232	2509.25
761.364	2518.41
762.494	2528.42
763.624	2507.87
764.754	2535.31
765.883	2513.04
767.013	2518.77
768.143	2518.5
769.271	2523.37
770.399	2526.81
771.527	2551.97
772.655	2518.56
773.782	2520
774.909	2551.16
776.036	2564.6
777.162	2525.19
778.289	2503.49
779.415	2523.5
780.54	2535.8
781.666	2540.96
782.791	2510.4
783.915	2513.85
785.039	2548.43
786.163	2534.45
787.287	2557.32
788.411	2546.19
789.533	2531.63
790.656	2559.36
791.778	2552.81
792.9	2546.82
794.022	2536.55
795.144	2538.85
796.265	2536.58
797.386	2541.17
798.506	2532.04
799.626	2557.48
800.746	2564.35
801.866	2564.94
802.985	2581.53
804.104	2557.54
805.223	2538.98
806.341	2553.86
807.459	2562.16
808.577	2595.03
809.694	2590.47
810.811	2572.77
811.928	2586.5
813.044	2625.94
814.16	2661.39
815.277	2642.26
816.392	2635.7
817.507	2623.72
818.622	2633.73
819.737	2607.75
820.851	2592.33
821.964	2608.92
823.078	2626.36
824.192	2617.81
825.304	2660.96
826.417	2658.69
827.53	2686.99
828.642	2685.86
829.754	2696.17
830.865	2741.32
831.976	2716.48
833.087	2753.92
834.197	2769.65
835.308	2808.81
836.417	2821.11
837.527	2825.98
838.636	2854
839.745	2937.16
840.854	2937.17
841.962	2927.18
843.07	2971.77
844.177	3045.21
845.284	3052.37
846.392	3133.24
847.499	3166.12
848.605	3238.99
849.711	3233.29
850.817	3223.02
851.922	3209.32
853.028	3163.33
854.132	3170.2
855.237	3207.65
856.341	3216.23
857.445	3311.68
858.549	3386.26
859.653	3464.28
860.755	3582.86
861.858	3771.45
862.96	4038.89
864.062	4339.48
865.164	4820.64
866.266	5398.94
867.367	5977.52
868.468	6588.68
869.568	6927.27
870.669	6902.71
871.768	6654.15
872.868	6183.88
873.967	5673.9
875.066	5158.2
876.165	4751.36
877.263	4351.66
878.361	4048.24
879.458	3773.4
880.557	3545.13
881.653	3363.72
882.75	3223.44
883.847	3105.17
884.943	3011.76
886.038	2949.49
887.134	2909.79
888.229	2878.09
889.325	2840.39
890.419	2774.12
891.513	2797.28
892.607	2768.15
893.701	2745.88
894.794	2757.89
895.888	2723.91
896.98	2707.35
898.073	2675.94
899.165	2665.95
900.257	2697.68
901.349	2694.84
902.44	2682
903.53	2703.44
904.621	2693.17
905.711	2702.9
906.802	2703.48
907.891	2740.64
908.981	2752.94
910.07	2742.1
911.158	2759.54
912.247	2761.84
913.335	2755.86
914.423	2747.59
915.51	2794.74
916.597	2806.47
917.684	2805.63
918.771	2838.22
919.857	2865.38
920.943	2888.53
922.029	2971.12
923.114	3032.56
924.199	3115.15
925.284	3181.45
926.368	3265.75
927.453	3322.62
928.537	3380.35
929.62	3351.51
930.703	3315.81
931.786	3232.39
932.868	3162.98
933.95	3058.14
935.032	3031.87
936.114	2903.31
937.196	2854.18
938.277	2818.2
939.357	2785.64
940.438	2753.66
941.518	2675.96
942.598	2704.54
943.678	2672.84
944.756	2631.43
945.835	2603.44
946.914	2626.03
947.992	2600.62
949.07	2587.2
950.148	2556.65
951.225	2579.23
952.302	2546.68
953.379	2525.55
954.456	2523.85
955.531	2523.01
956.608	2509.59
957.683	2498.46
958.758	2477.33
959.833	2480.49
960.908	2479.94
961.982	2477.38
963.056	2466.82
964.13	2478.84
965.203	2456.57
966.276	2477.72
967.349	2437.45
968.421	2457.47
969.493	2438.34
970.565	2477.21
971.636	2454.65
972.708	2452.1
973.779	2468.4
974.849	2448.41
975.92	2465
976.99	2456.73
978.06	2467.6
979.129	2459.9
980.198	2466.2
981.267	2481.64
982.336	2471.66
983.404	2486.82
984.471	2475.4
985.539	2465.13
986.606	2492.29
987.673	2513.73
988.739	2520.6
989.806	2496.33
990.872	2501.49
991.938	2526.94
993.003	2540.95
994.069	2509.54
995.133	2534.69
996.198	2554.14
997.262	2602.72
998.326	2572.17
999.39	2617.61
1000.45	2663.91
1001.52	2644.5
1002.58	2607.37
1003.64	2611.1
1004.7	2600.54
1005.77	2595.7
1006.83	2567.43
1007.89	2591.44
1008.95	2578.31
1010.01	2565.19
1011.07	2547.77
1012.13	2541.79
1013.19	2524.94
1014.25	2533.25
1015.31	2563.26
1016.37	2553.56
1017.42	2535.86
1018.48	2539.3
1019.54	2502.46
1020.6	2521.05
1021.65	2498.78
1022.71	2509.08
1023.77	2523.09
1024.82	2549.39
1025.88	2532.26
1026.94	2553.71
1027.99	2560.01
1029.05	2562.88
1030.1	2554.04
1031.16	2605.48
1032.21	2589.5
1033.26	2608.08
1034.32	2625.81
1035.37	2656.11
1036.42	2677.55
1037.48	2715
1038.53	2725.01
1039.58	2815.03
1040.63	2824.76
1041.68	2905.06
1042.74	3019.93
1043.79	3132.23
1044.84	3313.39
1045.89	3483.69
1046.94	3677.42
1047.99	3888
1049.04	3900.87
1050.09	3821.18
1051.13	3637.19
1052.18	3396.06
1053.23	3203.79
1054.28	3098.38
1055.33	2919.53
1056.37	2806.12
1057.42	2758.14
1058.47	2671.86
1059.51	2673.31
1060.56	2622.47
1061.6	2633.05
1062.65	2622.78
1063.7	2649.65
1064.74	2652.24
1065.78	2693.4
1066.83	2730.27
1067.87	2750.28
1068.92	2743.73
1069.96	2798.6
1071	2807.47
1072.04	2816.91
1073.09	2765.5
1074.13	2718.94
1075.17	2625.24
1076.21	2580.4
1077.25	2542.99
1078.29	2514.43
1079.34	2532.73
1080.38	2463.03
1081.42	2484.48
1082.45	2470.2
1083.49	2469.65
1084.53	2472.52
1085.57	2458.25
1086.61	2487.69
1087.65	2451.13
1088.69	2444.29
1089.72	2462.31
1090.76	2456.61
1091.8	2446.62
1092.84	2437.21
1093.87	2430.08
1094.91	2430.38
1095.94	2450.11
1096.98	2454.12
1098.01	2439.28
1099.05	2447.3
1100.08	2463.31
1101.12	2496.47
1102.15	2518.48
1103.19	2496.5
1104.22	2501.66
1105.25	2535.1
1106.29	2550.26
1107.32	2547.13
1108.35	2584.57
1109.38	2601.16
1110.41	2588.32
1111.44	2596.05
1112.48	2623.77
1113.51	2579.5
1114.54	2578.95
1115.57	2560.96
1116.6	2624.12
1117.63	2618.42
1118.65	2657.29
1119.68	2687.88
1120.71	2733.89
1121.74	2730.76
1122.77	2760.49
1123.8	2725.37
1124.82	2747.95
1125.85	2692.82
1126.88	2672.84
1127.9	2640.85
1128.93	2606.87
1129.96	2581.74
1130.98	2528.33
1132.01	2489.77
1133.03	2501.78
1134.06	2495.51
1135.08	2466.96
1136.11	2471.26
1137.13	2463.56
1138.15	2435.29
1139.18	2437.59
1140.2	2425.89
1141.22	2431.04
1142.24	2445.35
1143.27	2453.65
1144.29	2440.23
1145.31	2397.39
1146.33	2439.69
1147.35	2453.13
1148.37	2411.43
1149.39	2446.59
1150.41	2436.61
1151.43	2432.62
1152.45	2418.06
1153.47	2423.51
1154.49	2398.09
1155.51	2436.11
1156.53	2408.41
1157.54	2401
1158.56	2413.87
1159.58	2385.02
1160.59	2403.33
1161.61	2386.2
1162.63	2404.21
1163.64	2421.94
1164.66	2395.1
1165.68	2409.4
1166.69	2367.41
1167.71	2354.29
1168.72	2378.3
1169.73	2356.89
1170.75	2343.76
1171.76	2349.49
1172.78	2348.07
1173.79	2322.66
1174.8	2349.53
1175.81	2378.12
1176.83	2377.56
1177.84	2429
1178.85	2454.73
1179.86	2424.75
1180.87	2397.62
1181.88	2381.64
1182.89	2379.08
1183.9	2348.81
1184.91	2347.11
1185.92	2342.27
1186.93	2341.99
1187.94	2330.87
1188.95	2344.02
1189.96	2351.47
1190.97	2351.48
1191.97	2359.5
1192.98	2387.51
1193.99	2381.53
1195	2407.83
1196	2432.41
1197.01	2419.86
1198.01	2432.44
1199.02	2443.03
1200.03	2455.33
1201.03	2468.77
1202.04	2438.22
1203.04	2485.94
1204.04	2465.39
1205.05	2460.55
1206.05	2445.7
1207.06	2444.29
1208.06	2466.88
1209.06	2466.89
1210.06	2435.19
1211.07	2406.63
1212.07	2425.22
1213.07	2410.09
1214.07	2404.11
1215.07	2394.12
1216.07	2428.42
1217.07	2433.01
1218.07	2449.02
1219.07	2459.9
1220.07	2473.34
1221.07	2502.21
1222.07	2523.94
1223.07	2545.38
1224.07	2532.54
1225.07	2543.41
1226.06	2604.57
1227.06	2588.01
1228.06	2594.03
1229.06	2612.33
1230.05	2612.92
1231.05	2626.36
1232.04	2664.94
1233.04	2638.67
1234.04	2631.55
1235.03	2692.42
1236.03	2672.72
1237.02	2755.69
1238.01	2807.94
1239.01	2850.59
1240	2834.42
1241	2877.97
1241.99	2821.44
1242.98	2807.27
1243.97	2765.07
1244.97	2735.54
1245.96	2707.09
1246.95	2656.88
1247.94	2619.76
1248.93	2594.89
1249.92	2570.59
1250.91	2548.48
1251.9	2548.59
1252.89	2537.42
1253.88	2500.47
1254.87	2487.94
1255.86	2478.48
1256.85	2465.48
1257.84	2459.99
1258.83	2446.98
1259.81	2437.85
1260.8	2429.72
1261.79	2436.94
1262.78	2456.1
1263.76	2454.79
1264.75	2486.88
1265.73	2488.13
1266.72	2498.91
1267.71	2505.74
1268.69	2505.3
1269.68	2521.55
1270.66	2530.55
1271.65	2522.12
1272.63	2514.12
1273.61	2505.8
1274.6	2524.3
1275.58	2505.12
1276.56	2511.35
1277.55	2537.12
1278.53	2540.7
1279.51	2559.54
1280.49	2591.98
1281.47	2632.59
1282.45	2686.92
1283.43	2740.96
1284.42	2774.83
1285.4	2812.46
1286.38	2841.1
1287.35	2842.21
1288.33	2825.01
1289.06	2809.43
1290.08	2787.64
1291.1	2696.7
1292.12	2657.2
1293.14	2578.26
1294.16	2564.47
1295.17	2490.39
1296.19	2470.59
1297.21	2451.08
1298.23	2409.86
1299.25	2388.64
1300.27	2379.13
1301.28	2348.2
1302.3	2341.55
1303.32	2332.61
1304.33	2333.96
1305.35	2323.59
1306.37	2323.23
1307.38	2294.86
1308.4	2294.79
1309.41	2289.28
1310.43	2290.34
1311.44	2306.55
1312.46	2278.47
1313.47	2260.1
1314.49	2292.88
1315.5	2284.52
1316.51	2262.44
1317.53	2258.36
1318.54	2246.56
1319.55	2287.91
1320.57	2282.12
1321.58	2282.04
1322.59	2247.68
1323.6	2245.31
1324.61	2227.8
1325.63	2232.58
1326.64	2197.07
1327.65	2194.71
1328.66	2161.77
1329.67	2181.98
1330.68	2168.47
1331.69	2157.54
1332.7	2170.31
1333.71	2175.09
1334.72	2185.87
1335.72	2170.93
1336.73	2161.14
1337.74	2183.06
1338.75	2146.41
1339.76	2140.04
1340.76	2156.25
1341.77	2134.74
1342.78	2128.38
1343.79	2128.01
1344.79	2107.08
1345.8	2123.86
1346.8	2124.35
1347.81	2094.27
1348.82	2109.33
1349.82	2119.82
1350.83	2084.89
1351.83	2102.24
1352.84	2084.16
1353.84	2087.79
1354.84	2100.57
1355.85	2072.49
1356.85	2085.27
1357.85	2091.76
1358.86	2097.11
1359.86	2076.46
1360.86	2114.67
1361.86	2113.45
1362.87	2103.94
1363.87	2107.86
1364.87	2120.35
1365.87	2117.99
1366.87	2089.34
1367.87	2098.11
1368.87	2107.46
1369.87	2103.1
1370.87	2097.3
1371.87	2124.37
1372.87	2115.43
1373.87	2099.92
1374.87	2098.42
1375.87	2122.91
1376.87	2117.69
1377.86	2092.46
1378.86	2141.53
1379.86	2102.59
1380.86	2105.94
1381.85	2068.43
1382.85	2097.78
1383.85	2077.13
1384.84	2083.34
1385.84	2063.83
1386.84	2076.04
1387.83	2067.39
1388.83	2051.02
1389.82	2065.23
1390.82	2076.86
1391.81	2072.78
1392.81	2084.99
1393.8	2111.48
1394.79	2095.4
1395.79	2140.75
1396.78	2124.1
1397.77	2149.45
1398.77	2161.66
1399.76	2205.58
1400.75	2273.79
1401.74	2287.14
1402.74	2286.48
1403.73	2312.69
1404.72	2283.75
1405.71	2241.68
1406.7	2202.17
1407.69	2190.37
1408.68	2165.72
1409.67	2146.22
1410.66	2138.99
1411.65	2125.77
1412.64	2139.12
1413.63	2124.76
1414.62	2150.68
1415.61	2122.6
1416.59	2144.8
1417.58	2097.3
1418.57	2109.5
1419.56	2092.85
1420.55	2088.2
1421.53	2094.69
1422.52	2115.19
1423.51	2083.11
1424.49	2101.6
1425.48	2120.66
1426.46	2119.16
1427.45	2109.65
1428.43	2152.14
1429.42	2172.06
1430.4	2173.98
1431.39	2180.47
1432.37	2184.4
1433.36	2178.32
1434.34	2194.52
1435.32	2211.59
1436.31	2226.94
1437.29	2235.14
1438.27	2221.92
1439.26	2180.13
1440.24	2179.76
1441.22	2167.11
1442.2	2158.46
1443.18	2176.67
1444.16	2195.44
1445.14	2232.22
1446.12	2277
1447.11	2316.92
1448.09	2432.56
1449.07	2493.05
1450.05	2606.4
1451.02	2636.6
1452	2661.95
1452.98	2597.59
1453.96	2566.94
1454.94	2508.29
1455.92	2426.78
1456.9	2411.56
1457.87	2356.62
1458.85	2314.83
1459.83	2308.75
1460.81	2229.81
1461.78	2236.02
1462.76	2188.8
1463.73	2178.43
1464.71	2154.35
1465.69	2111.13
1466.66	2098.77
1467.64	2096.69
1468.61	2074.04
1469.59	2035.67
1470.56	2023.31
1471.54	2012.66
1472.51	1992.29
1473.48	2002.5
1474.46	1988.99
1475.43	1971.48
1476.4	1973.4
1477.37	1913.04
1478.35	1889.24
1479.32	1922.88
1480.29	1883.37
1481.26	1881.86
1482.23	1891.5
1483.21	1872.28
1484.18	1877.63
1485.15	1868.98
1486.12	1876.9
1487.09	1857.67
1488.06	1870.74
1489.03	1862.66
1490	1848.29
1490.97	1850.5
1491.93	1856.42
1492.9	1865.2
1493.87	1860.26
1494.84	1867.04
1495.81	1875.25
1496.77	1852.31
1497.74	1836.52
1498.71	1832.72
1499.68	1844.93
1500.64	1807.99
1501.61	1805.92
1502.58	1813.27
1503.54	1800.9
1504.51	1809.11
1505.47	1797.6
1506.44	1784.66
1507.4	1786.3
1508.37	1799.65
1509.33	1791.85
1510.3	1807.49
1511.26	1783.7
1512.22	1787.33
1513.19	1814.97
1514.15	1822.03
1515.11	1795.95
1516.08	1834.44
1517.04	1829.79
1518	1825.14
1518.96	1796.78
1519.92	1823.27
1520.88	1803.47
1521.85	1803.4
1522.81	1800.17
1523.77	1776.09
1524.73	1777.73
1525.69	1785.94
1526.65	1791.29
1527.61	1787.21
1528.57	1792.27
1529.53	1773.91
1530.48	1763.54
1531.44	1746.03
1532.4	1747.38
1533.36	1773.02
1534.32	1739.79
1535.28	1769.14
1536.23	1762.78
1537.19	1762.99
1538.15	1755.76
1539.1	1766.54
1540.06	1748.18
1541.02	1754.95
1541.97	1739.73
1542.93	1739.65
1543.88	1726.72
1544.84	1740.35
1545.79	1732.27
1546.75	1745.05
1547.7	1713.83
1548.66	1738.89
1549.61	1731.1
1550.56	1729.02
1551.52	1752.08
1552.47	1738.58
1553.42	1754.21
1554.38	1753.85
1555.33	1739.2
1556.28	1744.83
1557.23	1766.75
1558.18	1750.39
1559.14	1741.45
1560.09	1765.37
1561.04	1770.72
1561.99	1754.93
1562.94	1757.13
1563.89	1747.34
1564.84	1712.12
1565.79	1731.47
1566.74	1725.1
1567.69	1717.59
1568.64	1753.8
1569.59	1732.01
1570.53	1727.36
1571.48	1724.42
1572.43	1732.06
1573.38	1717.98
1574.33	1734.18
1575.27	1711.82
1576.22	1710.6
1577.17	1716.52
1578.11	1691.87
1579.06	1720.07
1580	1725.99
1580.95	1730.2
1581.9	1707.55
1582.84	1690.9
1583.79	1713.39
1584.73	1704.17
1585.67	1701.52
1586.62	1714.87
1587.56	1690.22
1588.51	1690.71
1589.45	1691.2
1590.39	1708.27
1591.34	1669.04
1592.28	1663.54
1593.22	1671.17
1594.16	1693.95
1595.11	1676.44
1596.05	1695.5
1596.99	1651.43
1597.93	1646.49
1598.87	1687.27
1599.81	1672.9
1600.75	1664.54
1601.69	1662.46
1602.63	1657.52
1603.57	1672.87
1604.51	1661.65
1605.45	1681
1606.39	1682.06
1607.33	1702.84
1608.27	1706.48
1609.21	1714.11
1610.14	1710.32
1611.08	1713.95
1612.02	1701.3
1612.96	1659.22
1613.89	1671.71
1614.83	1661.92
1615.77	1655.84
1616.7	1655.19
1617.64	1672.83
1618.58	1642.75
1619.51	1626.38
1620.45	1659.45
1621.38	1638.51
1622.32	1622.72
1623.25	1636.92
1624.19	1614.56
1625.12	1621.62
1626.05	1616.4
1626.99	1626.61
1627.92	1621.96
1628.85	1609.3
1629.79	1632.65
1630.72	1636
1631.65	1641.92
1632.58	1646.7
1633.52	1656.62
1634.45	1679.4
1635.38	1664.46
1636.31	1691.81
1637.24	1696.59
1638.17	1711.08
1639.1	1693.86
1640.03	1671.78
1640.96	1681.7
1641.89	1671.34
1642.82	1631.83
1643.75	1625.18
1644.68	1619.67
1645.61	1599.88
1646.54	1600.66
1647.46	1586.86
1648.39	1571.93
1649.32	1573.28
1650.25	1572.63
1651.17	1553.98
1652.1	1569.9
1653.03	1587.53
1653.95	1564.02
1654.88	1558.52
1655.81	1551.01
1656.73	1539.79
1657.66	1526.56
1658.58	1535.63
1659.51	1526.41
1660.43	1542.61
1661.36	1543.96
1662.28	1541.6
1663.21	1553.52
1664.13	1510.01
1665.05	1526.5
1665.98	1519.28
1666.9	1522.06
1667.82	1511.41
1668.74	1530.19
1669.67	1538.96
1670.59	1528.03
1671.51	1511.66
1672.43	1523.87
1673.35	1495.22
1674.27	1550.57
1675.19	1503.92
1676.12	1487.55
1677.04	1529.76
1677.96	1504.54
1678.88	1504.46
1679.79	1493.24
1680.71	1493.16
1681.63	1502.22
1682.55	1501.28
1683.47	1515.78
1684.39	1497.7
1685.31	1499.62
1686.23	1471.82
1687.14	1493.46
1688.06	1490.81
1688.98	1497.02
1689.89	1491.51
1690.81	1495.43
1691.73	1492.49
1692.64	1465.56
1693.56	1487.76
1694.48	1484.54
1695.39	1469.6
1696.31	1484.67
1697.22	1473.16
1698.14	1463.37
1699.05	1484.14
1699.96	1466.35
1700.88	1471.7
1701.79	1474.19
1702.7	1454.68
1703.62	1475.75
1704.53	1473.1
1705.44	1468.45
1706.36	1448.65
1707.27	1467.15
1708.18	1483.07
1709.09	1454.99
1710	1470.62
1710.92	1471.4
1711.83	1477.89
1712.74	1473.53
1713.65	1449.45
1714.56	1481.94
1715.47	1492.72
1716.38	1469.78
1717.29	1465.7
1718.2	1464.77
1719.11	1488.12
1720.01	1466.32
1720.92	1463.1
1721.83	1492.45
1722.74	1489.51
1723.65	1505.43
1724.56	1513.36
1725.46	1529.28
1726.37	1528.91
1727.28	1541.97
1728.18	1573.32
1729.09	1607.25
1730	1661.45
1730.9	1710.23
1731.81	1735.58
1732.71	1751.21
1733.62	1745.99
1734.52	1728.77
1735.43	1701.55
1736.33	1684.61
1737.24	1673.39
1738.14	1666.74
1739.04	1649.8
1739.95	1641.72
1740.85	1642.79
1741.75	1662.14
1742.66	1647.2
1743.56	1641.69
1744.46	1607.61
1745.36	1629.25
1746.26	1614.88
1747.17	1627.66
1748.07	1572.44
1748.97	1563.22
1749.87	1580.57
1750.77	1559.34
1751.67	1546.41
1752.57	1523.76
1753.47	1528.25
1754.37	1529.6
1755.27	1514.66
1756.17	1513.73
1757.07	1492.79
1757.97	1470.43
1758.86	1470.92
1759.76	1479.41
1760.66	1449.05
1761.56	1430.97
1762.45	1453.74
1763.35	1409.95
1764.25	1418.16
1765.15	1431.79
1766.04	1409.71
1766.94	1405.63
1767.83	1394.7
1768.73	1374.33
1769.63	1364.25
1770.52	1362.17
1771.42	1340.67
1772.31	1354.87
1773.2	1369.65
1774.1	1339.86
1774.99	1332.64
1775.89	1337.13
1776.78	1332.76
1777.67	1355.83
1778.57	1339.75
1779.46	1327.1
1780.35	1329.3
1781.24	1316.65
1782.14	1326.29
1783.03	1310.78
1783.92	1316.13
1784.81	1326.62
1785.7	1312.26
1786.59	1289.03
1787.48	1306.96
1788.37	1312.3
1789.26	1311.37
1790.15	1303.29
1791.04	1296.64
1791.93	1285.99
1792.82	1288.19
1793.71	1300.4
1794.6	1290.32
1795.49	1295.1
1796.38	1283.31
1797.26	1281.23
1798.15	1294.86
1799.04	1287.07
1799.93	1288.99
1800.81	1271.2
1801.7	1270.26
1802.59	1288.18
1803.47	1273.53
1804.36	1272.88
1805.24	1269.09
1806.13	1279.01
1807.02	1296.64
1807.9	1269.42
1808.79	1240.77
1809.67	1242.4
1810.55	1269.18
1811.44	1247.39
1812.32	1263.88
1813.21	1262.37
1814.09	1258.87
1814.97	1242.79
1815.86	1262.14
1816.74	1241.77
1817.62	1252.83
1818.5	1259.33
1819.38	1258.39
1820.27	1237.17
1821.15	1248.52
1822.03	1233.01
1822.91	1228.07
1823.79	1248.85
1824.67	1241.06
1825.55	1234.12
1826.43	1232.9
1827.31	1214.25
1828.19	1224.46
1829.07	1220.95
1829.95	1217.15
1830.83	1221.36
1831.71	1211.57
1832.58	1215.77
1833.46	1201.69
1834.34	1204.47
1835.22	1206.11
1836.1	1195.74
1836.97	1192.24
1837.85	1210.44
1838.73	1186.93
1839.6	1178.28
1840.48	1196.49
1841.35	1192.98
1842.23	1184.62
1843.11	1181.68
1843.98	1182.74
1844.86	1187.81
1845.73	1196.3
1846.6	1185.36
1847.48	1187.86
1848.35	1179.21
1849.23	1172.84
1850.1	1154.76
1850.97	1167.54
1851.85	1165.46
1852.72	1174.24
1853.59	1158.73
1854.46	1172.08
1855.34	1152.57
1856.21	1156.21
1857.08	1168.7
1857.95	1144.62
1858.82	1163.11
1859.69	1161.32
1860.56	1151.81
1861.43	1138.3
1862.3	1159.08
1863.17	1155.86
1864.04	1156.35
1864.91	1144.84
1865.78	1139.91
1866.65	1149.26
1867.52	1137.46
1868.39	1158.53
1869.26	1132.73
1870.13	1144.94
1870.99	1125.43
1871.86	1125.92
1872.73	1138.99
1873.59	1130.91
1874.46	1124.26
1875.33	1119.89
1876.19	1130.96
1877.06	1119.16
1877.93	1136.51
1878.79	1128.43
1879.66	1123.5
1880.52	1124.56
1881.39	1117.05
1882.25	1123.26
1883.12	1106.04
1883.98	1113.96
1884.84	1123.31
1885.71	1110.37
1886.57	1119.44
1887.43	1113.93
1888.3	1125.28
1889.16	1092.91
1890.02	1086.55
1890.89	1106.18
1891.75	1092.96
1892.61	1095.17
1893.47	1100.23
1894.33	1117.01
1895.19	1093.22
1896.05	1094.56
1896.91	1101.34
1897.78	1098.98
1898.64	1081.18
1899.5	1093.68
1900.35	1097.6
1901.21	1095.8
1902.07	1059.44
1902.93	1099.65
1903.79	1084.14
1904.65	1085.77
1905.51	1070.84
1906.37	1070.76
1907.22	1078.11
1908.08	1070.6
1908.94	1069.09
1909.8	1070.73
1910.65	1089.5
1911.51	1081.71
1912.36	1057.35
1913.22	1076.7
1914.08	1068.62
1914.93	1038.54
1915.79	1049.32
1916.64	1046.09
1917.5	1059.16
1918.35	1051.08
1919.21	1054.14
1920.06	1061.49
1920.92	1042.55
1921.77	1055.9
1922.62	1045.25
1923.48	1054.03
1924.33	1040.52
1925.18	1039.87
1926.03	1048.65
1926.89	1033.14
1927.74	1032.49
1928.59	1028.98
1929.44	1031.48
1930.29	1012.25
1931.14	1037.32
1932	1029.24
1932.85	1017.73
1933.7	1032.79
1934.55	1017
1935.4	1021.21
1936.25	1018.56
1937.1	1015.62
1937.94	1027.83
1938.79	1008.89
1939.64	1022.81
1940.49	1009.02
1941.34	1014.08
1942.19	992.003
1943.04	997.924
1943.88	993.845
1944.73	999.766
1945.58	995.686
1946.42	993.322
1947.27	993.242
1948.12	1004.02
1948.96	989.655
1949.81	986.719
1950.65	972.64
1951.5	1001.13
1952.34	987.053
1953.19	997.545
1954.03	992.323
1954.88	984.815
1955.72	987.593
1956.57	973.228
1957.41	974.578
1958.25	975.927
1959.1	970.991
1959.94	960.055
1960.78	979.404
1961.63	967.325
1962.47	982.674
1963.31	961.452
1964.15	953.659
1964.99	967.58
1965.84	952.072
1966.68	946.278
1967.52	955.342
1968.36	957.263
1969.2	952.612
1970.04	957.39
1970.88	942.168
1971.72	969.518
1972.56	952.295
1973.4	941.645
1974.24	961.566
1975.08	936.058
1975.91	947.693
1976.75	940.185
1977.59	946.106
1978.43	943.455
1979.27	921.091
1980.1	928.44
1980.94	930.361
1981.78	932.853
1982.62	937.917
1983.45	930.123
1984.29	920.615
1985.12	925.393
1985.96	927.028
1986.79	909.235
1987.63	938.87
1988.46	921.934
1989.3	933.569
1990.13	924.061
1990.97	917.41
1991.8	923.903
1992.64	920.395
1993.47	916.316
1994.3	895.379
1995.14	906.729
1995.97	900.364
1996.8	916.57
1997.64	922.206
1998.47	892.698
1999.3	890.047
2000.13	903.397
2000.96	905.603
2001.79	892.953
2002.63	903.73
2003.46	885.651
2004.29	895.572
2005.12	890.064
2005.95	890.557
2006.78	887.906
2007.61	906.97
2008.44	886.319
2009.27	882.24
2010.09	870.446
2010.92	883.224
2011.75	878.574
2012.58	875.352
2013.41	876.987
2014.24	872.05
2015.06	872.828
2015.89	868.464
2016.72	860.099
2017.54	886.019
2018.37	872.512
2019.2	869.29
2020.02	863.782
2020.85	861.417
2021.68	863.052
2022.5	867.544
2023.33	840.322
2024.15	849.672
2024.98	841.307
2025.8	859.799
2026.62	854.863
2027.45	864.783
2028.27	853.276
2029.1	840.625
2029.92	842.832
2030.74	836.467
2031.56	842.102
2032.39	840.308
2033.21	818.515
2034.03	831.864
2034.85	820.357
2035.68	833.706
2036.5	826.198
2037.32	817.833
2038.14	846.897
2038.96	833.389
2039.78	831.024
2040.6	826.659
2041.42	834.58
2042.24	813.072
2043.06	817.565
2043.88	813.2
2044.7	823.121
2045.52	819.899
2046.34	818.962
2047.16	817.455
2047.97	814.232
2048.79	811.582
2049.61	816.646
2050.43	805.995
2051.24	806.487
2052.06	812.408
2052.88	810.329
2053.69	812.821
2054.51	803.028
2055.33	806.377
2056.14	806.012
2056.96	796.504
2057.77	803.282
2058.59	802.917
2059.4	800.552
2060.22	789.045
2061.03	798.965
2061.85	806.315
2062.66	791.093
2063.48	795.014
2064.29	772.077
2065.1	787.427
2065.92	793.633
2066.73	778.983
2067.54	777.475
2068.35	784.253
2069.17	778.459
2069.98	794.666
2070.79	802.015
2071.6	793.079
2072.41	757.285
2073.22	766.921
2074.03	784.841
2074.84	772.762
2075.65	775.254
2076.46	765.747
2077.27	761.667
2078.08	758.731
2078.89	769.223
2079.7	762.573
2080.51	760.779
2081.32	779.557
2082.13	749.764
2082.94	783.97
2083.74	751.32
2084.55	752.669
2085.36	749.447
2086.17	754.511
2086.97	751.86
2087.78	756.067
2088.59	753.416
2089.39	760.194
2090.2	752.972
2091.01	739.464
2091.81	745.671
2092.62	746.449
2093.42	740.941
2094.23	734.005
2095.03	742.783
2095.84	743.561
2096.64	736.91
2097.45	731.688
2098.25	734.752
2099.05	732.958
2099.86	721.45
